sample,mag_trace,mag_trace_clean,trace_id,trace_length,taue,tauc,shift,SNR,std_n
0,-0.5365916517534621,0.0,22,10000,[6873.885565690778],[167.58176393668163],[0.4258169398597689],-20,0.47225383165623097
1,-0.6424381498652821,0.0,22,10000,[6873.885565690778],[167.58176393668163],[0.4258169398597689],-20,0.47225383165623097
2,0.42848638085426394,0.0,22,10000,[6873.885565690778],[167.58176393668163],[0.4258169398597689],-20,0.47225383165623097
3,0.03779539010455505,0.0,22,10000,[6873.885565690778],[167.58176393668163],[0.4258169398597689],-20,0.47225383165623097
4,-0.8739362421862847,0.0,22,10000,[6873.885565690778],[167.58176393668163],[0.4258169398597689],-20,0.47225383165623097
5,-0.7032854909273075,0.0,22,10000,[6873.885565690778],[167.58176393668163],[0.4258169398597689],-20,0.47225383165623097
6,-0.30880711591886906,0.0,22,10000,[6873.885565690778],[167.58176393668163],[0.4258169398597689],-20,0.47225383165623097
7,0.2391539302370113,0.0,22,10000,[6873.885565690778],[167.58176393668163],[0.4258169398597689],-20,0.47225383165623097
8,-0.06409787841876352,0.0,22,10000,[6873.885565690778],[167.58176393668163],[0.4258169398597689],-20,0.47225383165623097
9,-0.4877794596005431,0.0,22,10000,[6873.885565690778],[167.58176393668163],[0.4258169398597689],-20,0.47225383165623097
10,0.9058409708861662,0.0,22,10000,[6873.885565690778],[167.58176393668163],[0.4258169398597689],-20,0.47225383165623097
11,0.44228415645823965,0.0,22,10000,[6873.885565690778],[167.58176393668163],[0.4258169398597689],-20,0.47225383165623097
12,-0.4601928183022839,0.0,22,10000,[6873.885565690778],[167.58176393668163],[0.4258169398597689],-20,0.47225383165623097
13,0.1633352695258564,0.0,22,10000,[6873.885565690778],[167.58176393668163],[0.4258169398597689],-20,0.47225383165623097
14,0.036831746836647215,0.0,22,10000,[6873.885565690778],[167.58176393668163],[0.4258169398597689],-20,0.47225383165623097
15,-0.9839497614125637,0.0,22,10000,[6873.885565690778],[167.58176393668163],[0.4258169398597689],-20,0.47225383165623097
16,-0.6672338787972311,0.0,22,10000,[6873.885565690778],[167.58176393668163],[0.4258169398597689],-20,0.47225383165623097
17,0.11985228603820426,0.0,22,10000,[6873.885565690778],[167.58176393668163],[0.4258169398597689],-20,0.47225383165623097
18,-0.6539814869947048,0.0,22,10000,[6873.885565690778],[167.58176393668163],[0.4258169398597689],-20,0.47225383165623097
19,0.4906869427477411,0.0,22,10000,[6873.885565690778],[167.58176393668163],[0.4258169398597689],-20,0.47225383165623097
20,0.5103741806162344,0.0,22,10000,[6873.885565690778],[167.58176393668163],[0.4258169398597689],-20,0.47225383165623097
21,-0.2376367090498451,0.0,22,10000,[6873.885565690778],[167.58176393668163],[0.4258169398597689],-20,0.47225383165623097
22,-0.033685196851627366,0.0,22,10000,[6873.885565690778],[167.58176393668163],[0.4258169398597689],-20,0.47225383165623097
23,-0.5096496145278956,0.0,22,10000,[6873.885565690778],[167.58176393668163],[0.4258169398597689],-20,0.47225383165623097
24,0.5083072867954697,0.0,22,10000,[6873.885565690778],[167.58176393668163],[0.4258169398597689],-20,0.47225383165623097
25,-0.662938190667328,0.0,22,10000,[6873.885565690778],[167.58176393668163],[0.4258169398597689],-20,0.47225383165623097
26,-0.1213847528591739,0.0,22,10000,[6873.885565690778],[167.58176393668163],[0.4258169398597689],-20,0.47225383165623097
27,-1.0624307201447534,0.0,22,10000,[6873.885565690778],[167.58176393668163],[0.4258169398597689],-20,0.47225383165623097
28,0.5351945406509692,0.0,22,10000,[6873.885565690778],[167.58176393668163],[0.4258169398597689],-20,0.47225383165623097
29,-0.41121880040757375,0.0,22,10000,[6873.885565690778],[167.58176393668163],[0.4258169398597689],-20,0.47225383165623097
30,-0.0019463918566316088,0.0,22,10000,[6873.885565690778],[167.58176393668163],[0.4258169398597689],-20,0.47225383165623097
31,0.4774357831282833,0.0,22,10000,[6873.885565690778],[167.58176393668163],[0.4258169398597689],-20,0.47225383165623097
32,-0.5190500759732185,0.0,22,10000,[6873.885565690778],[167.58176393668163],[0.4258169398597689],-20,0.47225383165623097
33,0.7806040356912683,0.0,22,10000,[6873.885565690778],[167.58176393668163],[0.4258169398597689],-20,0.47225383165623097
34,0.7282340192072353,0.0,22,10000,[6873.885565690778],[167.58176393668163],[0.4258169398597689],-20,0.47225383165623097
35,-0.9865950961967495,0.0,22,10000,[6873.885565690778],[167.58176393668163],[0.4258169398597689],-20,0.47225383165623097
36,-0.6064446634564135,0.0,22,10000,[6873.885565690778],[167.58176393668163],[0.4258169398597689],-20,0.47225383165623097
37,-0.756581148367262,0.0,22,10000,[6873.885565690778],[167.58176393668163],[0.4258169398597689],-20,0.47225383165623097
38,0.814853672800911,0.0,22,10000,[6873.885565690778],[167.58176393668163],[0.4258169398597689],-20,0.47225383165623097
39,-0.10498993954057466,0.0,22,10000,[6873.885565690778],[167.58176393668163],[0.4258169398597689],-20,0.47225383165623097
40,-1.123672028553874,0.0,22,10000,[6873.885565690778],[167.58176393668163],[0.4258169398597689],-20,0.47225383165623097
41,0.0871671170089169,0.0,22,10000,[6873.885565690778],[167.58176393668163],[0.4258169398597689],-20,0.47225383165623097
42,-0.8327704735579903,0.0,22,10000,[6873.885565690778],[167.58176393668163],[0.4258169398597689],-20,0.47225383165623097
43,-0.08379943894720919,0.0,22,10000,[6873.885565690778],[167.58176393668163],[0.4258169398597689],-20,0.47225383165623097
44,-0.19624452691345787,0.0,22,10000,[6873.885565690778],[167.58176393668163],[0.4258169398597689],-20,0.47225383165623097
45,0.2975998240353428,0.0,22,10000,[6873.885565690778],[167.58176393668163],[0.4258169398597689],-20,0.47225383165623097
46,-0.3202911893284453,0.0,22,10000,[6873.885565690778],[167.58176393668163],[0.4258169398597689],-20,0.47225383165623097
47,-0.327272375109954,0.0,22,10000,[6873.885565690778],[167.58176393668163],[0.4258169398597689],-20,0.47225383165623097
48,-0.22835334764110257,0.0,22,10000,[6873.885565690778],[167.58176393668163],[0.4258169398597689],-20,0.47225383165623097
49,-0.5438996548020054,0.0,22,10000,[6873.885565690778],[167.58176393668163],[0.4258169398597689],-20,0.47225383165623097
50,-0.25358633468542735,0.0,22,10000,[6873.885565690778],[167.58176393668163],[0.4258169398597689],-20,0.47225383165623097
51,-0.06296960709088571,0.0,22,10000,[6873.885565690778],[167.58176393668163],[0.4258169398597689],-20,0.47225383165623097
52,0.5451694922896992,0.0,22,10000,[6873.885565690778],[167.58176393668163],[0.4258169398597689],-20,0.47225383165623097
53,-0.47670891109417424,0.0,22,10000,[6873.885565690778],[167.58176393668163],[0.4258169398597689],-20,0.47225383165623097
54,0.28759761775984954,0.0,22,10000,[6873.885565690778],[167.58176393668163],[0.4258169398597689],-20,0.47225383165623097
55,-1.4912544680313882,0.0,22,10000,[6873.885565690778],[167.58176393668163],[0.4258169398597689],-20,0.47225383165623097
56,-0.6606760848270122,0.0,22,10000,[6873.885565690778],[167.58176393668163],[0.4258169398597689],-20,0.47225383165623097
57,0.29503837311993614,0.0,22,10000,[6873.885565690778],[167.58176393668163],[0.4258169398597689],-20,0.47225383165623097
58,0.10355011108972788,0.0,22,10000,[6873.885565690778],[167.58176393668163],[0.4258169398597689],-20,0.47225383165623097
59,-0.44593577073475643,0.0,22,10000,[6873.885565690778],[167.58176393668163],[0.4258169398597689],-20,0.47225383165623097
60,0.33383965850690667,0.0,22,10000,[6873.885565690778],[167.58176393668163],[0.4258169398597689],-20,0.47225383165623097
61,-0.3984917910381923,0.0,22,10000,[6873.885565690778],[167.58176393668163],[0.4258169398597689],-20,0.47225383165623097
62,0.2907731384514023,0.0,22,10000,[6873.885565690778],[167.58176393668163],[0.4258169398597689],-20,0.47225383165623097
63,0.5091922251090064,0.0,22,10000,[6873.885565690778],[167.58176393668163],[0.4258169398597689],-20,0.47225383165623097
64,-0.3014042980826088,0.0,22,10000,[6873.885565690778],[167.58176393668163],[0.4258169398597689],-20,0.47225383165623097
65,-0.0438758630082725,0.0,22,10000,[6873.885565690778],[167.58176393668163],[0.4258169398597689],-20,0.47225383165623097
66,-0.7555947963730696,0.0,22,10000,[6873.885565690778],[167.58176393668163],[0.4258169398597689],-20,0.47225383165623097
67,0.045709895712037665,0.0,22,10000,[6873.885565690778],[167.58176393668163],[0.4258169398597689],-20,0.47225383165623097
68,0.39207796930857625,0.0,22,10000,[6873.885565690778],[167.58176393668163],[0.4258169398597689],-20,0.47225383165623097
69,-0.045525292974377254,0.0,22,10000,[6873.885565690778],[167.58176393668163],[0.4258169398597689],-20,0.47225383165623097
70,-0.31246739858786504,0.0,22,10000,[6873.885565690778],[167.58176393668163],[0.4258169398597689],-20,0.47225383165623097
71,0.6998789358764299,0.0,22,10000,[6873.885565690778],[167.58176393668163],[0.4258169398597689],-20,0.47225383165623097
72,0.11216537324557337,0.0,22,10000,[6873.885565690778],[167.58176393668163],[0.4258169398597689],-20,0.47225383165623097
73,0.8290890811048259,0.0,22,10000,[6873.885565690778],[167.58176393668163],[0.4258169398597689],-20,0.47225383165623097
74,0.6650629431876155,0.0,22,10000,[6873.885565690778],[167.58176393668163],[0.4258169398597689],-20,0.47225383165623097
75,0.5420977784624132,0.0,22,10000,[6873.885565690778],[167.58176393668163],[0.4258169398597689],-20,0.47225383165623097
76,0.5820624015395749,0.0,22,10000,[6873.885565690778],[167.58176393668163],[0.4258169398597689],-20,0.47225383165623097
77,0.8158658865762456,0.0,22,10000,[6873.885565690778],[167.58176393668163],[0.4258169398597689],-20,0.47225383165623097
78,-0.3565005489901741,0.0,22,10000,[6873.885565690778],[167.58176393668163],[0.4258169398597689],-20,0.47225383165623097
79,0.32375851419301754,0.0,22,10000,[6873.885565690778],[167.58176393668163],[0.4258169398597689],-20,0.47225383165623097
80,-0.37491308975924936,0.0,22,10000,[6873.885565690778],[167.58176393668163],[0.4258169398597689],-20,0.47225383165623097
81,-0.031707669829428194,0.0,22,10000,[6873.885565690778],[167.58176393668163],[0.4258169398597689],-20,0.47225383165623097
82,0.2925973544356591,0.0,22,10000,[6873.885565690778],[167.58176393668163],[0.4258169398597689],-20,0.47225383165623097
83,0.7374682773768683,0.0,22,10000,[6873.885565690778],[167.58176393668163],[0.4258169398597689],-20,0.47225383165623097
84,-0.45203682122244404,0.0,22,10000,[6873.885565690778],[167.58176393668163],[0.4258169398597689],-20,0.47225383165623097
85,-0.3765233845252562,0.0,22,10000,[6873.885565690778],[167.58176393668163],[0.4258169398597689],-20,0.47225383165623097
86,0.44365785471932506,0.0,22,10000,[6873.885565690778],[167.58176393668163],[0.4258169398597689],-20,0.47225383165623097
87,-0.41649618648513576,0.0,22,10000,[6873.885565690778],[167.58176393668163],[0.4258169398597689],-20,0.47225383165623097
88,0.3170692723172388,0.0,22,10000,[6873.885565690778],[167.58176393668163],[0.4258169398597689],-20,0.47225383165623097
89,0.362765535863164,0.0,22,10000,[6873.885565690778],[167.58176393668163],[0.4258169398597689],-20,0.47225383165623097
90,-0.09926446074941465,0.0,22,10000,[6873.885565690778],[167.58176393668163],[0.4258169398597689],-20,0.47225383165623097
91,0.03824495709809543,0.0,22,10000,[6873.885565690778],[167.58176393668163],[0.4258169398597689],-20,0.47225383165623097
92,0.21161150820234148,0.0,22,10000,[6873.885565690778],[167.58176393668163],[0.4258169398597689],-20,0.47225383165623097
93,0.8139489239959505,0.0,22,10000,[6873.885565690778],[167.58176393668163],[0.4258169398597689],-20,0.47225383165623097
94,-0.6421386618159219,0.0,22,10000,[6873.885565690778],[167.58176393668163],[0.4258169398597689],-20,0.47225383165623097
95,-0.4492258165262793,0.0,22,10000,[6873.885565690778],[167.58176393668163],[0.4258169398597689],-20,0.47225383165623097
96,-0.19230224705893678,0.0,22,10000,[6873.885565690778],[167.58176393668163],[0.4258169398597689],-20,0.47225383165623097
97,-0.10347352176026384,0.0,22,10000,[6873.885565690778],[167.58176393668163],[0.4258169398597689],-20,0.47225383165623097
98,0.9523427433843857,0.0,22,10000,[6873.885565690778],[167.58176393668163],[0.4258169398597689],-20,0.47225383165623097
99,-0.9460719411055437,0.0,22,10000,[6873.885565690778],[167.58176393668163],[0.4258169398597689],-20,0.47225383165623097
100,0.15982842351607965,0.0,22,10000,[6873.885565690778],[167.58176393668163],[0.4258169398597689],-20,0.47225383165623097
101,-0.7270456478371718,0.0,22,10000,[6873.885565690778],[167.58176393668163],[0.4258169398597689],-20,0.47225383165623097
102,-0.18226536567702523,0.0,22,10000,[6873.885565690778],[167.58176393668163],[0.4258169398597689],-20,0.47225383165623097
103,-0.048731508461063035,0.0,22,10000,[6873.885565690778],[167.58176393668163],[0.4258169398597689],-20,0.47225383165623097
104,0.4782535104355051,0.0,22,10000,[6873.885565690778],[167.58176393668163],[0.4258169398597689],-20,0.47225383165623097
105,-1.0043586548857908,0.0,22,10000,[6873.885565690778],[167.58176393668163],[0.4258169398597689],-20,0.47225383165623097
106,0.4878091348809179,0.0,22,10000,[6873.885565690778],[167.58176393668163],[0.4258169398597689],-20,0.47225383165623097
107,-1.1892483505783944,0.0,22,10000,[6873.885565690778],[167.58176393668163],[0.4258169398597689],-20,0.47225383165623097
108,0.17086153908504007,0.0,22,10000,[6873.885565690778],[167.58176393668163],[0.4258169398597689],-20,0.47225383165623097
109,0.22742173394712262,0.0,22,10000,[6873.885565690778],[167.58176393668163],[0.4258169398597689],-20,0.47225383165623097
110,0.7411242027064893,0.0,22,10000,[6873.885565690778],[167.58176393668163],[0.4258169398597689],-20,0.47225383165623097
111,-0.2048052329049234,0.0,22,10000,[6873.885565690778],[167.58176393668163],[0.4258169398597689],-20,0.47225383165623097
112,0.2767464843049085,0.0,22,10000,[6873.885565690778],[167.58176393668163],[0.4258169398597689],-20,0.47225383165623097
113,-0.7905963428300808,0.0,22,10000,[6873.885565690778],[167.58176393668163],[0.4258169398597689],-20,0.47225383165623097
114,0.20991771014364685,0.0,22,10000,[6873.885565690778],[167.58176393668163],[0.4258169398597689],-20,0.47225383165623097
115,0.17956323544046315,0.0,22,10000,[6873.885565690778],[167.58176393668163],[0.4258169398597689],-20,0.47225383165623097
116,0.6186100131423943,0.0,22,10000,[6873.885565690778],[167.58176393668163],[0.4258169398597689],-20,0.47225383165623097
117,0.21572376270011018,0.0,22,10000,[6873.885565690778],[167.58176393668163],[0.4258169398597689],-20,0.47225383165623097
118,0.025295394021857497,0.0,22,10000,[6873.885565690778],[167.58176393668163],[0.4258169398597689],-20,0.47225383165623097
119,0.9748919960618271,0.0,22,10000,[6873.885565690778],[167.58176393668163],[0.4258169398597689],-20,0.47225383165623097
120,-0.18341873440330284,0.0,22,10000,[6873.885565690778],[167.58176393668163],[0.4258169398597689],-20,0.47225383165623097
121,0.6671966980881561,0.0,22,10000,[6873.885565690778],[167.58176393668163],[0.4258169398597689],-20,0.47225383165623097
122,-0.4415389025203841,0.0,22,10000,[6873.885565690778],[167.58176393668163],[0.4258169398597689],-20,0.47225383165623097
123,0.3268420161784303,0.0,22,10000,[6873.885565690778],[167.58176393668163],[0.4258169398597689],-20,0.47225383165623097
124,0.5955787344289865,0.0,22,10000,[6873.885565690778],[167.58176393668163],[0.4258169398597689],-20,0.47225383165623097
125,-0.3870306652873852,0.0,22,10000,[6873.885565690778],[167.58176393668163],[0.4258169398597689],-20,0.47225383165623097
126,-0.8339474330915896,0.0,22,10000,[6873.885565690778],[167.58176393668163],[0.4258169398597689],-20,0.47225383165623097
127,0.05102884781293405,0.0,22,10000,[6873.885565690778],[167.58176393668163],[0.4258169398597689],-20,0.47225383165623097
128,0.8669538449495114,0.0,22,10000,[6873.885565690778],[167.58176393668163],[0.4258169398597689],-20,0.47225383165623097
129,-0.19428727954088734,0.0,22,10000,[6873.885565690778],[167.58176393668163],[0.4258169398597689],-20,0.47225383165623097
130,0.04232125419198565,0.0,22,10000,[6873.885565690778],[167.58176393668163],[0.4258169398597689],-20,0.47225383165623097
131,-0.1758397383648725,0.0,22,10000,[6873.885565690778],[167.58176393668163],[0.4258169398597689],-20,0.47225383165623097
132,-0.10015879669017656,0.0,22,10000,[6873.885565690778],[167.58176393668163],[0.4258169398597689],-20,0.47225383165623097
133,-0.10373953961492825,0.0,22,10000,[6873.885565690778],[167.58176393668163],[0.4258169398597689],-20,0.47225383165623097
134,0.23696967762246238,0.0,22,10000,[6873.885565690778],[167.58176393668163],[0.4258169398597689],-20,0.47225383165623097
135,0.0825019828889623,0.0,22,10000,[6873.885565690778],[167.58176393668163],[0.4258169398597689],-20,0.47225383165623097
136,0.04089433984305596,0.0,22,10000,[6873.885565690778],[167.58176393668163],[0.4258169398597689],-20,0.47225383165623097
137,-0.35092444762759023,0.0,22,10000,[6873.885565690778],[167.58176393668163],[0.4258169398597689],-20,0.47225383165623097
138,0.21785105745397731,0.0,22,10000,[6873.885565690778],[167.58176393668163],[0.4258169398597689],-20,0.47225383165623097
139,0.6082639630418953,0.0,22,10000,[6873.885565690778],[167.58176393668163],[0.4258169398597689],-20,0.47225383165623097
140,-1.091720490653763,0.0,22,10000,[6873.885565690778],[167.58176393668163],[0.4258169398597689],-20,0.47225383165623097
141,-0.5954079267210984,0.0,22,10000,[6873.885565690778],[167.58176393668163],[0.4258169398597689],-20,0.47225383165623097
142,0.15502430863107974,0.0,22,10000,[6873.885565690778],[167.58176393668163],[0.4258169398597689],-20,0.47225383165623097
143,0.5073331245407454,0.0,22,10000,[6873.885565690778],[167.58176393668163],[0.4258169398597689],-20,0.47225383165623097
144,-0.3763180820052748,0.0,22,10000,[6873.885565690778],[167.58176393668163],[0.4258169398597689],-20,0.47225383165623097
145,0.5866404988846351,0.0,22,10000,[6873.885565690778],[167.58176393668163],[0.4258169398597689],-20,0.47225383165623097
146,-1.000986287920043,0.0,22,10000,[6873.885565690778],[167.58176393668163],[0.4258169398597689],-20,0.47225383165623097
147,-0.6292567030236192,0.0,22,10000,[6873.885565690778],[167.58176393668163],[0.4258169398597689],-20,0.47225383165623097
148,-0.33600642928750984,0.0,22,10000,[6873.885565690778],[167.58176393668163],[0.4258169398597689],-20,0.47225383165623097
149,0.06624674414829444,0.0,22,10000,[6873.885565690778],[167.58176393668163],[0.4258169398597689],-20,0.47225383165623097
150,0.027600057250803767,0.0,22,10000,[6873.885565690778],[167.58176393668163],[0.4258169398597689],-20,0.47225383165623097
151,0.2306635009837959,0.0,22,10000,[6873.885565690778],[167.58176393668163],[0.4258169398597689],-20,0.47225383165623097
152,-0.9517265716854453,0.0,22,10000,[6873.885565690778],[167.58176393668163],[0.4258169398597689],-20,0.47225383165623097
153,-0.6000220221788894,0.0,22,10000,[6873.885565690778],[167.58176393668163],[0.4258169398597689],-20,0.47225383165623097
154,0.14120400407074912,0.0,22,10000,[6873.885565690778],[167.58176393668163],[0.4258169398597689],-20,0.47225383165623097
155,0.01464347744921545,0.0,22,10000,[6873.885565690778],[167.58176393668163],[0.4258169398597689],-20,0.47225383165623097
156,-0.262784576709051,0.0,22,10000,[6873.885565690778],[167.58176393668163],[0.4258169398597689],-20,0.47225383165623097
157,-0.07031667029045705,0.0,22,10000,[6873.885565690778],[167.58176393668163],[0.4258169398597689],-20,0.47225383165623097
158,0.14915123498412194,0.0,22,10000,[6873.885565690778],[167.58176393668163],[0.4258169398597689],-20,0.47225383165623097
159,-0.4832142525817815,0.0,22,10000,[6873.885565690778],[167.58176393668163],[0.4258169398597689],-20,0.47225383165623097
160,-0.0767578709028421,0.0,22,10000,[6873.885565690778],[167.58176393668163],[0.4258169398597689],-20,0.47225383165623097
161,-0.31183169769177177,0.0,22,10000,[6873.885565690778],[167.58176393668163],[0.4258169398597689],-20,0.47225383165623097
162,0.26022014376144265,0.0,22,10000,[6873.885565690778],[167.58176393668163],[0.4258169398597689],-20,0.47225383165623097
163,0.2743149818252664,0.0,22,10000,[6873.885565690778],[167.58176393668163],[0.4258169398597689],-20,0.47225383165623097
164,-0.31636666934667634,0.0,22,10000,[6873.885565690778],[167.58176393668163],[0.4258169398597689],-20,0.47225383165623097
165,0.13602398329454743,0.0,22,10000,[6873.885565690778],[167.58176393668163],[0.4258169398597689],-20,0.47225383165623097
166,-0.01331928580407565,0.0,22,10000,[6873.885565690778],[167.58176393668163],[0.4258169398597689],-20,0.47225383165623097
167,-0.4435129177538219,0.0,22,10000,[6873.885565690778],[167.58176393668163],[0.4258169398597689],-20,0.47225383165623097
168,-0.2595393857336938,0.0,22,10000,[6873.885565690778],[167.58176393668163],[0.4258169398597689],-20,0.47225383165623097
169,0.497659845618642,0.0,22,10000,[6873.885565690778],[167.58176393668163],[0.4258169398597689],-20,0.47225383165623097
170,0.3253522378384864,0.0,22,10000,[6873.885565690778],[167.58176393668163],[0.4258169398597689],-20,0.47225383165623097
171,0.1942187249315431,0.0,22,10000,[6873.885565690778],[167.58176393668163],[0.4258169398597689],-20,0.47225383165623097
172,0.13947254781031768,0.0,22,10000,[6873.885565690778],[167.58176393668163],[0.4258169398597689],-20,0.47225383165623097
173,0.9271553323098554,0.0,22,10000,[6873.885565690778],[167.58176393668163],[0.4258169398597689],-20,0.47225383165623097
174,-0.32870556331689066,0.0,22,10000,[6873.885565690778],[167.58176393668163],[0.4258169398597689],-20,0.47225383165623097
175,-0.3005787611961181,0.0,22,10000,[6873.885565690778],[167.58176393668163],[0.4258169398597689],-20,0.47225383165623097
176,-0.5789394718066584,0.0,22,10000,[6873.885565690778],[167.58176393668163],[0.4258169398597689],-20,0.47225383165623097
177,-0.14796942541938307,0.0,22,10000,[6873.885565690778],[167.58176393668163],[0.4258169398597689],-20,0.47225383165623097
178,0.07744347200465508,0.0,22,10000,[6873.885565690778],[167.58176393668163],[0.4258169398597689],-20,0.47225383165623097
179,-0.2296616913686618,0.0,22,10000,[6873.885565690778],[167.58176393668163],[0.4258169398597689],-20,0.47225383165623097
180,0.22795617292257217,0.0,22,10000,[6873.885565690778],[167.58176393668163],[0.4258169398597689],-20,0.47225383165623097
181,-0.35683066038040634,0.0,22,10000,[6873.885565690778],[167.58176393668163],[0.4258169398597689],-20,0.47225383165623097
182,-0.06172074249719301,0.0,22,10000,[6873.885565690778],[167.58176393668163],[0.4258169398597689],-20,0.47225383165623097
183,0.23677542288019085,0.0,22,10000,[6873.885565690778],[167.58176393668163],[0.4258169398597689],-20,0.47225383165623097
184,-0.6112515782830927,0.0,22,10000,[6873.885565690778],[167.58176393668163],[0.4258169398597689],-20,0.47225383165623097
185,0.6976964716401612,0.0,22,10000,[6873.885565690778],[167.58176393668163],[0.4258169398597689],-20,0.47225383165623097
186,-0.7594696485978574,0.0,22,10000,[6873.885565690778],[167.58176393668163],[0.4258169398597689],-20,0.47225383165623097
187,0.034487604190392214,0.0,22,10000,[6873.885565690778],[167.58176393668163],[0.4258169398597689],-20,0.47225383165623097
188,0.3466983029649093,0.0,22,10000,[6873.885565690778],[167.58176393668163],[0.4258169398597689],-20,0.47225383165623097
189,0.06819335136783142,0.0,22,10000,[6873.885565690778],[167.58176393668163],[0.4258169398597689],-20,0.47225383165623097
190,-0.24974483475502685,0.0,22,10000,[6873.885565690778],[167.58176393668163],[0.4258169398597689],-20,0.47225383165623097
191,-0.664983056283599,0.0,22,10000,[6873.885565690778],[167.58176393668163],[0.4258169398597689],-20,0.47225383165623097
192,-0.252875543062775,0.0,22,10000,[6873.885565690778],[167.58176393668163],[0.4258169398597689],-20,0.47225383165623097
193,0.02014368890707533,0.0,22,10000,[6873.885565690778],[167.58176393668163],[0.4258169398597689],-20,0.47225383165623097
194,-0.6506495066272577,0.0,22,10000,[6873.885565690778],[167.58176393668163],[0.4258169398597689],-20,0.47225383165623097
195,0.32199949471574413,0.0,22,10000,[6873.885565690778],[167.58176393668163],[0.4258169398597689],-20,0.47225383165623097
196,0.01721897405148957,0.0,22,10000,[6873.885565690778],[167.58176393668163],[0.4258169398597689],-20,0.47225383165623097
197,-0.33005727856213846,0.0,22,10000,[6873.885565690778],[167.58176393668163],[0.4258169398597689],-20,0.47225383165623097
198,-0.011223004689685812,0.0,22,10000,[6873.885565690778],[167.58176393668163],[0.4258169398597689],-20,0.47225383165623097
199,-0.4113181823751055,0.0,22,10000,[6873.885565690778],[167.58176393668163],[0.4258169398597689],-20,0.47225383165623097
200,0.5165191552306639,0.0,22,10000,[6873.885565690778],[167.58176393668163],[0.4258169398597689],-20,0.47225383165623097
201,0.25336756256146986,0.0,22,10000,[6873.885565690778],[167.58176393668163],[0.4258169398597689],-20,0.47225383165623097
202,0.003387950028618126,0.0,22,10000,[6873.885565690778],[167.58176393668163],[0.4258169398597689],-20,0.47225383165623097
203,-0.05508375618932238,0.0,22,10000,[6873.885565690778],[167.58176393668163],[0.4258169398597689],-20,0.47225383165623097
204,0.40628534655405024,0.0,22,10000,[6873.885565690778],[167.58176393668163],[0.4258169398597689],-20,0.47225383165623097
205,-0.604275759475922,0.0,22,10000,[6873.885565690778],[167.58176393668163],[0.4258169398597689],-20,0.47225383165623097
206,0.3778259736800017,0.0,22,10000,[6873.885565690778],[167.58176393668163],[0.4258169398597689],-20,0.47225383165623097
207,0.04919745692578039,0.0,22,10000,[6873.885565690778],[167.58176393668163],[0.4258169398597689],-20,0.47225383165623097
208,-0.49445642389413114,0.0,22,10000,[6873.885565690778],[167.58176393668163],[0.4258169398597689],-20,0.47225383165623097
209,0.23300527355197875,0.0,22,10000,[6873.885565690778],[167.58176393668163],[0.4258169398597689],-20,0.47225383165623097
210,0.10926097005539309,0.0,22,10000,[6873.885565690778],[167.58176393668163],[0.4258169398597689],-20,0.47225383165623097
211,0.32518358322807944,0.0,22,10000,[6873.885565690778],[167.58176393668163],[0.4258169398597689],-20,0.47225383165623097
212,-0.22961844556337102,0.0,22,10000,[6873.885565690778],[167.58176393668163],[0.4258169398597689],-20,0.47225383165623097
213,0.15497467429072737,0.0,22,10000,[6873.885565690778],[167.58176393668163],[0.4258169398597689],-20,0.47225383165623097
214,1.041046554767177,0.0,22,10000,[6873.885565690778],[167.58176393668163],[0.4258169398597689],-20,0.47225383165623097
215,0.37652389282609344,0.0,22,10000,[6873.885565690778],[167.58176393668163],[0.4258169398597689],-20,0.47225383165623097
216,0.26793504644217514,0.0,22,10000,[6873.885565690778],[167.58176393668163],[0.4258169398597689],-20,0.47225383165623097
217,0.19990859700777816,0.0,22,10000,[6873.885565690778],[167.58176393668163],[0.4258169398597689],-20,0.47225383165623097
218,0.10900611673014705,0.0,22,10000,[6873.885565690778],[167.58176393668163],[0.4258169398597689],-20,0.47225383165623097
219,0.3241453079521561,0.0,22,10000,[6873.885565690778],[167.58176393668163],[0.4258169398597689],-20,0.47225383165623097
220,0.07521952697789919,0.0,22,10000,[6873.885565690778],[167.58176393668163],[0.4258169398597689],-20,0.47225383165623097
221,0.8103659815199801,0.0,22,10000,[6873.885565690778],[167.58176393668163],[0.4258169398597689],-20,0.47225383165623097
222,-0.5070864764705374,0.0,22,10000,[6873.885565690778],[167.58176393668163],[0.4258169398597689],-20,0.47225383165623097
223,-0.20971683448101544,0.0,22,10000,[6873.885565690778],[167.58176393668163],[0.4258169398597689],-20,0.47225383165623097
224,0.217991507524453,0.0,22,10000,[6873.885565690778],[167.58176393668163],[0.4258169398597689],-20,0.47225383165623097
225,0.027979646306545036,0.0,22,10000,[6873.885565690778],[167.58176393668163],[0.4258169398597689],-20,0.47225383165623097
226,0.04559681766265259,0.0,22,10000,[6873.885565690778],[167.58176393668163],[0.4258169398597689],-20,0.47225383165623097
227,-0.28728581769743106,0.0,22,10000,[6873.885565690778],[167.58176393668163],[0.4258169398597689],-20,0.47225383165623097
228,0.07038698178370204,0.0,22,10000,[6873.885565690778],[167.58176393668163],[0.4258169398597689],-20,0.47225383165623097
229,-0.8422786585144745,0.0,22,10000,[6873.885565690778],[167.58176393668163],[0.4258169398597689],-20,0.47225383165623097
230,-0.46239666148056746,0.0,22,10000,[6873.885565690778],[167.58176393668163],[0.4258169398597689],-20,0.47225383165623097
231,-0.26958200794006304,0.0,22,10000,[6873.885565690778],[167.58176393668163],[0.4258169398597689],-20,0.47225383165623097
232,-0.6164461103155445,0.0,22,10000,[6873.885565690778],[167.58176393668163],[0.4258169398597689],-20,0.47225383165623097
233,0.2025677175460828,0.0,22,10000,[6873.885565690778],[167.58176393668163],[0.4258169398597689],-20,0.47225383165623097
234,-0.7071521282493374,0.0,22,10000,[6873.885565690778],[167.58176393668163],[0.4258169398597689],-20,0.47225383165623097
235,-0.5547651099574099,0.0,22,10000,[6873.885565690778],[167.58176393668163],[0.4258169398597689],-20,0.47225383165623097
236,-0.6264458915121048,0.0,22,10000,[6873.885565690778],[167.58176393668163],[0.4258169398597689],-20,0.47225383165623097
237,-0.46150008292504086,0.0,22,10000,[6873.885565690778],[167.58176393668163],[0.4258169398597689],-20,0.47225383165623097
238,0.37997206755199103,0.0,22,10000,[6873.885565690778],[167.58176393668163],[0.4258169398597689],-20,0.47225383165623097
239,-0.0815839865219504,0.0,22,10000,[6873.885565690778],[167.58176393668163],[0.4258169398597689],-20,0.47225383165623097
240,-0.6562963261457797,0.0,22,10000,[6873.885565690778],[167.58176393668163],[0.4258169398597689],-20,0.47225383165623097
241,-0.5573387562051144,0.0,22,10000,[6873.885565690778],[167.58176393668163],[0.4258169398597689],-20,0.47225383165623097
242,0.4128324795915796,0.0,22,10000,[6873.885565690778],[167.58176393668163],[0.4258169398597689],-20,0.47225383165623097
243,-0.4885226513327506,0.0,22,10000,[6873.885565690778],[167.58176393668163],[0.4258169398597689],-20,0.47225383165623097
244,-0.15528106024688412,0.0,22,10000,[6873.885565690778],[167.58176393668163],[0.4258169398597689],-20,0.47225383165623097
245,-0.5837954557634736,0.0,22,10000,[6873.885565690778],[167.58176393668163],[0.4258169398597689],-20,0.47225383165623097
246,0.20013831312222077,0.0,22,10000,[6873.885565690778],[167.58176393668163],[0.4258169398597689],-20,0.47225383165623097
247,0.16442788211929638,0.0,22,10000,[6873.885565690778],[167.58176393668163],[0.4258169398597689],-20,0.47225383165623097
248,0.15134151513064428,0.0,22,10000,[6873.885565690778],[167.58176393668163],[0.4258169398597689],-20,0.47225383165623097
249,0.12408939146081292,0.0,22,10000,[6873.885565690778],[167.58176393668163],[0.4258169398597689],-20,0.47225383165623097
250,-0.2510484260616541,0.0,22,10000,[6873.885565690778],[167.58176393668163],[0.4258169398597689],-20,0.47225383165623097
251,0.14774702380694085,0.0,22,10000,[6873.885565690778],[167.58176393668163],[0.4258169398597689],-20,0.47225383165623097
252,0.23599380479319532,0.0,22,10000,[6873.885565690778],[167.58176393668163],[0.4258169398597689],-20,0.47225383165623097
253,-0.23595224567492107,0.0,22,10000,[6873.885565690778],[167.58176393668163],[0.4258169398597689],-20,0.47225383165623097
254,0.5763430412705263,0.0,22,10000,[6873.885565690778],[167.58176393668163],[0.4258169398597689],-20,0.47225383165623097
255,-0.251183069126087,0.0,22,10000,[6873.885565690778],[167.58176393668163],[0.4258169398597689],-20,0.47225383165623097
256,-0.6621066532447148,0.0,22,10000,[6873.885565690778],[167.58176393668163],[0.4258169398597689],-20,0.47225383165623097
257,-0.2909503533778101,0.0,22,10000,[6873.885565690778],[167.58176393668163],[0.4258169398597689],-20,0.47225383165623097
258,0.2915753940485874,0.0,22,10000,[6873.885565690778],[167.58176393668163],[0.4258169398597689],-20,0.47225383165623097
259,0.49766019072465945,0.0,22,10000,[6873.885565690778],[167.58176393668163],[0.4258169398597689],-20,0.47225383165623097
260,1.0172052618163787,0.0,22,10000,[6873.885565690778],[167.58176393668163],[0.4258169398597689],-20,0.47225383165623097
261,-0.024938090129762596,0.0,22,10000,[6873.885565690778],[167.58176393668163],[0.4258169398597689],-20,0.47225383165623097
262,0.020538905325214588,0.0,22,10000,[6873.885565690778],[167.58176393668163],[0.4258169398597689],-20,0.47225383165623097
263,-1.0112691590231426,0.0,22,10000,[6873.885565690778],[167.58176393668163],[0.4258169398597689],-20,0.47225383165623097
264,0.39349798545614817,0.0,22,10000,[6873.885565690778],[167.58176393668163],[0.4258169398597689],-20,0.47225383165623097
265,0.035918606389625816,0.0,22,10000,[6873.885565690778],[167.58176393668163],[0.4258169398597689],-20,0.47225383165623097
266,0.1908546945955894,0.0,22,10000,[6873.885565690778],[167.58176393668163],[0.4258169398597689],-20,0.47225383165623097
267,0.010603578085054353,0.0,22,10000,[6873.885565690778],[167.58176393668163],[0.4258169398597689],-20,0.47225383165623097
268,-0.03171788095834975,0.0,22,10000,[6873.885565690778],[167.58176393668163],[0.4258169398597689],-20,0.47225383165623097
269,0.900710152205962,0.0,22,10000,[6873.885565690778],[167.58176393668163],[0.4258169398597689],-20,0.47225383165623097
270,0.07481222077131801,0.0,22,10000,[6873.885565690778],[167.58176393668163],[0.4258169398597689],-20,0.47225383165623097
271,-0.31045636706825064,0.0,22,10000,[6873.885565690778],[167.58176393668163],[0.4258169398597689],-20,0.47225383165623097
272,0.0570465108592113,0.0,22,10000,[6873.885565690778],[167.58176393668163],[0.4258169398597689],-20,0.47225383165623097
273,0.17301807695387625,0.0,22,10000,[6873.885565690778],[167.58176393668163],[0.4258169398597689],-20,0.47225383165623097
274,0.23589653633717553,0.0,22,10000,[6873.885565690778],[167.58176393668163],[0.4258169398597689],-20,0.47225383165623097
275,1.523222630459992,0.0,22,10000,[6873.885565690778],[167.58176393668163],[0.4258169398597689],-20,0.47225383165623097
276,-0.4570622737640916,0.0,22,10000,[6873.885565690778],[167.58176393668163],[0.4258169398597689],-20,0.47225383165623097
277,-0.10305728780559127,0.0,22,10000,[6873.885565690778],[167.58176393668163],[0.4258169398597689],-20,0.47225383165623097
278,-0.5292256092059552,0.0,22,10000,[6873.885565690778],[167.58176393668163],[0.4258169398597689],-20,0.47225383165623097
279,-0.5449044895300651,0.0,22,10000,[6873.885565690778],[167.58176393668163],[0.4258169398597689],-20,0.47225383165623097
280,0.2589248379157889,0.0,22,10000,[6873.885565690778],[167.58176393668163],[0.4258169398597689],-20,0.47225383165623097
281,-0.24637362221577677,0.0,22,10000,[6873.885565690778],[167.58176393668163],[0.4258169398597689],-20,0.47225383165623097
282,-0.5917580481585363,0.0,22,10000,[6873.885565690778],[167.58176393668163],[0.4258169398597689],-20,0.47225383165623097
283,0.2086014357985275,0.0,22,10000,[6873.885565690778],[167.58176393668163],[0.4258169398597689],-20,0.47225383165623097
284,-0.1984597312226295,0.0,22,10000,[6873.885565690778],[167.58176393668163],[0.4258169398597689],-20,0.47225383165623097
285,-0.4456372750094782,0.0,22,10000,[6873.885565690778],[167.58176393668163],[0.4258169398597689],-20,0.47225383165623097
286,-0.11994790207964999,0.0,22,10000,[6873.885565690778],[167.58176393668163],[0.4258169398597689],-20,0.47225383165623097
287,-0.415766318739241,0.0,22,10000,[6873.885565690778],[167.58176393668163],[0.4258169398597689],-20,0.47225383165623097
288,-1.5466025853169287,0.0,22,10000,[6873.885565690778],[167.58176393668163],[0.4258169398597689],-20,0.47225383165623097
289,0.12665351448685336,0.0,22,10000,[6873.885565690778],[167.58176393668163],[0.4258169398597689],-20,0.47225383165623097
290,0.25058225329523864,0.0,22,10000,[6873.885565690778],[167.58176393668163],[0.4258169398597689],-20,0.47225383165623097
291,0.3680395517692175,0.0,22,10000,[6873.885565690778],[167.58176393668163],[0.4258169398597689],-20,0.47225383165623097
292,0.5671483350738133,0.0,22,10000,[6873.885565690778],[167.58176393668163],[0.4258169398597689],-20,0.47225383165623097
293,-1.27758986780221,0.0,22,10000,[6873.885565690778],[167.58176393668163],[0.4258169398597689],-20,0.47225383165623097
294,0.9454937590946634,0.0,22,10000,[6873.885565690778],[167.58176393668163],[0.4258169398597689],-20,0.47225383165623097
295,-0.8356452872781381,0.0,22,10000,[6873.885565690778],[167.58176393668163],[0.4258169398597689],-20,0.47225383165623097
296,0.2980083489587957,0.0,22,10000,[6873.885565690778],[167.58176393668163],[0.4258169398597689],-20,0.47225383165623097
297,0.26193710923818314,0.0,22,10000,[6873.885565690778],[167.58176393668163],[0.4258169398597689],-20,0.47225383165623097
298,-0.6959587670583737,0.0,22,10000,[6873.885565690778],[167.58176393668163],[0.4258169398597689],-20,0.47225383165623097
299,0.1593811559406619,0.0,22,10000,[6873.885565690778],[167.58176393668163],[0.4258169398597689],-20,0.47225383165623097
300,0.4574963744076753,0.0,22,10000,[6873.885565690778],[167.58176393668163],[0.4258169398597689],-20,0.47225383165623097
301,0.10844572721430147,0.0,22,10000,[6873.885565690778],[167.58176393668163],[0.4258169398597689],-20,0.47225383165623097
302,-0.39227889885580025,0.0,22,10000,[6873.885565690778],[167.58176393668163],[0.4258169398597689],-20,0.47225383165623097
303,-0.12282489389744515,0.0,22,10000,[6873.885565690778],[167.58176393668163],[0.4258169398597689],-20,0.47225383165623097
304,0.22231951756428828,0.0,22,10000,[6873.885565690778],[167.58176393668163],[0.4258169398597689],-20,0.47225383165623097
305,-1.0410513935514885,0.0,22,10000,[6873.885565690778],[167.58176393668163],[0.4258169398597689],-20,0.47225383165623097
306,-0.27509468560469447,0.0,22,10000,[6873.885565690778],[167.58176393668163],[0.4258169398597689],-20,0.47225383165623097
307,0.45185009628626854,0.0,22,10000,[6873.885565690778],[167.58176393668163],[0.4258169398597689],-20,0.47225383165623097
308,0.8419740418797127,0.0,22,10000,[6873.885565690778],[167.58176393668163],[0.4258169398597689],-20,0.47225383165623097
309,-0.12604298178574186,0.0,22,10000,[6873.885565690778],[167.58176393668163],[0.4258169398597689],-20,0.47225383165623097
310,0.4843981523146971,0.0,22,10000,[6873.885565690778],[167.58176393668163],[0.4258169398597689],-20,0.47225383165623097
311,0.13438787248786402,0.0,22,10000,[6873.885565690778],[167.58176393668163],[0.4258169398597689],-20,0.47225383165623097
312,0.3785235707110476,0.0,22,10000,[6873.885565690778],[167.58176393668163],[0.4258169398597689],-20,0.47225383165623097
313,-0.14532560829394056,0.0,22,10000,[6873.885565690778],[167.58176393668163],[0.4258169398597689],-20,0.47225383165623097
314,-0.7615124307853428,0.0,22,10000,[6873.885565690778],[167.58176393668163],[0.4258169398597689],-20,0.47225383165623097
315,0.1917755648053201,0.0,22,10000,[6873.885565690778],[167.58176393668163],[0.4258169398597689],-20,0.47225383165623097
316,0.816863546126906,0.0,22,10000,[6873.885565690778],[167.58176393668163],[0.4258169398597689],-20,0.47225383165623097
317,-0.4501412416323663,0.0,22,10000,[6873.885565690778],[167.58176393668163],[0.4258169398597689],-20,0.47225383165623097
318,0.24511558028004735,0.0,22,10000,[6873.885565690778],[167.58176393668163],[0.4258169398597689],-20,0.47225383165623097
319,0.25503213434543154,0.0,22,10000,[6873.885565690778],[167.58176393668163],[0.4258169398597689],-20,0.47225383165623097
320,-0.822265220816148,0.0,22,10000,[6873.885565690778],[167.58176393668163],[0.4258169398597689],-20,0.47225383165623097
321,-0.2104378158964579,0.0,22,10000,[6873.885565690778],[167.58176393668163],[0.4258169398597689],-20,0.47225383165623097
322,-0.08412465405943946,0.0,22,10000,[6873.885565690778],[167.58176393668163],[0.4258169398597689],-20,0.47225383165623097
323,-0.6443147871332641,0.0,22,10000,[6873.885565690778],[167.58176393668163],[0.4258169398597689],-20,0.47225383165623097
324,0.5322089838737033,0.0,22,10000,[6873.885565690778],[167.58176393668163],[0.4258169398597689],-20,0.47225383165623097
325,0.7588787799557386,0.0,22,10000,[6873.885565690778],[167.58176393668163],[0.4258169398597689],-20,0.47225383165623097
326,0.10245334937406657,0.0,22,10000,[6873.885565690778],[167.58176393668163],[0.4258169398597689],-20,0.47225383165623097
327,0.13948840637999757,0.0,22,10000,[6873.885565690778],[167.58176393668163],[0.4258169398597689],-20,0.47225383165623097
328,-0.32561639768640926,0.0,22,10000,[6873.885565690778],[167.58176393668163],[0.4258169398597689],-20,0.47225383165623097
329,0.8751701207746506,0.0,22,10000,[6873.885565690778],[167.58176393668163],[0.4258169398597689],-20,0.47225383165623097
330,-0.2265906039698918,0.0,22,10000,[6873.885565690778],[167.58176393668163],[0.4258169398597689],-20,0.47225383165623097
331,-0.12549513034123955,0.0,22,10000,[6873.885565690778],[167.58176393668163],[0.4258169398597689],-20,0.47225383165623097
332,0.504426571870976,0.0,22,10000,[6873.885565690778],[167.58176393668163],[0.4258169398597689],-20,0.47225383165623097
333,0.1502383412387326,0.0,22,10000,[6873.885565690778],[167.58176393668163],[0.4258169398597689],-20,0.47225383165623097
334,-0.3885842182533424,0.0,22,10000,[6873.885565690778],[167.58176393668163],[0.4258169398597689],-20,0.47225383165623097
335,-0.5614663829400586,0.0,22,10000,[6873.885565690778],[167.58176393668163],[0.4258169398597689],-20,0.47225383165623097
336,0.15429770915070878,0.0,22,10000,[6873.885565690778],[167.58176393668163],[0.4258169398597689],-20,0.47225383165623097
337,0.035758208327680244,0.0,22,10000,[6873.885565690778],[167.58176393668163],[0.4258169398597689],-20,0.47225383165623097
338,0.19553614156098603,0.0,22,10000,[6873.885565690778],[167.58176393668163],[0.4258169398597689],-20,0.47225383165623097
339,0.662981030117961,0.0,22,10000,[6873.885565690778],[167.58176393668163],[0.4258169398597689],-20,0.47225383165623097
340,0.6053617254854478,0.0,22,10000,[6873.885565690778],[167.58176393668163],[0.4258169398597689],-20,0.47225383165623097
341,0.4011444279896219,0.0,22,10000,[6873.885565690778],[167.58176393668163],[0.4258169398597689],-20,0.47225383165623097
342,0.34089322952960144,0.0,22,10000,[6873.885565690778],[167.58176393668163],[0.4258169398597689],-20,0.47225383165623097
343,0.11645754462430638,0.0,22,10000,[6873.885565690778],[167.58176393668163],[0.4258169398597689],-20,0.47225383165623097
344,0.7517464979263115,0.0,22,10000,[6873.885565690778],[167.58176393668163],[0.4258169398597689],-20,0.47225383165623097
345,0.535457534609969,0.0,22,10000,[6873.885565690778],[167.58176393668163],[0.4258169398597689],-20,0.47225383165623097
346,-0.14046649602011416,0.0,22,10000,[6873.885565690778],[167.58176393668163],[0.4258169398597689],-20,0.47225383165623097
347,-0.06800638161181749,0.0,22,10000,[6873.885565690778],[167.58176393668163],[0.4258169398597689],-20,0.47225383165623097
348,-0.45134596774306623,0.0,22,10000,[6873.885565690778],[167.58176393668163],[0.4258169398597689],-20,0.47225383165623097
349,-0.3514781439247942,0.0,22,10000,[6873.885565690778],[167.58176393668163],[0.4258169398597689],-20,0.47225383165623097
350,-0.2567022703483574,0.0,22,10000,[6873.885565690778],[167.58176393668163],[0.4258169398597689],-20,0.47225383165623097
351,-0.33832682498410194,0.0,22,10000,[6873.885565690778],[167.58176393668163],[0.4258169398597689],-20,0.47225383165623097
352,0.5505317614325662,0.0,22,10000,[6873.885565690778],[167.58176393668163],[0.4258169398597689],-20,0.47225383165623097
353,-0.3658361436643086,0.0,22,10000,[6873.885565690778],[167.58176393668163],[0.4258169398597689],-20,0.47225383165623097
354,-0.106797711111196,0.0,22,10000,[6873.885565690778],[167.58176393668163],[0.4258169398597689],-20,0.47225383165623097
355,0.11838330035175375,0.0,22,10000,[6873.885565690778],[167.58176393668163],[0.4258169398597689],-20,0.47225383165623097
356,-0.009043058971385331,0.0,22,10000,[6873.885565690778],[167.58176393668163],[0.4258169398597689],-20,0.47225383165623097
357,0.7125823729054899,0.0,22,10000,[6873.885565690778],[167.58176393668163],[0.4258169398597689],-20,0.47225383165623097
358,-0.28073026907640675,0.0,22,10000,[6873.885565690778],[167.58176393668163],[0.4258169398597689],-20,0.47225383165623097
359,0.4147987693932073,0.0,22,10000,[6873.885565690778],[167.58176393668163],[0.4258169398597689],-20,0.47225383165623097
360,0.3420611869918417,0.0,22,10000,[6873.885565690778],[167.58176393668163],[0.4258169398597689],-20,0.47225383165623097
361,-0.48188317202808023,0.0,22,10000,[6873.885565690778],[167.58176393668163],[0.4258169398597689],-20,0.47225383165623097
362,0.1517576700360438,0.0,22,10000,[6873.885565690778],[167.58176393668163],[0.4258169398597689],-20,0.47225383165623097
363,-0.6701570953775925,0.0,22,10000,[6873.885565690778],[167.58176393668163],[0.4258169398597689],-20,0.47225383165623097
364,0.230428967473432,0.0,22,10000,[6873.885565690778],[167.58176393668163],[0.4258169398597689],-20,0.47225383165623097
365,-0.4049491445162195,0.0,22,10000,[6873.885565690778],[167.58176393668163],[0.4258169398597689],-20,0.47225383165623097
366,-0.07650720007799089,0.0,22,10000,[6873.885565690778],[167.58176393668163],[0.4258169398597689],-20,0.47225383165623097
367,1.0723339822844355,0.0,22,10000,[6873.885565690778],[167.58176393668163],[0.4258169398597689],-20,0.47225383165623097
368,0.32203361054379176,0.0,22,10000,[6873.885565690778],[167.58176393668163],[0.4258169398597689],-20,0.47225383165623097
369,0.010257417782802798,0.0,22,10000,[6873.885565690778],[167.58176393668163],[0.4258169398597689],-20,0.47225383165623097
370,-0.3292348036479977,0.0,22,10000,[6873.885565690778],[167.58176393668163],[0.4258169398597689],-20,0.47225383165623097
371,-0.14277463651026873,0.0,22,10000,[6873.885565690778],[167.58176393668163],[0.4258169398597689],-20,0.47225383165623097
372,0.09451464783298102,0.0,22,10000,[6873.885565690778],[167.58176393668163],[0.4258169398597689],-20,0.47225383165623097
373,-0.0052755988732302575,0.0,22,10000,[6873.885565690778],[167.58176393668163],[0.4258169398597689],-20,0.47225383165623097
374,-0.3698654903965584,0.0,22,10000,[6873.885565690778],[167.58176393668163],[0.4258169398597689],-20,0.47225383165623097
375,0.17138858454979747,0.0,22,10000,[6873.885565690778],[167.58176393668163],[0.4258169398597689],-20,0.47225383165623097
376,-0.2562626038388513,0.0,22,10000,[6873.885565690778],[167.58176393668163],[0.4258169398597689],-20,0.47225383165623097
377,-0.050130565724659126,0.0,22,10000,[6873.885565690778],[167.58176393668163],[0.4258169398597689],-20,0.47225383165623097
378,1.1134799519019183,0.0,22,10000,[6873.885565690778],[167.58176393668163],[0.4258169398597689],-20,0.47225383165623097
379,-0.3815753265848692,0.0,22,10000,[6873.885565690778],[167.58176393668163],[0.4258169398597689],-20,0.47225383165623097
380,0.5041327945906042,0.0,22,10000,[6873.885565690778],[167.58176393668163],[0.4258169398597689],-20,0.47225383165623097
381,0.3179015816817209,0.0,22,10000,[6873.885565690778],[167.58176393668163],[0.4258169398597689],-20,0.47225383165623097
382,-0.2528878734730665,0.0,22,10000,[6873.885565690778],[167.58176393668163],[0.4258169398597689],-20,0.47225383165623097
383,0.07073000467840451,0.0,22,10000,[6873.885565690778],[167.58176393668163],[0.4258169398597689],-20,0.47225383165623097
384,1.1657966481064863,0.0,22,10000,[6873.885565690778],[167.58176393668163],[0.4258169398597689],-20,0.47225383165623097
385,-0.7357936521653249,0.0,22,10000,[6873.885565690778],[167.58176393668163],[0.4258169398597689],-20,0.47225383165623097
386,-0.1943184599399339,0.0,22,10000,[6873.885565690778],[167.58176393668163],[0.4258169398597689],-20,0.47225383165623097
387,0.04474541519869555,0.0,22,10000,[6873.885565690778],[167.58176393668163],[0.4258169398597689],-20,0.47225383165623097
388,-0.025720665297664893,0.0,22,10000,[6873.885565690778],[167.58176393668163],[0.4258169398597689],-20,0.47225383165623097
389,0.2641768310564593,0.0,22,10000,[6873.885565690778],[167.58176393668163],[0.4258169398597689],-20,0.47225383165623097
390,-0.36208036400089755,0.0,22,10000,[6873.885565690778],[167.58176393668163],[0.4258169398597689],-20,0.47225383165623097
391,0.2785759005567841,0.0,22,10000,[6873.885565690778],[167.58176393668163],[0.4258169398597689],-20,0.47225383165623097
392,-0.6377980858807705,0.0,22,10000,[6873.885565690778],[167.58176393668163],[0.4258169398597689],-20,0.47225383165623097
393,-0.17962493526311962,0.0,22,10000,[6873.885565690778],[167.58176393668163],[0.4258169398597689],-20,0.47225383165623097
394,0.3228031927144859,0.0,22,10000,[6873.885565690778],[167.58176393668163],[0.4258169398597689],-20,0.47225383165623097
395,0.09618362256576511,0.0,22,10000,[6873.885565690778],[167.58176393668163],[0.4258169398597689],-20,0.47225383165623097
396,-0.8019348061441065,0.0,22,10000,[6873.885565690778],[167.58176393668163],[0.4258169398597689],-20,0.47225383165623097
397,0.313204765482964,0.0,22,10000,[6873.885565690778],[167.58176393668163],[0.4258169398597689],-20,0.47225383165623097
398,-0.2472111499029596,0.0,22,10000,[6873.885565690778],[167.58176393668163],[0.4258169398597689],-20,0.47225383165623097
399,-0.6607647029843574,0.0,22,10000,[6873.885565690778],[167.58176393668163],[0.4258169398597689],-20,0.47225383165623097
400,-0.8055018644163979,0.0,22,10000,[6873.885565690778],[167.58176393668163],[0.4258169398597689],-20,0.47225383165623097
401,0.02571344645401032,0.0,22,10000,[6873.885565690778],[167.58176393668163],[0.4258169398597689],-20,0.47225383165623097
402,0.49957012255852506,0.0,22,10000,[6873.885565690778],[167.58176393668163],[0.4258169398597689],-20,0.47225383165623097
403,0.2962604232502549,0.0,22,10000,[6873.885565690778],[167.58176393668163],[0.4258169398597689],-20,0.47225383165623097
404,0.27634662408908484,0.0,22,10000,[6873.885565690778],[167.58176393668163],[0.4258169398597689],-20,0.47225383165623097
405,0.2368631546294157,0.0,22,10000,[6873.885565690778],[167.58176393668163],[0.4258169398597689],-20,0.47225383165623097
406,0.3775882235957843,0.0,22,10000,[6873.885565690778],[167.58176393668163],[0.4258169398597689],-20,0.47225383165623097
407,-0.32131521389909323,0.0,22,10000,[6873.885565690778],[167.58176393668163],[0.4258169398597689],-20,0.47225383165623097
408,0.5134253936221043,0.0,22,10000,[6873.885565690778],[167.58176393668163],[0.4258169398597689],-20,0.47225383165623097
409,0.1864207967072418,0.0,22,10000,[6873.885565690778],[167.58176393668163],[0.4258169398597689],-20,0.47225383165623097
410,-0.5022028187919134,0.0,22,10000,[6873.885565690778],[167.58176393668163],[0.4258169398597689],-20,0.47225383165623097
411,-1.711931583976588,0.0,22,10000,[6873.885565690778],[167.58176393668163],[0.4258169398597689],-20,0.47225383165623097
412,0.2920407407119362,0.0,22,10000,[6873.885565690778],[167.58176393668163],[0.4258169398597689],-20,0.47225383165623097
413,-0.28623903267860085,0.0,22,10000,[6873.885565690778],[167.58176393668163],[0.4258169398597689],-20,0.47225383165623097
414,-0.6394481014187147,0.0,22,10000,[6873.885565690778],[167.58176393668163],[0.4258169398597689],-20,0.47225383165623097
415,-0.6338204319316799,0.0,22,10000,[6873.885565690778],[167.58176393668163],[0.4258169398597689],-20,0.47225383165623097
416,-0.5071657822694778,0.0,22,10000,[6873.885565690778],[167.58176393668163],[0.4258169398597689],-20,0.47225383165623097
417,0.635209583310054,0.0,22,10000,[6873.885565690778],[167.58176393668163],[0.4258169398597689],-20,0.47225383165623097
418,-0.2458684073370009,0.0,22,10000,[6873.885565690778],[167.58176393668163],[0.4258169398597689],-20,0.47225383165623097
419,0.829563006502248,0.0,22,10000,[6873.885565690778],[167.58176393668163],[0.4258169398597689],-20,0.47225383165623097
420,-0.19778959392814732,0.0,22,10000,[6873.885565690778],[167.58176393668163],[0.4258169398597689],-20,0.47225383165623097
421,0.03251753920426838,0.0,22,10000,[6873.885565690778],[167.58176393668163],[0.4258169398597689],-20,0.47225383165623097
422,-0.0410700234002873,0.0,22,10000,[6873.885565690778],[167.58176393668163],[0.4258169398597689],-20,0.47225383165623097
423,-1.1148846504098373,0.0,22,10000,[6873.885565690778],[167.58176393668163],[0.4258169398597689],-20,0.47225383165623097
424,0.04961754977371802,0.0,22,10000,[6873.885565690778],[167.58176393668163],[0.4258169398597689],-20,0.47225383165623097
425,0.630558779760953,0.0,22,10000,[6873.885565690778],[167.58176393668163],[0.4258169398597689],-20,0.47225383165623097
426,-0.24919875270387326,0.0,22,10000,[6873.885565690778],[167.58176393668163],[0.4258169398597689],-20,0.47225383165623097
427,-0.46764065904116736,0.0,22,10000,[6873.885565690778],[167.58176393668163],[0.4258169398597689],-20,0.47225383165623097
428,0.5622310997622808,0.0,22,10000,[6873.885565690778],[167.58176393668163],[0.4258169398597689],-20,0.47225383165623097
429,0.010205750835051501,0.0,22,10000,[6873.885565690778],[167.58176393668163],[0.4258169398597689],-20,0.47225383165623097
430,0.7079235366998645,0.0,22,10000,[6873.885565690778],[167.58176393668163],[0.4258169398597689],-20,0.47225383165623097
431,-0.46276733827853567,0.0,22,10000,[6873.885565690778],[167.58176393668163],[0.4258169398597689],-20,0.47225383165623097
432,-0.5065066769060277,0.0,22,10000,[6873.885565690778],[167.58176393668163],[0.4258169398597689],-20,0.47225383165623097
433,0.44037678100337324,0.0,22,10000,[6873.885565690778],[167.58176393668163],[0.4258169398597689],-20,0.47225383165623097
434,0.13085121035026454,0.0,22,10000,[6873.885565690778],[167.58176393668163],[0.4258169398597689],-20,0.47225383165623097
435,-0.9234846638029676,0.0,22,10000,[6873.885565690778],[167.58176393668163],[0.4258169398597689],-20,0.47225383165623097
436,-0.20449660144737938,0.0,22,10000,[6873.885565690778],[167.58176393668163],[0.4258169398597689],-20,0.47225383165623097
437,0.13035927679333717,0.0,22,10000,[6873.885565690778],[167.58176393668163],[0.4258169398597689],-20,0.47225383165623097
438,0.16250783549193637,0.0,22,10000,[6873.885565690778],[167.58176393668163],[0.4258169398597689],-20,0.47225383165623097
439,-0.7776840980399199,0.0,22,10000,[6873.885565690778],[167.58176393668163],[0.4258169398597689],-20,0.47225383165623097
440,-0.8110326189215545,0.0,22,10000,[6873.885565690778],[167.58176393668163],[0.4258169398597689],-20,0.47225383165623097
441,-0.020569480074771662,0.0,22,10000,[6873.885565690778],[167.58176393668163],[0.4258169398597689],-20,0.47225383165623097
442,-0.3115857806471623,0.0,22,10000,[6873.885565690778],[167.58176393668163],[0.4258169398597689],-20,0.47225383165623097
443,-0.3273014342028251,0.0,22,10000,[6873.885565690778],[167.58176393668163],[0.4258169398597689],-20,0.47225383165623097
444,-0.18922271150505285,0.0,22,10000,[6873.885565690778],[167.58176393668163],[0.4258169398597689],-20,0.47225383165623097
445,-0.482731409084624,0.0,22,10000,[6873.885565690778],[167.58176393668163],[0.4258169398597689],-20,0.47225383165623097
446,-0.16631849133278725,0.0,22,10000,[6873.885565690778],[167.58176393668163],[0.4258169398597689],-20,0.47225383165623097
447,0.682940269067794,0.0,22,10000,[6873.885565690778],[167.58176393668163],[0.4258169398597689],-20,0.47225383165623097
448,-0.04874932472245246,0.0,22,10000,[6873.885565690778],[167.58176393668163],[0.4258169398597689],-20,0.47225383165623097
449,0.8113565346963546,0.0,22,10000,[6873.885565690778],[167.58176393668163],[0.4258169398597689],-20,0.47225383165623097
450,-0.36560166393687166,0.0,22,10000,[6873.885565690778],[167.58176393668163],[0.4258169398597689],-20,0.47225383165623097
451,0.38864215353355863,0.0,22,10000,[6873.885565690778],[167.58176393668163],[0.4258169398597689],-20,0.47225383165623097
452,0.19714230082786127,0.0,22,10000,[6873.885565690778],[167.58176393668163],[0.4258169398597689],-20,0.47225383165623097
453,-0.0649023406482756,0.0,22,10000,[6873.885565690778],[167.58176393668163],[0.4258169398597689],-20,0.47225383165623097
454,-0.43669307530088836,0.0,22,10000,[6873.885565690778],[167.58176393668163],[0.4258169398597689],-20,0.47225383165623097
455,-0.35465192015053926,0.0,22,10000,[6873.885565690778],[167.58176393668163],[0.4258169398597689],-20,0.47225383165623097
456,-0.2990005864815654,0.0,22,10000,[6873.885565690778],[167.58176393668163],[0.4258169398597689],-20,0.47225383165623097
457,-0.5033644445594803,0.0,22,10000,[6873.885565690778],[167.58176393668163],[0.4258169398597689],-20,0.47225383165623097
458,0.5193458271164122,0.0,22,10000,[6873.885565690778],[167.58176393668163],[0.4258169398597689],-20,0.47225383165623097
459,-0.3963582444157342,0.0,22,10000,[6873.885565690778],[167.58176393668163],[0.4258169398597689],-20,0.47225383165623097
460,0.08274932277700693,0.0,22,10000,[6873.885565690778],[167.58176393668163],[0.4258169398597689],-20,0.47225383165623097
461,0.7753386644194286,0.0,22,10000,[6873.885565690778],[167.58176393668163],[0.4258169398597689],-20,0.47225383165623097
462,0.21448220978807908,0.0,22,10000,[6873.885565690778],[167.58176393668163],[0.4258169398597689],-20,0.47225383165623097
463,-0.07020652560240014,0.0,22,10000,[6873.885565690778],[167.58176393668163],[0.4258169398597689],-20,0.47225383165623097
464,-0.21684954436290269,0.0,22,10000,[6873.885565690778],[167.58176393668163],[0.4258169398597689],-20,0.47225383165623097
465,-0.33923588657413123,0.0,22,10000,[6873.885565690778],[167.58176393668163],[0.4258169398597689],-20,0.47225383165623097
466,-0.018452434115420226,0.0,22,10000,[6873.885565690778],[167.58176393668163],[0.4258169398597689],-20,0.47225383165623097
467,0.8373271447530674,0.0,22,10000,[6873.885565690778],[167.58176393668163],[0.4258169398597689],-20,0.47225383165623097
468,-0.7135805801826139,0.0,22,10000,[6873.885565690778],[167.58176393668163],[0.4258169398597689],-20,0.47225383165623097
469,0.027044328326622562,0.0,22,10000,[6873.885565690778],[167.58176393668163],[0.4258169398597689],-20,0.47225383165623097
470,-0.10420823903369572,0.0,22,10000,[6873.885565690778],[167.58176393668163],[0.4258169398597689],-20,0.47225383165623097
471,0.06215193981327218,0.0,22,10000,[6873.885565690778],[167.58176393668163],[0.4258169398597689],-20,0.47225383165623097
472,-0.23889650275521615,0.0,22,10000,[6873.885565690778],[167.58176393668163],[0.4258169398597689],-20,0.47225383165623097
473,0.14411242707172975,0.0,22,10000,[6873.885565690778],[167.58176393668163],[0.4258169398597689],-20,0.47225383165623097
474,0.9953640868828091,0.0,22,10000,[6873.885565690778],[167.58176393668163],[0.4258169398597689],-20,0.47225383165623097
475,0.26929762796223733,0.0,22,10000,[6873.885565690778],[167.58176393668163],[0.4258169398597689],-20,0.47225383165623097
476,-0.6031061599684048,0.0,22,10000,[6873.885565690778],[167.58176393668163],[0.4258169398597689],-20,0.47225383165623097
477,-0.4217270584105653,0.0,22,10000,[6873.885565690778],[167.58176393668163],[0.4258169398597689],-20,0.47225383165623097
478,-0.9549558712809932,0.0,22,10000,[6873.885565690778],[167.58176393668163],[0.4258169398597689],-20,0.47225383165623097
479,0.0945731031833199,0.0,22,10000,[6873.885565690778],[167.58176393668163],[0.4258169398597689],-20,0.47225383165623097
480,-0.3753958844399684,0.0,22,10000,[6873.885565690778],[167.58176393668163],[0.4258169398597689],-20,0.47225383165623097
481,-0.2940102181085619,0.0,22,10000,[6873.885565690778],[167.58176393668163],[0.4258169398597689],-20,0.47225383165623097
482,0.7200523317550043,0.0,22,10000,[6873.885565690778],[167.58176393668163],[0.4258169398597689],-20,0.47225383165623097
483,0.8624371144776327,0.0,22,10000,[6873.885565690778],[167.58176393668163],[0.4258169398597689],-20,0.47225383165623097
484,0.194708624798858,0.0,22,10000,[6873.885565690778],[167.58176393668163],[0.4258169398597689],-20,0.47225383165623097
485,-0.019358152397115132,0.0,22,10000,[6873.885565690778],[167.58176393668163],[0.4258169398597689],-20,0.47225383165623097
486,-0.1219332428496583,0.0,22,10000,[6873.885565690778],[167.58176393668163],[0.4258169398597689],-20,0.47225383165623097
487,-0.3882780878356157,0.0,22,10000,[6873.885565690778],[167.58176393668163],[0.4258169398597689],-20,0.47225383165623097
488,0.03696909604387093,0.0,22,10000,[6873.885565690778],[167.58176393668163],[0.4258169398597689],-20,0.47225383165623097
489,0.47272851982198183,0.0,22,10000,[6873.885565690778],[167.58176393668163],[0.4258169398597689],-20,0.47225383165623097
490,0.9132380601053282,0.0,22,10000,[6873.885565690778],[167.58176393668163],[0.4258169398597689],-20,0.47225383165623097
491,0.24463873684245693,0.0,22,10000,[6873.885565690778],[167.58176393668163],[0.4258169398597689],-20,0.47225383165623097
492,-0.32622984878407324,0.0,22,10000,[6873.885565690778],[167.58176393668163],[0.4258169398597689],-20,0.47225383165623097
493,0.5347772229306604,0.0,22,10000,[6873.885565690778],[167.58176393668163],[0.4258169398597689],-20,0.47225383165623097
494,0.6006099718409118,0.0,22,10000,[6873.885565690778],[167.58176393668163],[0.4258169398597689],-20,0.47225383165623097
495,-0.18397787539636729,0.0,22,10000,[6873.885565690778],[167.58176393668163],[0.4258169398597689],-20,0.47225383165623097
496,-0.021736722892939837,0.0,22,10000,[6873.885565690778],[167.58176393668163],[0.4258169398597689],-20,0.47225383165623097
497,-0.8695053400650049,0.0,22,10000,[6873.885565690778],[167.58176393668163],[0.4258169398597689],-20,0.47225383165623097
498,0.5028375081361326,0.0,22,10000,[6873.885565690778],[167.58176393668163],[0.4258169398597689],-20,0.47225383165623097
499,0.6419336333755419,0.0,22,10000,[6873.885565690778],[167.58176393668163],[0.4258169398597689],-20,0.47225383165623097
500,-0.19256598970333938,0.0,22,10000,[6873.885565690778],[167.58176393668163],[0.4258169398597689],-20,0.47225383165623097
501,0.049729082008185495,0.0,22,10000,[6873.885565690778],[167.58176393668163],[0.4258169398597689],-20,0.47225383165623097
502,0.43228057930746966,0.0,22,10000,[6873.885565690778],[167.58176393668163],[0.4258169398597689],-20,0.47225383165623097
503,-0.29137224236164067,0.0,22,10000,[6873.885565690778],[167.58176393668163],[0.4258169398597689],-20,0.47225383165623097
504,-0.10918695814738265,0.0,22,10000,[6873.885565690778],[167.58176393668163],[0.4258169398597689],-20,0.47225383165623097
505,-0.2972139031867087,0.0,22,10000,[6873.885565690778],[167.58176393668163],[0.4258169398597689],-20,0.47225383165623097
506,1.029567261706526,0.0,22,10000,[6873.885565690778],[167.58176393668163],[0.4258169398597689],-20,0.47225383165623097
507,-0.21084327135428055,0.0,22,10000,[6873.885565690778],[167.58176393668163],[0.4258169398597689],-20,0.47225383165623097
508,-0.8239040534304294,0.0,22,10000,[6873.885565690778],[167.58176393668163],[0.4258169398597689],-20,0.47225383165623097
509,1.0171284293407206,0.0,22,10000,[6873.885565690778],[167.58176393668163],[0.4258169398597689],-20,0.47225383165623097
510,0.21008795473749023,0.0,22,10000,[6873.885565690778],[167.58176393668163],[0.4258169398597689],-20,0.47225383165623097
511,0.009007960583323591,0.0,22,10000,[6873.885565690778],[167.58176393668163],[0.4258169398597689],-20,0.47225383165623097
512,-0.2458513917944477,0.0,22,10000,[6873.885565690778],[167.58176393668163],[0.4258169398597689],-20,0.47225383165623097
513,-0.18881458990567973,0.0,22,10000,[6873.885565690778],[167.58176393668163],[0.4258169398597689],-20,0.47225383165623097
514,0.7545157377534656,0.0,22,10000,[6873.885565690778],[167.58176393668163],[0.4258169398597689],-20,0.47225383165623097
515,0.0196999032702832,0.0,22,10000,[6873.885565690778],[167.58176393668163],[0.4258169398597689],-20,0.47225383165623097
516,-0.5740101653202508,0.0,22,10000,[6873.885565690778],[167.58176393668163],[0.4258169398597689],-20,0.47225383165623097
517,-1.2443861907018507,0.0,22,10000,[6873.885565690778],[167.58176393668163],[0.4258169398597689],-20,0.47225383165623097
518,-0.07348188116330785,0.0,22,10000,[6873.885565690778],[167.58176393668163],[0.4258169398597689],-20,0.47225383165623097
519,-0.23996198106525612,0.0,22,10000,[6873.885565690778],[167.58176393668163],[0.4258169398597689],-20,0.47225383165623097
520,-0.3260386244389067,0.0,22,10000,[6873.885565690778],[167.58176393668163],[0.4258169398597689],-20,0.47225383165623097
521,0.5229396949023913,0.0,22,10000,[6873.885565690778],[167.58176393668163],[0.4258169398597689],-20,0.47225383165623097
522,0.8190352849212569,0.0,22,10000,[6873.885565690778],[167.58176393668163],[0.4258169398597689],-20,0.47225383165623097
523,-0.3533995639964284,0.0,22,10000,[6873.885565690778],[167.58176393668163],[0.4258169398597689],-20,0.47225383165623097
524,0.24558888796522338,0.0,22,10000,[6873.885565690778],[167.58176393668163],[0.4258169398597689],-20,0.47225383165623097
525,0.3627308874333744,0.0,22,10000,[6873.885565690778],[167.58176393668163],[0.4258169398597689],-20,0.47225383165623097
526,0.21944347913642986,0.0,22,10000,[6873.885565690778],[167.58176393668163],[0.4258169398597689],-20,0.47225383165623097
527,0.5029117047135812,0.0,22,10000,[6873.885565690778],[167.58176393668163],[0.4258169398597689],-20,0.47225383165623097
528,0.008899401176493897,0.0,22,10000,[6873.885565690778],[167.58176393668163],[0.4258169398597689],-20,0.47225383165623097
529,0.14878414378028287,0.0,22,10000,[6873.885565690778],[167.58176393668163],[0.4258169398597689],-20,0.47225383165623097
530,-0.07719721737372502,0.0,22,10000,[6873.885565690778],[167.58176393668163],[0.4258169398597689],-20,0.47225383165623097
531,-0.5068229625789094,0.0,22,10000,[6873.885565690778],[167.58176393668163],[0.4258169398597689],-20,0.47225383165623097
532,0.36058674306341554,0.0,22,10000,[6873.885565690778],[167.58176393668163],[0.4258169398597689],-20,0.47225383165623097
533,0.5991753070245057,0.0,22,10000,[6873.885565690778],[167.58176393668163],[0.4258169398597689],-20,0.47225383165623097
534,-0.5346501966105964,0.0,22,10000,[6873.885565690778],[167.58176393668163],[0.4258169398597689],-20,0.47225383165623097
535,0.5143347103450141,0.0,22,10000,[6873.885565690778],[167.58176393668163],[0.4258169398597689],-20,0.47225383165623097
536,-0.7805135219750514,0.0,22,10000,[6873.885565690778],[167.58176393668163],[0.4258169398597689],-20,0.47225383165623097
537,0.4670513237570924,0.0,22,10000,[6873.885565690778],[167.58176393668163],[0.4258169398597689],-20,0.47225383165623097
538,0.41096425519055324,0.0,22,10000,[6873.885565690778],[167.58176393668163],[0.4258169398597689],-20,0.47225383165623097
539,0.0727146460166547,0.0,22,10000,[6873.885565690778],[167.58176393668163],[0.4258169398597689],-20,0.47225383165623097
540,-0.020503999852115054,0.0,22,10000,[6873.885565690778],[167.58176393668163],[0.4258169398597689],-20,0.47225383165623097
541,-0.2251840260704364,0.0,22,10000,[6873.885565690778],[167.58176393668163],[0.4258169398597689],-20,0.47225383165623097
542,-0.1915588899365752,0.0,22,10000,[6873.885565690778],[167.58176393668163],[0.4258169398597689],-20,0.47225383165623097
543,0.43108915117823116,0.0,22,10000,[6873.885565690778],[167.58176393668163],[0.4258169398597689],-20,0.47225383165623097
544,0.07168050086342544,0.0,22,10000,[6873.885565690778],[167.58176393668163],[0.4258169398597689],-20,0.47225383165623097
545,-0.005292147554336318,0.0,22,10000,[6873.885565690778],[167.58176393668163],[0.4258169398597689],-20,0.47225383165623097
546,1.0288232893530602,0.0,22,10000,[6873.885565690778],[167.58176393668163],[0.4258169398597689],-20,0.47225383165623097
547,0.3808687442605696,0.0,22,10000,[6873.885565690778],[167.58176393668163],[0.4258169398597689],-20,0.47225383165623097
548,-0.3043595774957661,0.0,22,10000,[6873.885565690778],[167.58176393668163],[0.4258169398597689],-20,0.47225383165623097
549,0.7690966891301451,0.0,22,10000,[6873.885565690778],[167.58176393668163],[0.4258169398597689],-20,0.47225383165623097
550,-0.3405719137587436,0.0,22,10000,[6873.885565690778],[167.58176393668163],[0.4258169398597689],-20,0.47225383165623097
551,0.3623852779658032,0.0,22,10000,[6873.885565690778],[167.58176393668163],[0.4258169398597689],-20,0.47225383165623097
552,0.7292148143337646,0.0,22,10000,[6873.885565690778],[167.58176393668163],[0.4258169398597689],-20,0.47225383165623097
553,0.934528482354567,0.0,22,10000,[6873.885565690778],[167.58176393668163],[0.4258169398597689],-20,0.47225383165623097
554,-0.9793941312638377,0.0,22,10000,[6873.885565690778],[167.58176393668163],[0.4258169398597689],-20,0.47225383165623097
555,-0.33964026917606865,0.0,22,10000,[6873.885565690778],[167.58176393668163],[0.4258169398597689],-20,0.47225383165623097
556,0.07968241844107934,0.0,22,10000,[6873.885565690778],[167.58176393668163],[0.4258169398597689],-20,0.47225383165623097
557,-0.7222771852356105,0.0,22,10000,[6873.885565690778],[167.58176393668163],[0.4258169398597689],-20,0.47225383165623097
558,-0.11276462549951555,0.0,22,10000,[6873.885565690778],[167.58176393668163],[0.4258169398597689],-20,0.47225383165623097
559,-0.1510995313518345,0.0,22,10000,[6873.885565690778],[167.58176393668163],[0.4258169398597689],-20,0.47225383165623097
560,-0.0799520470674642,0.0,22,10000,[6873.885565690778],[167.58176393668163],[0.4258169398597689],-20,0.47225383165623097
561,0.32284121342688976,0.0,22,10000,[6873.885565690778],[167.58176393668163],[0.4258169398597689],-20,0.47225383165623097
562,-0.301916555202686,0.0,22,10000,[6873.885565690778],[167.58176393668163],[0.4258169398597689],-20,0.47225383165623097
563,0.8512562857463004,0.0,22,10000,[6873.885565690778],[167.58176393668163],[0.4258169398597689],-20,0.47225383165623097
564,0.5787479910448932,0.0,22,10000,[6873.885565690778],[167.58176393668163],[0.4258169398597689],-20,0.47225383165623097
565,-0.2953214464602415,0.0,22,10000,[6873.885565690778],[167.58176393668163],[0.4258169398597689],-20,0.47225383165623097
566,0.15333898858095968,0.0,22,10000,[6873.885565690778],[167.58176393668163],[0.4258169398597689],-20,0.47225383165623097
567,-0.0022450461266456767,0.0,22,10000,[6873.885565690778],[167.58176393668163],[0.4258169398597689],-20,0.47225383165623097
568,-0.836493110492842,0.0,22,10000,[6873.885565690778],[167.58176393668163],[0.4258169398597689],-20,0.47225383165623097
569,-0.5038532268223094,0.0,22,10000,[6873.885565690778],[167.58176393668163],[0.4258169398597689],-20,0.47225383165623097
570,-0.3749268445369451,0.0,22,10000,[6873.885565690778],[167.58176393668163],[0.4258169398597689],-20,0.47225383165623097
571,-0.13180880203010137,0.0,22,10000,[6873.885565690778],[167.58176393668163],[0.4258169398597689],-20,0.47225383165623097
572,-0.35156057851335126,0.0,22,10000,[6873.885565690778],[167.58176393668163],[0.4258169398597689],-20,0.47225383165623097
573,-0.9363063172586028,0.0,22,10000,[6873.885565690778],[167.58176393668163],[0.4258169398597689],-20,0.47225383165623097
574,-0.04552819708202735,0.0,22,10000,[6873.885565690778],[167.58176393668163],[0.4258169398597689],-20,0.47225383165623097
575,1.0156034292866112,0.0,22,10000,[6873.885565690778],[167.58176393668163],[0.4258169398597689],-20,0.47225383165623097
576,-0.2962227813012654,0.0,22,10000,[6873.885565690778],[167.58176393668163],[0.4258169398597689],-20,0.47225383165623097
577,-0.49007041150633984,0.0,22,10000,[6873.885565690778],[167.58176393668163],[0.4258169398597689],-20,0.47225383165623097
578,0.18282745231774175,0.0,22,10000,[6873.885565690778],[167.58176393668163],[0.4258169398597689],-20,0.47225383165623097
579,-0.09124976944447423,0.0,22,10000,[6873.885565690778],[167.58176393668163],[0.4258169398597689],-20,0.47225383165623097
580,-0.09210667461187305,0.0,22,10000,[6873.885565690778],[167.58176393668163],[0.4258169398597689],-20,0.47225383165623097
581,0.22550027806005057,0.0,22,10000,[6873.885565690778],[167.58176393668163],[0.4258169398597689],-20,0.47225383165623097
582,0.6425370137471913,0.0,22,10000,[6873.885565690778],[167.58176393668163],[0.4258169398597689],-20,0.47225383165623097
583,-0.04674086248650326,0.0,22,10000,[6873.885565690778],[167.58176393668163],[0.4258169398597689],-20,0.47225383165623097
584,-0.5654284888737794,0.0,22,10000,[6873.885565690778],[167.58176393668163],[0.4258169398597689],-20,0.47225383165623097
585,0.10787853490266816,0.0,22,10000,[6873.885565690778],[167.58176393668163],[0.4258169398597689],-20,0.47225383165623097
586,-0.08488662859276137,0.0,22,10000,[6873.885565690778],[167.58176393668163],[0.4258169398597689],-20,0.47225383165623097
587,-0.08611322263453319,0.0,22,10000,[6873.885565690778],[167.58176393668163],[0.4258169398597689],-20,0.47225383165623097
588,0.0029749559956487323,0.0,22,10000,[6873.885565690778],[167.58176393668163],[0.4258169398597689],-20,0.47225383165623097
589,0.09603408597706704,0.0,22,10000,[6873.885565690778],[167.58176393668163],[0.4258169398597689],-20,0.47225383165623097
590,-0.47172191856141,0.0,22,10000,[6873.885565690778],[167.58176393668163],[0.4258169398597689],-20,0.47225383165623097
591,0.23441278206146515,0.0,22,10000,[6873.885565690778],[167.58176393668163],[0.4258169398597689],-20,0.47225383165623097
592,0.18886335586366554,0.0,22,10000,[6873.885565690778],[167.58176393668163],[0.4258169398597689],-20,0.47225383165623097
593,-1.2138793063506816,0.0,22,10000,[6873.885565690778],[167.58176393668163],[0.4258169398597689],-20,0.47225383165623097
594,-0.458662756092244,0.0,22,10000,[6873.885565690778],[167.58176393668163],[0.4258169398597689],-20,0.47225383165623097
595,0.029429034597621376,0.0,22,10000,[6873.885565690778],[167.58176393668163],[0.4258169398597689],-20,0.47225383165623097
596,-0.9028939244272236,0.0,22,10000,[6873.885565690778],[167.58176393668163],[0.4258169398597689],-20,0.47225383165623097
597,-0.8709145316537836,0.0,22,10000,[6873.885565690778],[167.58176393668163],[0.4258169398597689],-20,0.47225383165623097
598,0.749213331925169,0.0,22,10000,[6873.885565690778],[167.58176393668163],[0.4258169398597689],-20,0.47225383165623097
599,-0.33251257378979016,0.0,22,10000,[6873.885565690778],[167.58176393668163],[0.4258169398597689],-20,0.47225383165623097
600,-1.1091086309491553,0.0,22,10000,[6873.885565690778],[167.58176393668163],[0.4258169398597689],-20,0.47225383165623097
601,0.6823213686625477,0.0,22,10000,[6873.885565690778],[167.58176393668163],[0.4258169398597689],-20,0.47225383165623097
602,-0.39692311486506693,0.0,22,10000,[6873.885565690778],[167.58176393668163],[0.4258169398597689],-20,0.47225383165623097
603,-0.19983106365146286,0.0,22,10000,[6873.885565690778],[167.58176393668163],[0.4258169398597689],-20,0.47225383165623097
604,-0.8880722887327398,0.0,22,10000,[6873.885565690778],[167.58176393668163],[0.4258169398597689],-20,0.47225383165623097
605,-0.2204233794279163,0.0,22,10000,[6873.885565690778],[167.58176393668163],[0.4258169398597689],-20,0.47225383165623097
606,0.02084670160557013,0.0,22,10000,[6873.885565690778],[167.58176393668163],[0.4258169398597689],-20,0.47225383165623097
607,0.20518653049350322,0.0,22,10000,[6873.885565690778],[167.58176393668163],[0.4258169398597689],-20,0.47225383165623097
608,0.19837532052674797,0.0,22,10000,[6873.885565690778],[167.58176393668163],[0.4258169398597689],-20,0.47225383165623097
609,0.14898875619049548,0.0,22,10000,[6873.885565690778],[167.58176393668163],[0.4258169398597689],-20,0.47225383165623097
610,0.7057221205332794,0.0,22,10000,[6873.885565690778],[167.58176393668163],[0.4258169398597689],-20,0.47225383165623097
611,-0.4875609105676913,0.0,22,10000,[6873.885565690778],[167.58176393668163],[0.4258169398597689],-20,0.47225383165623097
612,0.0497800135426722,0.0,22,10000,[6873.885565690778],[167.58176393668163],[0.4258169398597689],-20,0.47225383165623097
613,-0.11497369767500656,0.0,22,10000,[6873.885565690778],[167.58176393668163],[0.4258169398597689],-20,0.47225383165623097
614,-0.21090800034085622,0.0,22,10000,[6873.885565690778],[167.58176393668163],[0.4258169398597689],-20,0.47225383165623097
615,0.058238853074860826,0.0,22,10000,[6873.885565690778],[167.58176393668163],[0.4258169398597689],-20,0.47225383165623097
616,1.2825182794630152,0.0,22,10000,[6873.885565690778],[167.58176393668163],[0.4258169398597689],-20,0.47225383165623097
617,0.585177007214878,0.0,22,10000,[6873.885565690778],[167.58176393668163],[0.4258169398597689],-20,0.47225383165623097
618,0.7217301623609589,0.0,22,10000,[6873.885565690778],[167.58176393668163],[0.4258169398597689],-20,0.47225383165623097
619,0.5459758095930831,0.0,22,10000,[6873.885565690778],[167.58176393668163],[0.4258169398597689],-20,0.47225383165623097
620,0.20858049775397688,0.0,22,10000,[6873.885565690778],[167.58176393668163],[0.4258169398597689],-20,0.47225383165623097
621,-0.20585180774577314,0.0,22,10000,[6873.885565690778],[167.58176393668163],[0.4258169398597689],-20,0.47225383165623097
622,-0.4010571744268625,0.0,22,10000,[6873.885565690778],[167.58176393668163],[0.4258169398597689],-20,0.47225383165623097
623,0.31869901132366646,0.0,22,10000,[6873.885565690778],[167.58176393668163],[0.4258169398597689],-20,0.47225383165623097
624,0.34000067311718185,0.0,22,10000,[6873.885565690778],[167.58176393668163],[0.4258169398597689],-20,0.47225383165623097
625,-1.3046749634123178,0.0,22,10000,[6873.885565690778],[167.58176393668163],[0.4258169398597689],-20,0.47225383165623097
626,0.03989823302960793,0.0,22,10000,[6873.885565690778],[167.58176393668163],[0.4258169398597689],-20,0.47225383165623097
627,-0.0806139628550393,0.0,22,10000,[6873.885565690778],[167.58176393668163],[0.4258169398597689],-20,0.47225383165623097
628,0.4315899868700777,0.0,22,10000,[6873.885565690778],[167.58176393668163],[0.4258169398597689],-20,0.47225383165623097
629,-0.7067442650562253,0.0,22,10000,[6873.885565690778],[167.58176393668163],[0.4258169398597689],-20,0.47225383165623097
630,0.06871759996034699,0.0,22,10000,[6873.885565690778],[167.58176393668163],[0.4258169398597689],-20,0.47225383165623097
631,-0.08271748731369652,0.0,22,10000,[6873.885565690778],[167.58176393668163],[0.4258169398597689],-20,0.47225383165623097
632,-0.40178812767706373,0.0,22,10000,[6873.885565690778],[167.58176393668163],[0.4258169398597689],-20,0.47225383165623097
633,-0.11477912079567802,0.0,22,10000,[6873.885565690778],[167.58176393668163],[0.4258169398597689],-20,0.47225383165623097
634,-0.14616870864425174,0.0,22,10000,[6873.885565690778],[167.58176393668163],[0.4258169398597689],-20,0.47225383165623097
635,0.3974316616289549,0.0,22,10000,[6873.885565690778],[167.58176393668163],[0.4258169398597689],-20,0.47225383165623097
636,0.8420088425142768,0.0,22,10000,[6873.885565690778],[167.58176393668163],[0.4258169398597689],-20,0.47225383165623097
637,-0.04093219194426777,0.0,22,10000,[6873.885565690778],[167.58176393668163],[0.4258169398597689],-20,0.47225383165623097
638,0.34589325654529063,0.0,22,10000,[6873.885565690778],[167.58176393668163],[0.4258169398597689],-20,0.47225383165623097
639,0.06258706300923436,0.0,22,10000,[6873.885565690778],[167.58176393668163],[0.4258169398597689],-20,0.47225383165623097
640,-0.5791937007640728,0.0,22,10000,[6873.885565690778],[167.58176393668163],[0.4258169398597689],-20,0.47225383165623097
641,-0.17324442104800886,0.0,22,10000,[6873.885565690778],[167.58176393668163],[0.4258169398597689],-20,0.47225383165623097
642,0.40365905665225815,0.0,22,10000,[6873.885565690778],[167.58176393668163],[0.4258169398597689],-20,0.47225383165623097
643,-0.10475500892049745,0.0,22,10000,[6873.885565690778],[167.58176393668163],[0.4258169398597689],-20,0.47225383165623097
644,0.51150387627877,0.0,22,10000,[6873.885565690778],[167.58176393668163],[0.4258169398597689],-20,0.47225383165623097
645,0.5597309108757124,0.0,22,10000,[6873.885565690778],[167.58176393668163],[0.4258169398597689],-20,0.47225383165623097
646,0.1553246608593427,0.0,22,10000,[6873.885565690778],[167.58176393668163],[0.4258169398597689],-20,0.47225383165623097
647,0.43634114585471545,0.0,22,10000,[6873.885565690778],[167.58176393668163],[0.4258169398597689],-20,0.47225383165623097
648,0.03956386627499253,0.0,22,10000,[6873.885565690778],[167.58176393668163],[0.4258169398597689],-20,0.47225383165623097
649,0.44098069631373116,0.0,22,10000,[6873.885565690778],[167.58176393668163],[0.4258169398597689],-20,0.47225383165623097
650,-0.006790112758904054,0.0,22,10000,[6873.885565690778],[167.58176393668163],[0.4258169398597689],-20,0.47225383165623097
651,-0.2832146956986612,0.0,22,10000,[6873.885565690778],[167.58176393668163],[0.4258169398597689],-20,0.47225383165623097
652,0.511637678431593,0.0,22,10000,[6873.885565690778],[167.58176393668163],[0.4258169398597689],-20,0.47225383165623097
653,-0.2360745038913204,0.0,22,10000,[6873.885565690778],[167.58176393668163],[0.4258169398597689],-20,0.47225383165623097
654,0.08155382200770975,0.0,22,10000,[6873.885565690778],[167.58176393668163],[0.4258169398597689],-20,0.47225383165623097
655,0.472887254232828,0.0,22,10000,[6873.885565690778],[167.58176393668163],[0.4258169398597689],-20,0.47225383165623097
656,0.8142964290298239,0.0,22,10000,[6873.885565690778],[167.58176393668163],[0.4258169398597689],-20,0.47225383165623097
657,0.38676133588755657,0.0,22,10000,[6873.885565690778],[167.58176393668163],[0.4258169398597689],-20,0.47225383165623097
658,-0.7361978670227659,0.0,22,10000,[6873.885565690778],[167.58176393668163],[0.4258169398597689],-20,0.47225383165623097
659,-0.30369922481477496,0.0,22,10000,[6873.885565690778],[167.58176393668163],[0.4258169398597689],-20,0.47225383165623097
660,-0.022867802508176053,0.0,22,10000,[6873.885565690778],[167.58176393668163],[0.4258169398597689],-20,0.47225383165623097
661,-0.1686326875253476,0.0,22,10000,[6873.885565690778],[167.58176393668163],[0.4258169398597689],-20,0.47225383165623097
662,0.17455637830004225,0.0,22,10000,[6873.885565690778],[167.58176393668163],[0.4258169398597689],-20,0.47225383165623097
663,0.22964447049945402,0.0,22,10000,[6873.885565690778],[167.58176393668163],[0.4258169398597689],-20,0.47225383165623097
664,0.5747948731840312,0.0,22,10000,[6873.885565690778],[167.58176393668163],[0.4258169398597689],-20,0.47225383165623097
665,0.033333819994158624,0.0,22,10000,[6873.885565690778],[167.58176393668163],[0.4258169398597689],-20,0.47225383165623097
666,-0.4342636190900892,0.0,22,10000,[6873.885565690778],[167.58176393668163],[0.4258169398597689],-20,0.47225383165623097
667,0.006176991866941851,0.0,22,10000,[6873.885565690778],[167.58176393668163],[0.4258169398597689],-20,0.47225383165623097
668,0.1888190931522586,0.0,22,10000,[6873.885565690778],[167.58176393668163],[0.4258169398597689],-20,0.47225383165623097
669,-1.5670658181881876,0.0,22,10000,[6873.885565690778],[167.58176393668163],[0.4258169398597689],-20,0.47225383165623097
670,-0.4498291897035922,0.0,22,10000,[6873.885565690778],[167.58176393668163],[0.4258169398597689],-20,0.47225383165623097
671,-0.08777441344874819,0.0,22,10000,[6873.885565690778],[167.58176393668163],[0.4258169398597689],-20,0.47225383165623097
672,0.013712639121831273,0.0,22,10000,[6873.885565690778],[167.58176393668163],[0.4258169398597689],-20,0.47225383165623097
673,-0.25133453763857094,0.0,22,10000,[6873.885565690778],[167.58176393668163],[0.4258169398597689],-20,0.47225383165623097
674,0.3896220206621343,0.0,22,10000,[6873.885565690778],[167.58176393668163],[0.4258169398597689],-20,0.47225383165623097
675,0.2006665476149008,0.0,22,10000,[6873.885565690778],[167.58176393668163],[0.4258169398597689],-20,0.47225383165623097
676,0.32261125972156407,0.0,22,10000,[6873.885565690778],[167.58176393668163],[0.4258169398597689],-20,0.47225383165623097
677,-0.35669915874287755,0.0,22,10000,[6873.885565690778],[167.58176393668163],[0.4258169398597689],-20,0.47225383165623097
678,0.30884187883884384,0.0,22,10000,[6873.885565690778],[167.58176393668163],[0.4258169398597689],-20,0.47225383165623097
679,-0.43743938658330483,0.0,22,10000,[6873.885565690778],[167.58176393668163],[0.4258169398597689],-20,0.47225383165623097
680,-0.1395446357731244,0.0,22,10000,[6873.885565690778],[167.58176393668163],[0.4258169398597689],-20,0.47225383165623097
681,-0.27228081494894263,0.0,22,10000,[6873.885565690778],[167.58176393668163],[0.4258169398597689],-20,0.47225383165623097
682,0.03353869372279222,0.0,22,10000,[6873.885565690778],[167.58176393668163],[0.4258169398597689],-20,0.47225383165623097
683,-0.5827793181707293,0.0,22,10000,[6873.885565690778],[167.58176393668163],[0.4258169398597689],-20,0.47225383165623097
684,-0.1293246216683087,0.0,22,10000,[6873.885565690778],[167.58176393668163],[0.4258169398597689],-20,0.47225383165623097
685,0.4421833277774293,0.0,22,10000,[6873.885565690778],[167.58176393668163],[0.4258169398597689],-20,0.47225383165623097
686,-0.17507979687407846,0.0,22,10000,[6873.885565690778],[167.58176393668163],[0.4258169398597689],-20,0.47225383165623097
687,0.22979443331499402,0.0,22,10000,[6873.885565690778],[167.58176393668163],[0.4258169398597689],-20,0.47225383165623097
688,0.41011660565387315,0.0,22,10000,[6873.885565690778],[167.58176393668163],[0.4258169398597689],-20,0.47225383165623097
689,1.1267518557906724,0.0,22,10000,[6873.885565690778],[167.58176393668163],[0.4258169398597689],-20,0.47225383165623097
690,0.17409699597213021,0.0,22,10000,[6873.885565690778],[167.58176393668163],[0.4258169398597689],-20,0.47225383165623097
691,0.26529268751643403,0.0,22,10000,[6873.885565690778],[167.58176393668163],[0.4258169398597689],-20,0.47225383165623097
692,0.3590572386587234,0.0,22,10000,[6873.885565690778],[167.58176393668163],[0.4258169398597689],-20,0.47225383165623097
693,0.36409657166523685,0.0,22,10000,[6873.885565690778],[167.58176393668163],[0.4258169398597689],-20,0.47225383165623097
694,-0.07329332525490771,0.0,22,10000,[6873.885565690778],[167.58176393668163],[0.4258169398597689],-20,0.47225383165623097
695,-0.18053407458363616,0.0,22,10000,[6873.885565690778],[167.58176393668163],[0.4258169398597689],-20,0.47225383165623097
696,-0.0933741739257606,0.0,22,10000,[6873.885565690778],[167.58176393668163],[0.4258169398597689],-20,0.47225383165623097
697,0.04456505293063591,0.0,22,10000,[6873.885565690778],[167.58176393668163],[0.4258169398597689],-20,0.47225383165623097
698,-0.06801722737021303,0.0,22,10000,[6873.885565690778],[167.58176393668163],[0.4258169398597689],-20,0.47225383165623097
699,0.5102325923457667,0.0,22,10000,[6873.885565690778],[167.58176393668163],[0.4258169398597689],-20,0.47225383165623097
700,-0.21099635465163138,0.0,22,10000,[6873.885565690778],[167.58176393668163],[0.4258169398597689],-20,0.47225383165623097
701,0.007918640694590506,0.0,22,10000,[6873.885565690778],[167.58176393668163],[0.4258169398597689],-20,0.47225383165623097
702,0.4327143317684535,0.0,22,10000,[6873.885565690778],[167.58176393668163],[0.4258169398597689],-20,0.47225383165623097
703,0.08589033401931624,0.0,22,10000,[6873.885565690778],[167.58176393668163],[0.4258169398597689],-20,0.47225383165623097
704,0.8711354769268832,0.0,22,10000,[6873.885565690778],[167.58176393668163],[0.4258169398597689],-20,0.47225383165623097
705,-0.028079944221488674,0.0,22,10000,[6873.885565690778],[167.58176393668163],[0.4258169398597689],-20,0.47225383165623097
706,0.008352217328801611,0.0,22,10000,[6873.885565690778],[167.58176393668163],[0.4258169398597689],-20,0.47225383165623097
707,0.05898442895734296,0.0,22,10000,[6873.885565690778],[167.58176393668163],[0.4258169398597689],-20,0.47225383165623097
708,-0.1257470544568123,0.0,22,10000,[6873.885565690778],[167.58176393668163],[0.4258169398597689],-20,0.47225383165623097
709,-0.09035389949345202,0.0,22,10000,[6873.885565690778],[167.58176393668163],[0.4258169398597689],-20,0.47225383165623097
710,0.0740559826503119,0.0,22,10000,[6873.885565690778],[167.58176393668163],[0.4258169398597689],-20,0.47225383165623097
711,-0.07176428086029728,0.0,22,10000,[6873.885565690778],[167.58176393668163],[0.4258169398597689],-20,0.47225383165623097
712,1.1001496922925191,0.0,22,10000,[6873.885565690778],[167.58176393668163],[0.4258169398597689],-20,0.47225383165623097
713,0.8783604364789631,0.0,22,10000,[6873.885565690778],[167.58176393668163],[0.4258169398597689],-20,0.47225383165623097
714,0.1951102794430175,0.0,22,10000,[6873.885565690778],[167.58176393668163],[0.4258169398597689],-20,0.47225383165623097
715,-0.18339985828029554,0.0,22,10000,[6873.885565690778],[167.58176393668163],[0.4258169398597689],-20,0.47225383165623097
716,-1.2495352843607788,0.0,22,10000,[6873.885565690778],[167.58176393668163],[0.4258169398597689],-20,0.47225383165623097
717,0.42015354642395275,0.0,22,10000,[6873.885565690778],[167.58176393668163],[0.4258169398597689],-20,0.47225383165623097
718,0.2713295673101029,0.0,22,10000,[6873.885565690778],[167.58176393668163],[0.4258169398597689],-20,0.47225383165623097
719,-0.5120588007924852,0.0,22,10000,[6873.885565690778],[167.58176393668163],[0.4258169398597689],-20,0.47225383165623097
720,-0.6358846441464727,0.0,22,10000,[6873.885565690778],[167.58176393668163],[0.4258169398597689],-20,0.47225383165623097
721,0.26882765160529754,0.0,22,10000,[6873.885565690778],[167.58176393668163],[0.4258169398597689],-20,0.47225383165623097
722,-0.49426858612304825,0.0,22,10000,[6873.885565690778],[167.58176393668163],[0.4258169398597689],-20,0.47225383165623097
723,0.392147826089,0.0,22,10000,[6873.885565690778],[167.58176393668163],[0.4258169398597689],-20,0.47225383165623097
724,-0.8470641772622742,0.0,22,10000,[6873.885565690778],[167.58176393668163],[0.4258169398597689],-20,0.47225383165623097
725,0.053312829244005065,0.0,22,10000,[6873.885565690778],[167.58176393668163],[0.4258169398597689],-20,0.47225383165623097
726,-0.47742812866093637,0.0,22,10000,[6873.885565690778],[167.58176393668163],[0.4258169398597689],-20,0.47225383165623097
727,-0.4780500650129202,0.0,22,10000,[6873.885565690778],[167.58176393668163],[0.4258169398597689],-20,0.47225383165623097
728,0.2802182718353591,0.0,22,10000,[6873.885565690778],[167.58176393668163],[0.4258169398597689],-20,0.47225383165623097
729,-0.0939596626863842,0.0,22,10000,[6873.885565690778],[167.58176393668163],[0.4258169398597689],-20,0.47225383165623097
730,-1.010125833637481,0.0,22,10000,[6873.885565690778],[167.58176393668163],[0.4258169398597689],-20,0.47225383165623097
731,-0.19990845745846023,0.0,22,10000,[6873.885565690778],[167.58176393668163],[0.4258169398597689],-20,0.47225383165623097
732,0.5783513378534977,0.0,22,10000,[6873.885565690778],[167.58176393668163],[0.4258169398597689],-20,0.47225383165623097
733,0.4372112777870429,0.0,22,10000,[6873.885565690778],[167.58176393668163],[0.4258169398597689],-20,0.47225383165623097
734,1.6067586799729034,0.0,22,10000,[6873.885565690778],[167.58176393668163],[0.4258169398597689],-20,0.47225383165623097
735,1.0630707715163847,0.0,22,10000,[6873.885565690778],[167.58176393668163],[0.4258169398597689],-20,0.47225383165623097
736,0.05218300507853313,0.0,22,10000,[6873.885565690778],[167.58176393668163],[0.4258169398597689],-20,0.47225383165623097
737,0.6276185336817165,0.0,22,10000,[6873.885565690778],[167.58176393668163],[0.4258169398597689],-20,0.47225383165623097
738,0.16911652994263837,0.0,22,10000,[6873.885565690778],[167.58176393668163],[0.4258169398597689],-20,0.47225383165623097
739,0.3185998588869597,0.0,22,10000,[6873.885565690778],[167.58176393668163],[0.4258169398597689],-20,0.47225383165623097
740,0.1379795344464413,0.0,22,10000,[6873.885565690778],[167.58176393668163],[0.4258169398597689],-20,0.47225383165623097
741,0.18575220225617645,0.0,22,10000,[6873.885565690778],[167.58176393668163],[0.4258169398597689],-20,0.47225383165623097
742,-0.6176127941953208,0.0,22,10000,[6873.885565690778],[167.58176393668163],[0.4258169398597689],-20,0.47225383165623097
743,-0.3656113295510903,0.0,22,10000,[6873.885565690778],[167.58176393668163],[0.4258169398597689],-20,0.47225383165623097
744,-0.03264897096631567,0.0,22,10000,[6873.885565690778],[167.58176393668163],[0.4258169398597689],-20,0.47225383165623097
745,-0.022374791600360315,0.0,22,10000,[6873.885565690778],[167.58176393668163],[0.4258169398597689],-20,0.47225383165623097
746,-0.65540650313307,0.0,22,10000,[6873.885565690778],[167.58176393668163],[0.4258169398597689],-20,0.47225383165623097
747,0.01846831366611175,0.0,22,10000,[6873.885565690778],[167.58176393668163],[0.4258169398597689],-20,0.47225383165623097
748,-0.09659040838669122,0.0,22,10000,[6873.885565690778],[167.58176393668163],[0.4258169398597689],-20,0.47225383165623097
749,-0.05116231288873346,0.0,22,10000,[6873.885565690778],[167.58176393668163],[0.4258169398597689],-20,0.47225383165623097
750,0.09431159826238229,0.0,22,10000,[6873.885565690778],[167.58176393668163],[0.4258169398597689],-20,0.47225383165623097
751,0.3723637142820614,0.0,22,10000,[6873.885565690778],[167.58176393668163],[0.4258169398597689],-20,0.47225383165623097
752,0.6901172165455376,0.0,22,10000,[6873.885565690778],[167.58176393668163],[0.4258169398597689],-20,0.47225383165623097
753,0.052266268445911306,0.0,22,10000,[6873.885565690778],[167.58176393668163],[0.4258169398597689],-20,0.47225383165623097
754,0.09221178153276828,0.0,22,10000,[6873.885565690778],[167.58176393668163],[0.4258169398597689],-20,0.47225383165623097
755,-0.4579639832791706,0.0,22,10000,[6873.885565690778],[167.58176393668163],[0.4258169398597689],-20,0.47225383165623097
756,0.173445138601845,0.0,22,10000,[6873.885565690778],[167.58176393668163],[0.4258169398597689],-20,0.47225383165623097
757,-0.29453251756164406,0.0,22,10000,[6873.885565690778],[167.58176393668163],[0.4258169398597689],-20,0.47225383165623097
758,-0.2418216632740406,0.0,22,10000,[6873.885565690778],[167.58176393668163],[0.4258169398597689],-20,0.47225383165623097
759,0.20641595128820045,0.0,22,10000,[6873.885565690778],[167.58176393668163],[0.4258169398597689],-20,0.47225383165623097
760,0.49394986704880117,0.0,22,10000,[6873.885565690778],[167.58176393668163],[0.4258169398597689],-20,0.47225383165623097
761,0.1573945879759364,0.0,22,10000,[6873.885565690778],[167.58176393668163],[0.4258169398597689],-20,0.47225383165623097
762,-0.2640306469178313,0.0,22,10000,[6873.885565690778],[167.58176393668163],[0.4258169398597689],-20,0.47225383165623097
763,-0.684030129912784,0.0,22,10000,[6873.885565690778],[167.58176393668163],[0.4258169398597689],-20,0.47225383165623097
764,0.9175633045720792,0.0,22,10000,[6873.885565690778],[167.58176393668163],[0.4258169398597689],-20,0.47225383165623097
765,0.12802071562934098,0.0,22,10000,[6873.885565690778],[167.58176393668163],[0.4258169398597689],-20,0.47225383165623097
766,0.21220708685231118,0.0,22,10000,[6873.885565690778],[167.58176393668163],[0.4258169398597689],-20,0.47225383165623097
767,-0.694099796690808,0.0,22,10000,[6873.885565690778],[167.58176393668163],[0.4258169398597689],-20,0.47225383165623097
768,0.33305070399872855,0.0,22,10000,[6873.885565690778],[167.58176393668163],[0.4258169398597689],-20,0.47225383165623097
769,0.03362096204008743,0.0,22,10000,[6873.885565690778],[167.58176393668163],[0.4258169398597689],-20,0.47225383165623097
770,-0.03201489614532466,0.0,22,10000,[6873.885565690778],[167.58176393668163],[0.4258169398597689],-20,0.47225383165623097
771,-0.35530779357974906,0.0,22,10000,[6873.885565690778],[167.58176393668163],[0.4258169398597689],-20,0.47225383165623097
772,-0.648849252892858,0.0,22,10000,[6873.885565690778],[167.58176393668163],[0.4258169398597689],-20,0.47225383165623097
773,0.1889786731544945,0.0,22,10000,[6873.885565690778],[167.58176393668163],[0.4258169398597689],-20,0.47225383165623097
774,0.43562324770180394,0.0,22,10000,[6873.885565690778],[167.58176393668163],[0.4258169398597689],-20,0.47225383165623097
775,0.4088217665909285,0.0,22,10000,[6873.885565690778],[167.58176393668163],[0.4258169398597689],-20,0.47225383165623097
776,-0.3893027257800435,0.0,22,10000,[6873.885565690778],[167.58176393668163],[0.4258169398597689],-20,0.47225383165623097
777,0.11324480034747234,0.0,22,10000,[6873.885565690778],[167.58176393668163],[0.4258169398597689],-20,0.47225383165623097
778,-0.7138241797615211,0.0,22,10000,[6873.885565690778],[167.58176393668163],[0.4258169398597689],-20,0.47225383165623097
779,0.09176998538272389,0.0,22,10000,[6873.885565690778],[167.58176393668163],[0.4258169398597689],-20,0.47225383165623097
780,0.24507184926285014,0.0,22,10000,[6873.885565690778],[167.58176393668163],[0.4258169398597689],-20,0.47225383165623097
781,0.3374185037147255,0.0,22,10000,[6873.885565690778],[167.58176393668163],[0.4258169398597689],-20,0.47225383165623097
782,0.42781906561682953,0.0,22,10000,[6873.885565690778],[167.58176393668163],[0.4258169398597689],-20,0.47225383165623097
783,0.19862585412921727,0.0,22,10000,[6873.885565690778],[167.58176393668163],[0.4258169398597689],-20,0.47225383165623097
784,0.07001770138011017,0.0,22,10000,[6873.885565690778],[167.58176393668163],[0.4258169398597689],-20,0.47225383165623097
785,0.5695617118825745,0.0,22,10000,[6873.885565690778],[167.58176393668163],[0.4258169398597689],-20,0.47225383165623097
786,-0.3778604613692685,0.0,22,10000,[6873.885565690778],[167.58176393668163],[0.4258169398597689],-20,0.47225383165623097
787,-0.2737732363135219,0.0,22,10000,[6873.885565690778],[167.58176393668163],[0.4258169398597689],-20,0.47225383165623097
788,-0.2623090407602431,0.0,22,10000,[6873.885565690778],[167.58176393668163],[0.4258169398597689],-20,0.47225383165623097
789,-0.3926279907755406,0.0,22,10000,[6873.885565690778],[167.58176393668163],[0.4258169398597689],-20,0.47225383165623097
790,0.31399838042430805,0.0,22,10000,[6873.885565690778],[167.58176393668163],[0.4258169398597689],-20,0.47225383165623097
791,0.6184980661241312,0.0,22,10000,[6873.885565690778],[167.58176393668163],[0.4258169398597689],-20,0.47225383165623097
792,0.47489034064378216,0.0,22,10000,[6873.885565690778],[167.58176393668163],[0.4258169398597689],-20,0.47225383165623097
793,0.35388012292329885,0.0,22,10000,[6873.885565690778],[167.58176393668163],[0.4258169398597689],-20,0.47225383165623097
794,-0.3658973516488621,0.0,22,10000,[6873.885565690778],[167.58176393668163],[0.4258169398597689],-20,0.47225383165623097
795,-0.7497746734543344,0.0,22,10000,[6873.885565690778],[167.58176393668163],[0.4258169398597689],-20,0.47225383165623097
796,-0.4169183619387863,0.0,22,10000,[6873.885565690778],[167.58176393668163],[0.4258169398597689],-20,0.47225383165623097
797,-0.7395116729110127,0.0,22,10000,[6873.885565690778],[167.58176393668163],[0.4258169398597689],-20,0.47225383165623097
798,-0.11457965615681133,0.0,22,10000,[6873.885565690778],[167.58176393668163],[0.4258169398597689],-20,0.47225383165623097
799,-0.617264709146133,0.0,22,10000,[6873.885565690778],[167.58176393668163],[0.4258169398597689],-20,0.47225383165623097
800,-0.27963406978112115,0.0,22,10000,[6873.885565690778],[167.58176393668163],[0.4258169398597689],-20,0.47225383165623097
801,0.12122636489740546,0.0,22,10000,[6873.885565690778],[167.58176393668163],[0.4258169398597689],-20,0.47225383165623097
802,0.23556346739814527,0.0,22,10000,[6873.885565690778],[167.58176393668163],[0.4258169398597689],-20,0.47225383165623097
803,0.0917262931391133,0.0,22,10000,[6873.885565690778],[167.58176393668163],[0.4258169398597689],-20,0.47225383165623097
804,0.6345291089068145,0.0,22,10000,[6873.885565690778],[167.58176393668163],[0.4258169398597689],-20,0.47225383165623097
805,0.04991214576133181,0.0,22,10000,[6873.885565690778],[167.58176393668163],[0.4258169398597689],-20,0.47225383165623097
806,0.9502765006334599,0.0,22,10000,[6873.885565690778],[167.58176393668163],[0.4258169398597689],-20,0.47225383165623097
807,-0.1660740802593926,0.0,22,10000,[6873.885565690778],[167.58176393668163],[0.4258169398597689],-20,0.47225383165623097
808,0.4492227394283049,0.0,22,10000,[6873.885565690778],[167.58176393668163],[0.4258169398597689],-20,0.47225383165623097
809,-0.2865493591803395,0.0,22,10000,[6873.885565690778],[167.58176393668163],[0.4258169398597689],-20,0.47225383165623097
810,-0.2722378462022086,0.0,22,10000,[6873.885565690778],[167.58176393668163],[0.4258169398597689],-20,0.47225383165623097
811,0.19506130984160913,0.0,22,10000,[6873.885565690778],[167.58176393668163],[0.4258169398597689],-20,0.47225383165623097
812,-0.6776831572342897,0.0,22,10000,[6873.885565690778],[167.58176393668163],[0.4258169398597689],-20,0.47225383165623097
813,-0.03992469193053782,0.0,22,10000,[6873.885565690778],[167.58176393668163],[0.4258169398597689],-20,0.47225383165623097
814,0.21919192475727778,0.0,22,10000,[6873.885565690778],[167.58176393668163],[0.4258169398597689],-20,0.47225383165623097
815,-0.591616171898823,0.0,22,10000,[6873.885565690778],[167.58176393668163],[0.4258169398597689],-20,0.47225383165623097
816,-0.22240158591429754,0.0,22,10000,[6873.885565690778],[167.58176393668163],[0.4258169398597689],-20,0.47225383165623097
817,0.5881486937973661,0.0,22,10000,[6873.885565690778],[167.58176393668163],[0.4258169398597689],-20,0.47225383165623097
818,-0.28630826495583117,0.0,22,10000,[6873.885565690778],[167.58176393668163],[0.4258169398597689],-20,0.47225383165623097
819,-0.2639672164651014,0.0,22,10000,[6873.885565690778],[167.58176393668163],[0.4258169398597689],-20,0.47225383165623097
820,0.16147904498225263,0.0,22,10000,[6873.885565690778],[167.58176393668163],[0.4258169398597689],-20,0.47225383165623097
821,0.057282089855839054,0.0,22,10000,[6873.885565690778],[167.58176393668163],[0.4258169398597689],-20,0.47225383165623097
822,-0.49705788431928716,0.0,22,10000,[6873.885565690778],[167.58176393668163],[0.4258169398597689],-20,0.47225383165623097
823,-0.23413542787989483,0.0,22,10000,[6873.885565690778],[167.58176393668163],[0.4258169398597689],-20,0.47225383165623097
824,-0.3626816946056189,0.0,22,10000,[6873.885565690778],[167.58176393668163],[0.4258169398597689],-20,0.47225383165623097
825,0.09705073736393514,0.0,22,10000,[6873.885565690778],[167.58176393668163],[0.4258169398597689],-20,0.47225383165623097
826,-0.5750034850181309,0.0,22,10000,[6873.885565690778],[167.58176393668163],[0.4258169398597689],-20,0.47225383165623097
827,0.3563021227479167,0.0,22,10000,[6873.885565690778],[167.58176393668163],[0.4258169398597689],-20,0.47225383165623097
828,-1.070887102153411,0.0,22,10000,[6873.885565690778],[167.58176393668163],[0.4258169398597689],-20,0.47225383165623097
829,-0.9131262720768063,0.0,22,10000,[6873.885565690778],[167.58176393668163],[0.4258169398597689],-20,0.47225383165623097
830,0.2379662430153428,0.0,22,10000,[6873.885565690778],[167.58176393668163],[0.4258169398597689],-20,0.47225383165623097
831,0.5420326800265413,0.0,22,10000,[6873.885565690778],[167.58176393668163],[0.4258169398597689],-20,0.47225383165623097
832,-0.6084678235154873,0.0,22,10000,[6873.885565690778],[167.58176393668163],[0.4258169398597689],-20,0.47225383165623097
833,0.1903349037675629,0.0,22,10000,[6873.885565690778],[167.58176393668163],[0.4258169398597689],-20,0.47225383165623097
834,0.32651013065052054,0.0,22,10000,[6873.885565690778],[167.58176393668163],[0.4258169398597689],-20,0.47225383165623097
835,-0.09733280948960221,0.0,22,10000,[6873.885565690778],[167.58176393668163],[0.4258169398597689],-20,0.47225383165623097
836,-0.00722250756507373,0.0,22,10000,[6873.885565690778],[167.58176393668163],[0.4258169398597689],-20,0.47225383165623097
837,0.4648193017453031,0.0,22,10000,[6873.885565690778],[167.58176393668163],[0.4258169398597689],-20,0.47225383165623097
838,-0.1588391151101691,0.0,22,10000,[6873.885565690778],[167.58176393668163],[0.4258169398597689],-20,0.47225383165623097
839,0.25489846630031343,0.0,22,10000,[6873.885565690778],[167.58176393668163],[0.4258169398597689],-20,0.47225383165623097
840,-0.5119210906967134,0.0,22,10000,[6873.885565690778],[167.58176393668163],[0.4258169398597689],-20,0.47225383165623097
841,0.5181409895788125,0.0,22,10000,[6873.885565690778],[167.58176393668163],[0.4258169398597689],-20,0.47225383165623097
842,0.3014206719838909,0.0,22,10000,[6873.885565690778],[167.58176393668163],[0.4258169398597689],-20,0.47225383165623097
843,-0.5412374972299955,0.0,22,10000,[6873.885565690778],[167.58176393668163],[0.4258169398597689],-20,0.47225383165623097
844,0.036804758646650726,0.0,22,10000,[6873.885565690778],[167.58176393668163],[0.4258169398597689],-20,0.47225383165623097
845,0.5997015675958234,0.0,22,10000,[6873.885565690778],[167.58176393668163],[0.4258169398597689],-20,0.47225383165623097
846,-0.1684011814380466,0.0,22,10000,[6873.885565690778],[167.58176393668163],[0.4258169398597689],-20,0.47225383165623097
847,0.3457638468605493,0.0,22,10000,[6873.885565690778],[167.58176393668163],[0.4258169398597689],-20,0.47225383165623097
848,0.09582618234805741,0.0,22,10000,[6873.885565690778],[167.58176393668163],[0.4258169398597689],-20,0.47225383165623097
849,-0.15000102413790545,0.0,22,10000,[6873.885565690778],[167.58176393668163],[0.4258169398597689],-20,0.47225383165623097
850,0.3040797613686378,0.0,22,10000,[6873.885565690778],[167.58176393668163],[0.4258169398597689],-20,0.47225383165623097
851,0.428102157758159,0.0,22,10000,[6873.885565690778],[167.58176393668163],[0.4258169398597689],-20,0.47225383165623097
852,-0.7011790562769498,0.0,22,10000,[6873.885565690778],[167.58176393668163],[0.4258169398597689],-20,0.47225383165623097
853,0.6987682030994916,0.0,22,10000,[6873.885565690778],[167.58176393668163],[0.4258169398597689],-20,0.47225383165623097
854,0.3329820493525718,0.0,22,10000,[6873.885565690778],[167.58176393668163],[0.4258169398597689],-20,0.47225383165623097
855,-0.5224000175281502,0.0,22,10000,[6873.885565690778],[167.58176393668163],[0.4258169398597689],-20,0.47225383165623097
856,-0.4381812739383782,0.0,22,10000,[6873.885565690778],[167.58176393668163],[0.4258169398597689],-20,0.47225383165623097
857,-0.049824140757160566,0.0,22,10000,[6873.885565690778],[167.58176393668163],[0.4258169398597689],-20,0.47225383165623097
858,1.123847590442313,0.0,22,10000,[6873.885565690778],[167.58176393668163],[0.4258169398597689],-20,0.47225383165623097
859,-0.10532670913719083,0.0,22,10000,[6873.885565690778],[167.58176393668163],[0.4258169398597689],-20,0.47225383165623097
860,1.382805403163633,0.0,22,10000,[6873.885565690778],[167.58176393668163],[0.4258169398597689],-20,0.47225383165623097
861,-0.01363597825067144,0.0,22,10000,[6873.885565690778],[167.58176393668163],[0.4258169398597689],-20,0.47225383165623097
862,0.6586051360306845,0.0,22,10000,[6873.885565690778],[167.58176393668163],[0.4258169398597689],-20,0.47225383165623097
863,-0.5214561180871867,0.0,22,10000,[6873.885565690778],[167.58176393668163],[0.4258169398597689],-20,0.47225383165623097
864,0.32045443984835076,0.0,22,10000,[6873.885565690778],[167.58176393668163],[0.4258169398597689],-20,0.47225383165623097
865,0.24246587655086507,0.0,22,10000,[6873.885565690778],[167.58176393668163],[0.4258169398597689],-20,0.47225383165623097
866,-1.6543531678056425,0.0,22,10000,[6873.885565690778],[167.58176393668163],[0.4258169398597689],-20,0.47225383165623097
867,0.2166679255276539,0.0,22,10000,[6873.885565690778],[167.58176393668163],[0.4258169398597689],-20,0.47225383165623097
868,-1.052463176612598,0.0,22,10000,[6873.885565690778],[167.58176393668163],[0.4258169398597689],-20,0.47225383165623097
869,0.3988124791963611,0.0,22,10000,[6873.885565690778],[167.58176393668163],[0.4258169398597689],-20,0.47225383165623097
870,-0.3208532953935083,0.0,22,10000,[6873.885565690778],[167.58176393668163],[0.4258169398597689],-20,0.47225383165623097
871,-0.23648708556383924,0.0,22,10000,[6873.885565690778],[167.58176393668163],[0.4258169398597689],-20,0.47225383165623097
872,-0.12945994211195871,0.0,22,10000,[6873.885565690778],[167.58176393668163],[0.4258169398597689],-20,0.47225383165623097
873,0.3643713451001324,0.0,22,10000,[6873.885565690778],[167.58176393668163],[0.4258169398597689],-20,0.47225383165623097
874,-0.03903019105198652,0.0,22,10000,[6873.885565690778],[167.58176393668163],[0.4258169398597689],-20,0.47225383165623097
875,0.16932829289781598,0.0,22,10000,[6873.885565690778],[167.58176393668163],[0.4258169398597689],-20,0.47225383165623097
876,-0.338146103390591,0.0,22,10000,[6873.885565690778],[167.58176393668163],[0.4258169398597689],-20,0.47225383165623097
877,-0.7522034660663511,0.0,22,10000,[6873.885565690778],[167.58176393668163],[0.4258169398597689],-20,0.47225383165623097
878,-0.40129298116864637,0.0,22,10000,[6873.885565690778],[167.58176393668163],[0.4258169398597689],-20,0.47225383165623097
879,0.1385073555657625,0.0,22,10000,[6873.885565690778],[167.58176393668163],[0.4258169398597689],-20,0.47225383165623097
880,-0.3147985045603563,0.0,22,10000,[6873.885565690778],[167.58176393668163],[0.4258169398597689],-20,0.47225383165623097
881,0.7354374800668185,0.0,22,10000,[6873.885565690778],[167.58176393668163],[0.4258169398597689],-20,0.47225383165623097
882,-0.05868437775995395,0.0,22,10000,[6873.885565690778],[167.58176393668163],[0.4258169398597689],-20,0.47225383165623097
883,-0.2426985260320139,0.0,22,10000,[6873.885565690778],[167.58176393668163],[0.4258169398597689],-20,0.47225383165623097
884,0.17164479745221983,0.0,22,10000,[6873.885565690778],[167.58176393668163],[0.4258169398597689],-20,0.47225383165623097
885,0.3356836410268942,0.0,22,10000,[6873.885565690778],[167.58176393668163],[0.4258169398597689],-20,0.47225383165623097
886,-0.43837764671235424,0.0,22,10000,[6873.885565690778],[167.58176393668163],[0.4258169398597689],-20,0.47225383165623097
887,-0.07436425349230147,0.0,22,10000,[6873.885565690778],[167.58176393668163],[0.4258169398597689],-20,0.47225383165623097
888,0.046008111071377235,0.0,22,10000,[6873.885565690778],[167.58176393668163],[0.4258169398597689],-20,0.47225383165623097
889,0.44463216047674864,0.0,22,10000,[6873.885565690778],[167.58176393668163],[0.4258169398597689],-20,0.47225383165623097
890,1.3264759248617848,0.0,22,10000,[6873.885565690778],[167.58176393668163],[0.4258169398597689],-20,0.47225383165623097
891,0.7636858812350307,0.0,22,10000,[6873.885565690778],[167.58176393668163],[0.4258169398597689],-20,0.47225383165623097
892,-0.36742446052738714,0.0,22,10000,[6873.885565690778],[167.58176393668163],[0.4258169398597689],-20,0.47225383165623097
893,-0.0575834065328016,0.0,22,10000,[6873.885565690778],[167.58176393668163],[0.4258169398597689],-20,0.47225383165623097
894,0.24023426838861553,0.0,22,10000,[6873.885565690778],[167.58176393668163],[0.4258169398597689],-20,0.47225383165623097
895,0.40918017561612263,0.0,22,10000,[6873.885565690778],[167.58176393668163],[0.4258169398597689],-20,0.47225383165623097
896,-0.5319372896572837,0.0,22,10000,[6873.885565690778],[167.58176393668163],[0.4258169398597689],-20,0.47225383165623097
897,0.28754195182185327,0.0,22,10000,[6873.885565690778],[167.58176393668163],[0.4258169398597689],-20,0.47225383165623097
898,-0.3679530466936554,0.0,22,10000,[6873.885565690778],[167.58176393668163],[0.4258169398597689],-20,0.47225383165623097
899,-0.28433997741526096,0.0,22,10000,[6873.885565690778],[167.58176393668163],[0.4258169398597689],-20,0.47225383165623097
900,0.4982335785731777,0.0,22,10000,[6873.885565690778],[167.58176393668163],[0.4258169398597689],-20,0.47225383165623097
901,-0.07049074441586159,0.0,22,10000,[6873.885565690778],[167.58176393668163],[0.4258169398597689],-20,0.47225383165623097
902,-0.8683716619968773,0.0,22,10000,[6873.885565690778],[167.58176393668163],[0.4258169398597689],-20,0.47225383165623097
903,-0.15544384307745637,0.0,22,10000,[6873.885565690778],[167.58176393668163],[0.4258169398597689],-20,0.47225383165623097
904,0.3887506503681899,0.0,22,10000,[6873.885565690778],[167.58176393668163],[0.4258169398597689],-20,0.47225383165623097
905,0.9433906833409309,0.0,22,10000,[6873.885565690778],[167.58176393668163],[0.4258169398597689],-20,0.47225383165623097
906,1.1506589393617703,0.0,22,10000,[6873.885565690778],[167.58176393668163],[0.4258169398597689],-20,0.47225383165623097
907,-0.5791306961436774,0.0,22,10000,[6873.885565690778],[167.58176393668163],[0.4258169398597689],-20,0.47225383165623097
908,-0.27941380965477175,0.0,22,10000,[6873.885565690778],[167.58176393668163],[0.4258169398597689],-20,0.47225383165623097
909,0.12475175131456791,0.0,22,10000,[6873.885565690778],[167.58176393668163],[0.4258169398597689],-20,0.47225383165623097
910,-0.9996387309831695,0.0,22,10000,[6873.885565690778],[167.58176393668163],[0.4258169398597689],-20,0.47225383165623097
911,-0.04630090624822158,0.0,22,10000,[6873.885565690778],[167.58176393668163],[0.4258169398597689],-20,0.47225383165623097
912,-0.5183092843489169,0.0,22,10000,[6873.885565690778],[167.58176393668163],[0.4258169398597689],-20,0.47225383165623097
913,0.1415367479458148,0.0,22,10000,[6873.885565690778],[167.58176393668163],[0.4258169398597689],-20,0.47225383165623097
914,0.57903683478175,0.0,22,10000,[6873.885565690778],[167.58176393668163],[0.4258169398597689],-20,0.47225383165623097
915,0.2782452901447227,0.0,22,10000,[6873.885565690778],[167.58176393668163],[0.4258169398597689],-20,0.47225383165623097
916,-0.3162287831993652,0.0,22,10000,[6873.885565690778],[167.58176393668163],[0.4258169398597689],-20,0.47225383165623097
917,0.07872081341680474,0.0,22,10000,[6873.885565690778],[167.58176393668163],[0.4258169398597689],-20,0.47225383165623097
918,0.5857745451919057,0.0,22,10000,[6873.885565690778],[167.58176393668163],[0.4258169398597689],-20,0.47225383165623097
919,-0.06794097462349222,0.0,22,10000,[6873.885565690778],[167.58176393668163],[0.4258169398597689],-20,0.47225383165623097
920,0.16620809750058893,0.0,22,10000,[6873.885565690778],[167.58176393668163],[0.4258169398597689],-20,0.47225383165623097
921,0.5269123089335226,0.0,22,10000,[6873.885565690778],[167.58176393668163],[0.4258169398597689],-20,0.47225383165623097
922,0.34123021206844273,0.0,22,10000,[6873.885565690778],[167.58176393668163],[0.4258169398597689],-20,0.47225383165623097
923,0.40140360338384595,0.0,22,10000,[6873.885565690778],[167.58176393668163],[0.4258169398597689],-20,0.47225383165623097
924,-0.3033454125990098,0.0,22,10000,[6873.885565690778],[167.58176393668163],[0.4258169398597689],-20,0.47225383165623097
925,-0.5162038888561811,0.0,22,10000,[6873.885565690778],[167.58176393668163],[0.4258169398597689],-20,0.47225383165623097
926,0.18688404215507018,0.0,22,10000,[6873.885565690778],[167.58176393668163],[0.4258169398597689],-20,0.47225383165623097
927,-1.0656859690849156,0.0,22,10000,[6873.885565690778],[167.58176393668163],[0.4258169398597689],-20,0.47225383165623097
928,0.4497236889597347,0.0,22,10000,[6873.885565690778],[167.58176393668163],[0.4258169398597689],-20,0.47225383165623097
929,0.4076805340977096,0.0,22,10000,[6873.885565690778],[167.58176393668163],[0.4258169398597689],-20,0.47225383165623097
930,-0.12101692004887865,0.0,22,10000,[6873.885565690778],[167.58176393668163],[0.4258169398597689],-20,0.47225383165623097
931,-0.18847488784887154,0.0,22,10000,[6873.885565690778],[167.58176393668163],[0.4258169398597689],-20,0.47225383165623097
932,-0.8044110195980865,0.0,22,10000,[6873.885565690778],[167.58176393668163],[0.4258169398597689],-20,0.47225383165623097
933,0.04330605280915597,0.0,22,10000,[6873.885565690778],[167.58176393668163],[0.4258169398597689],-20,0.47225383165623097
934,0.3047723485912132,0.0,22,10000,[6873.885565690778],[167.58176393668163],[0.4258169398597689],-20,0.47225383165623097
935,-0.5202954796852656,0.0,22,10000,[6873.885565690778],[167.58176393668163],[0.4258169398597689],-20,0.47225383165623097
936,-0.6513393443838215,0.0,22,10000,[6873.885565690778],[167.58176393668163],[0.4258169398597689],-20,0.47225383165623097
937,-0.6623589191719812,0.0,22,10000,[6873.885565690778],[167.58176393668163],[0.4258169398597689],-20,0.47225383165623097
938,0.20776057727824304,0.0,22,10000,[6873.885565690778],[167.58176393668163],[0.4258169398597689],-20,0.47225383165623097
939,-0.23516546131500907,0.0,22,10000,[6873.885565690778],[167.58176393668163],[0.4258169398597689],-20,0.47225383165623097
940,-0.5582436353876685,0.0,22,10000,[6873.885565690778],[167.58176393668163],[0.4258169398597689],-20,0.47225383165623097
941,0.14110727327564546,0.0,22,10000,[6873.885565690778],[167.58176393668163],[0.4258169398597689],-20,0.47225383165623097
942,-0.637539219602567,0.0,22,10000,[6873.885565690778],[167.58176393668163],[0.4258169398597689],-20,0.47225383165623097
943,0.42678298485028726,0.0,22,10000,[6873.885565690778],[167.58176393668163],[0.4258169398597689],-20,0.47225383165623097
944,-0.34312112601298456,0.0,22,10000,[6873.885565690778],[167.58176393668163],[0.4258169398597689],-20,0.47225383165623097
945,-0.5518354036155791,0.0,22,10000,[6873.885565690778],[167.58176393668163],[0.4258169398597689],-20,0.47225383165623097
946,0.39203200668283444,0.0,22,10000,[6873.885565690778],[167.58176393668163],[0.4258169398597689],-20,0.47225383165623097
947,-0.39816874175163447,0.0,22,10000,[6873.885565690778],[167.58176393668163],[0.4258169398597689],-20,0.47225383165623097
948,-0.999475096570352,0.0,22,10000,[6873.885565690778],[167.58176393668163],[0.4258169398597689],-20,0.47225383165623097
949,0.24297246195333955,0.0,22,10000,[6873.885565690778],[167.58176393668163],[0.4258169398597689],-20,0.47225383165623097
950,-0.4701828731699971,0.0,22,10000,[6873.885565690778],[167.58176393668163],[0.4258169398597689],-20,0.47225383165623097
951,0.23650555237116555,0.0,22,10000,[6873.885565690778],[167.58176393668163],[0.4258169398597689],-20,0.47225383165623097
952,0.002880474893066947,0.0,22,10000,[6873.885565690778],[167.58176393668163],[0.4258169398597689],-20,0.47225383165623097
953,0.29258791263150363,0.0,22,10000,[6873.885565690778],[167.58176393668163],[0.4258169398597689],-20,0.47225383165623097
954,0.38745760828952086,0.0,22,10000,[6873.885565690778],[167.58176393668163],[0.4258169398597689],-20,0.47225383165623097
955,-0.7616636699573802,0.0,22,10000,[6873.885565690778],[167.58176393668163],[0.4258169398597689],-20,0.47225383165623097
956,-0.12852413822090553,0.0,22,10000,[6873.885565690778],[167.58176393668163],[0.4258169398597689],-20,0.47225383165623097
957,0.37873721433161095,0.0,22,10000,[6873.885565690778],[167.58176393668163],[0.4258169398597689],-20,0.47225383165623097
958,-0.05352957339387163,0.0,22,10000,[6873.885565690778],[167.58176393668163],[0.4258169398597689],-20,0.47225383165623097
959,-0.26860439447253964,0.0,22,10000,[6873.885565690778],[167.58176393668163],[0.4258169398597689],-20,0.47225383165623097
960,0.09005408414262006,0.0,22,10000,[6873.885565690778],[167.58176393668163],[0.4258169398597689],-20,0.47225383165623097
961,-0.14920702246141662,0.0,22,10000,[6873.885565690778],[167.58176393668163],[0.4258169398597689],-20,0.47225383165623097
962,0.0953819965239318,0.0,22,10000,[6873.885565690778],[167.58176393668163],[0.4258169398597689],-20,0.47225383165623097
963,0.40841335086328134,0.0,22,10000,[6873.885565690778],[167.58176393668163],[0.4258169398597689],-20,0.47225383165623097
964,0.110770316810697,0.0,22,10000,[6873.885565690778],[167.58176393668163],[0.4258169398597689],-20,0.47225383165623097
965,0.34447385663628083,0.0,22,10000,[6873.885565690778],[167.58176393668163],[0.4258169398597689],-20,0.47225383165623097
966,0.2268748828329974,0.0,22,10000,[6873.885565690778],[167.58176393668163],[0.4258169398597689],-20,0.47225383165623097
967,0.023971317035818677,0.0,22,10000,[6873.885565690778],[167.58176393668163],[0.4258169398597689],-20,0.47225383165623097
968,-1.5294768463090254,0.0,22,10000,[6873.885565690778],[167.58176393668163],[0.4258169398597689],-20,0.47225383165623097
969,0.3680642557406088,0.0,22,10000,[6873.885565690778],[167.58176393668163],[0.4258169398597689],-20,0.47225383165623097
970,-0.32981463109593145,0.0,22,10000,[6873.885565690778],[167.58176393668163],[0.4258169398597689],-20,0.47225383165623097
971,-0.15042645297589108,0.0,22,10000,[6873.885565690778],[167.58176393668163],[0.4258169398597689],-20,0.47225383165623097
972,-0.6797453877077623,0.0,22,10000,[6873.885565690778],[167.58176393668163],[0.4258169398597689],-20,0.47225383165623097
973,0.33837365565113275,0.0,22,10000,[6873.885565690778],[167.58176393668163],[0.4258169398597689],-20,0.47225383165623097
974,-0.37803065971970445,0.0,22,10000,[6873.885565690778],[167.58176393668163],[0.4258169398597689],-20,0.47225383165623097
975,-0.22040772900965044,0.0,22,10000,[6873.885565690778],[167.58176393668163],[0.4258169398597689],-20,0.47225383165623097
976,0.2827102223482426,0.0,22,10000,[6873.885565690778],[167.58176393668163],[0.4258169398597689],-20,0.47225383165623097
977,0.02798999534700576,0.0,22,10000,[6873.885565690778],[167.58176393668163],[0.4258169398597689],-20,0.47225383165623097
978,-0.2548353612981571,0.0,22,10000,[6873.885565690778],[167.58176393668163],[0.4258169398597689],-20,0.47225383165623097
979,-0.7833447947718868,0.0,22,10000,[6873.885565690778],[167.58176393668163],[0.4258169398597689],-20,0.47225383165623097
980,1.2568041123826745,0.0,22,10000,[6873.885565690778],[167.58176393668163],[0.4258169398597689],-20,0.47225383165623097
981,0.17633371578254947,0.0,22,10000,[6873.885565690778],[167.58176393668163],[0.4258169398597689],-20,0.47225383165623097
982,-0.9457570391109494,0.0,22,10000,[6873.885565690778],[167.58176393668163],[0.4258169398597689],-20,0.47225383165623097
983,-0.24145303474300392,0.0,22,10000,[6873.885565690778],[167.58176393668163],[0.4258169398597689],-20,0.47225383165623097
984,0.08866399136039159,0.0,22,10000,[6873.885565690778],[167.58176393668163],[0.4258169398597689],-20,0.47225383165623097
985,-0.5021941742848212,0.0,22,10000,[6873.885565690778],[167.58176393668163],[0.4258169398597689],-20,0.47225383165623097
986,0.10380709235912018,0.0,22,10000,[6873.885565690778],[167.58176393668163],[0.4258169398597689],-20,0.47225383165623097
987,0.7607014605819837,0.0,22,10000,[6873.885565690778],[167.58176393668163],[0.4258169398597689],-20,0.47225383165623097
988,-0.7017453288798888,0.0,22,10000,[6873.885565690778],[167.58176393668163],[0.4258169398597689],-20,0.47225383165623097
989,0.02403786451231968,0.0,22,10000,[6873.885565690778],[167.58176393668163],[0.4258169398597689],-20,0.47225383165623097
990,0.38247550711888184,0.0,22,10000,[6873.885565690778],[167.58176393668163],[0.4258169398597689],-20,0.47225383165623097
991,-0.4704431427809094,0.0,22,10000,[6873.885565690778],[167.58176393668163],[0.4258169398597689],-20,0.47225383165623097
992,-0.2627126954015271,0.0,22,10000,[6873.885565690778],[167.58176393668163],[0.4258169398597689],-20,0.47225383165623097
993,0.03567721069935386,0.0,22,10000,[6873.885565690778],[167.58176393668163],[0.4258169398597689],-20,0.47225383165623097
994,0.07877043805907188,0.0,22,10000,[6873.885565690778],[167.58176393668163],[0.4258169398597689],-20,0.47225383165623097
995,0.468834379404965,0.0,22,10000,[6873.885565690778],[167.58176393668163],[0.4258169398597689],-20,0.47225383165623097
996,-0.07085112816489961,0.0,22,10000,[6873.885565690778],[167.58176393668163],[0.4258169398597689],-20,0.47225383165623097
997,-0.1746294593693996,0.0,22,10000,[6873.885565690778],[167.58176393668163],[0.4258169398597689],-20,0.47225383165623097
998,-0.8028815188874895,0.0,22,10000,[6873.885565690778],[167.58176393668163],[0.4258169398597689],-20,0.47225383165623097
999,-0.7139083727777249,0.0,22,10000,[6873.885565690778],[167.58176393668163],[0.4258169398597689],-20,0.47225383165623097
1000,-0.18855898922378705,0.0,22,10000,[6873.885565690778],[167.58176393668163],[0.4258169398597689],-20,0.47225383165623097
1001,0.3192355327081193,0.0,22,10000,[6873.885565690778],[167.58176393668163],[0.4258169398597689],-20,0.47225383165623097
1002,-0.12267395756614445,0.0,22,10000,[6873.885565690778],[167.58176393668163],[0.4258169398597689],-20,0.47225383165623097
1003,0.4364426797290705,0.0,22,10000,[6873.885565690778],[167.58176393668163],[0.4258169398597689],-20,0.47225383165623097
1004,-0.004140593397428662,0.0,22,10000,[6873.885565690778],[167.58176393668163],[0.4258169398597689],-20,0.47225383165623097
1005,-0.4631127445610592,0.0,22,10000,[6873.885565690778],[167.58176393668163],[0.4258169398597689],-20,0.47225383165623097
1006,0.018565984156616207,0.0,22,10000,[6873.885565690778],[167.58176393668163],[0.4258169398597689],-20,0.47225383165623097
1007,-1.0426401064316788,0.0,22,10000,[6873.885565690778],[167.58176393668163],[0.4258169398597689],-20,0.47225383165623097
1008,-0.05912178107624831,0.0,22,10000,[6873.885565690778],[167.58176393668163],[0.4258169398597689],-20,0.47225383165623097
1009,-0.7212582357341168,0.0,22,10000,[6873.885565690778],[167.58176393668163],[0.4258169398597689],-20,0.47225383165623097
1010,0.48647941390572313,0.0,22,10000,[6873.885565690778],[167.58176393668163],[0.4258169398597689],-20,0.47225383165623097
1011,0.046816908065512634,0.0,22,10000,[6873.885565690778],[167.58176393668163],[0.4258169398597689],-20,0.47225383165623097
1012,-0.406475108822181,0.0,22,10000,[6873.885565690778],[167.58176393668163],[0.4258169398597689],-20,0.47225383165623097
1013,-0.19563168678644996,0.0,22,10000,[6873.885565690778],[167.58176393668163],[0.4258169398597689],-20,0.47225383165623097
1014,0.07167132655712004,0.0,22,10000,[6873.885565690778],[167.58176393668163],[0.4258169398597689],-20,0.47225383165623097
1015,-0.0626202745644265,0.0,22,10000,[6873.885565690778],[167.58176393668163],[0.4258169398597689],-20,0.47225383165623097
1016,0.40062596927859256,0.0,22,10000,[6873.885565690778],[167.58176393668163],[0.4258169398597689],-20,0.47225383165623097
1017,0.32699894892164333,0.0,22,10000,[6873.885565690778],[167.58176393668163],[0.4258169398597689],-20,0.47225383165623097
1018,-0.6153698194593479,0.0,22,10000,[6873.885565690778],[167.58176393668163],[0.4258169398597689],-20,0.47225383165623097
1019,0.5452638857646807,0.0,22,10000,[6873.885565690778],[167.58176393668163],[0.4258169398597689],-20,0.47225383165623097
1020,0.3040596482373795,0.0,22,10000,[6873.885565690778],[167.58176393668163],[0.4258169398597689],-20,0.47225383165623097
1021,0.06497172215219112,0.0,22,10000,[6873.885565690778],[167.58176393668163],[0.4258169398597689],-20,0.47225383165623097
1022,-0.40949408939244303,0.0,22,10000,[6873.885565690778],[167.58176393668163],[0.4258169398597689],-20,0.47225383165623097
1023,-0.10408555923821934,0.0,22,10000,[6873.885565690778],[167.58176393668163],[0.4258169398597689],-20,0.47225383165623097
1024,0.36508440056194297,0.0,22,10000,[6873.885565690778],[167.58176393668163],[0.4258169398597689],-20,0.47225383165623097
1025,-0.26252080949668394,0.0,22,10000,[6873.885565690778],[167.58176393668163],[0.4258169398597689],-20,0.47225383165623097
1026,-0.007953917852741108,0.0,22,10000,[6873.885565690778],[167.58176393668163],[0.4258169398597689],-20,0.47225383165623097
1027,-0.2547549938022479,0.0,22,10000,[6873.885565690778],[167.58176393668163],[0.4258169398597689],-20,0.47225383165623097
1028,0.07771337966353938,0.0,22,10000,[6873.885565690778],[167.58176393668163],[0.4258169398597689],-20,0.47225383165623097
1029,-0.07373437699814453,0.0,22,10000,[6873.885565690778],[167.58176393668163],[0.4258169398597689],-20,0.47225383165623097
1030,-0.15899131048618087,0.0,22,10000,[6873.885565690778],[167.58176393668163],[0.4258169398597689],-20,0.47225383165623097
1031,-0.1778706974833091,0.0,22,10000,[6873.885565690778],[167.58176393668163],[0.4258169398597689],-20,0.47225383165623097
1032,0.15823334276728523,0.0,22,10000,[6873.885565690778],[167.58176393668163],[0.4258169398597689],-20,0.47225383165623097
1033,0.523328016335437,0.0,22,10000,[6873.885565690778],[167.58176393668163],[0.4258169398597689],-20,0.47225383165623097
1034,-0.19978156912429554,0.0,22,10000,[6873.885565690778],[167.58176393668163],[0.4258169398597689],-20,0.47225383165623097
1035,-0.6594715644499513,0.0,22,10000,[6873.885565690778],[167.58176393668163],[0.4258169398597689],-20,0.47225383165623097
1036,-0.39272986832155976,0.0,22,10000,[6873.885565690778],[167.58176393668163],[0.4258169398597689],-20,0.47225383165623097
1037,0.029417205605193352,0.0,22,10000,[6873.885565690778],[167.58176393668163],[0.4258169398597689],-20,0.47225383165623097
1038,0.291184992063121,0.0,22,10000,[6873.885565690778],[167.58176393668163],[0.4258169398597689],-20,0.47225383165623097
1039,-0.07115215615812573,0.0,22,10000,[6873.885565690778],[167.58176393668163],[0.4258169398597689],-20,0.47225383165623097
1040,-0.3262349575414032,0.0,22,10000,[6873.885565690778],[167.58176393668163],[0.4258169398597689],-20,0.47225383165623097
1041,0.6334682706668461,0.0,22,10000,[6873.885565690778],[167.58176393668163],[0.4258169398597689],-20,0.47225383165623097
1042,0.30197705933823416,0.0,22,10000,[6873.885565690778],[167.58176393668163],[0.4258169398597689],-20,0.47225383165623097
1043,1.147884352965461,0.0,22,10000,[6873.885565690778],[167.58176393668163],[0.4258169398597689],-20,0.47225383165623097
1044,0.11434921029787454,0.0,22,10000,[6873.885565690778],[167.58176393668163],[0.4258169398597689],-20,0.47225383165623097
1045,-0.024600463146279384,0.0,22,10000,[6873.885565690778],[167.58176393668163],[0.4258169398597689],-20,0.47225383165623097
1046,0.3038675377668174,0.0,22,10000,[6873.885565690778],[167.58176393668163],[0.4258169398597689],-20,0.47225383165623097
1047,-0.28774294307746234,0.0,22,10000,[6873.885565690778],[167.58176393668163],[0.4258169398597689],-20,0.47225383165623097
1048,0.16351583295969252,0.0,22,10000,[6873.885565690778],[167.58176393668163],[0.4258169398597689],-20,0.47225383165623097
1049,0.7198099354683261,0.0,22,10000,[6873.885565690778],[167.58176393668163],[0.4258169398597689],-20,0.47225383165623097
1050,-0.1332113097562682,0.0,22,10000,[6873.885565690778],[167.58176393668163],[0.4258169398597689],-20,0.47225383165623097
1051,-0.18954985964773063,0.0,22,10000,[6873.885565690778],[167.58176393668163],[0.4258169398597689],-20,0.47225383165623097
1052,-0.09224379509821298,0.0,22,10000,[6873.885565690778],[167.58176393668163],[0.4258169398597689],-20,0.47225383165623097
1053,0.1258394083743178,0.0,22,10000,[6873.885565690778],[167.58176393668163],[0.4258169398597689],-20,0.47225383165623097
1054,0.05865355238087188,0.0,22,10000,[6873.885565690778],[167.58176393668163],[0.4258169398597689],-20,0.47225383165623097
1055,0.811403338271712,0.0,22,10000,[6873.885565690778],[167.58176393668163],[0.4258169398597689],-20,0.47225383165623097
1056,0.5124118811485434,0.0,22,10000,[6873.885565690778],[167.58176393668163],[0.4258169398597689],-20,0.47225383165623097
1057,0.6053714881539835,0.0,22,10000,[6873.885565690778],[167.58176393668163],[0.4258169398597689],-20,0.47225383165623097
1058,0.9397207151173593,0.0,22,10000,[6873.885565690778],[167.58176393668163],[0.4258169398597689],-20,0.47225383165623097
1059,-0.0979373461023846,0.0,22,10000,[6873.885565690778],[167.58176393668163],[0.4258169398597689],-20,0.47225383165623097
1060,0.9677202398688404,0.0,22,10000,[6873.885565690778],[167.58176393668163],[0.4258169398597689],-20,0.47225383165623097
1061,0.06945997014771617,0.0,22,10000,[6873.885565690778],[167.58176393668163],[0.4258169398597689],-20,0.47225383165623097
1062,-0.8775912860001847,0.0,22,10000,[6873.885565690778],[167.58176393668163],[0.4258169398597689],-20,0.47225383165623097
1063,0.2524158096095733,0.0,22,10000,[6873.885565690778],[167.58176393668163],[0.4258169398597689],-20,0.47225383165623097
1064,-0.26979330511031996,0.0,22,10000,[6873.885565690778],[167.58176393668163],[0.4258169398597689],-20,0.47225383165623097
1065,-0.6929819428326646,0.0,22,10000,[6873.885565690778],[167.58176393668163],[0.4258169398597689],-20,0.47225383165623097
1066,0.08832968506828284,0.0,22,10000,[6873.885565690778],[167.58176393668163],[0.4258169398597689],-20,0.47225383165623097
1067,0.5699387574076596,0.0,22,10000,[6873.885565690778],[167.58176393668163],[0.4258169398597689],-20,0.47225383165623097
1068,0.17896238284546132,0.0,22,10000,[6873.885565690778],[167.58176393668163],[0.4258169398597689],-20,0.47225383165623097
1069,-0.001426387894283922,0.0,22,10000,[6873.885565690778],[167.58176393668163],[0.4258169398597689],-20,0.47225383165623097
1070,0.6818604735681404,0.0,22,10000,[6873.885565690778],[167.58176393668163],[0.4258169398597689],-20,0.47225383165623097
1071,-0.2254395529126593,0.0,22,10000,[6873.885565690778],[167.58176393668163],[0.4258169398597689],-20,0.47225383165623097
1072,0.33446032330944103,0.0,22,10000,[6873.885565690778],[167.58176393668163],[0.4258169398597689],-20,0.47225383165623097
1073,-0.0971641942306173,0.0,22,10000,[6873.885565690778],[167.58176393668163],[0.4258169398597689],-20,0.47225383165623097
1074,-0.563465353810171,0.0,22,10000,[6873.885565690778],[167.58176393668163],[0.4258169398597689],-20,0.47225383165623097
1075,-0.14303839909298974,0.0,22,10000,[6873.885565690778],[167.58176393668163],[0.4258169398597689],-20,0.47225383165623097
1076,0.8201882315440123,0.0,22,10000,[6873.885565690778],[167.58176393668163],[0.4258169398597689],-20,0.47225383165623097
1077,-0.01871040827497693,0.0,22,10000,[6873.885565690778],[167.58176393668163],[0.4258169398597689],-20,0.47225383165623097
1078,-0.020319160333524083,0.0,22,10000,[6873.885565690778],[167.58176393668163],[0.4258169398597689],-20,0.47225383165623097
1079,0.7656881073520999,0.0,22,10000,[6873.885565690778],[167.58176393668163],[0.4258169398597689],-20,0.47225383165623097
1080,0.4253384847714946,0.0,22,10000,[6873.885565690778],[167.58176393668163],[0.4258169398597689],-20,0.47225383165623097
1081,-0.3057924689188238,0.0,22,10000,[6873.885565690778],[167.58176393668163],[0.4258169398597689],-20,0.47225383165623097
1082,-0.3015777712782849,0.0,22,10000,[6873.885565690778],[167.58176393668163],[0.4258169398597689],-20,0.47225383165623097
1083,-0.17710663682042194,0.0,22,10000,[6873.885565690778],[167.58176393668163],[0.4258169398597689],-20,0.47225383165623097
1084,0.3170964967004045,0.0,22,10000,[6873.885565690778],[167.58176393668163],[0.4258169398597689],-20,0.47225383165623097
1085,0.002182138382710698,0.0,22,10000,[6873.885565690778],[167.58176393668163],[0.4258169398597689],-20,0.47225383165623097
1086,0.06628233049563792,0.0,22,10000,[6873.885565690778],[167.58176393668163],[0.4258169398597689],-20,0.47225383165623097
1087,-0.12537471299689337,0.0,22,10000,[6873.885565690778],[167.58176393668163],[0.4258169398597689],-20,0.47225383165623097
1088,-0.01890648153731914,0.0,22,10000,[6873.885565690778],[167.58176393668163],[0.4258169398597689],-20,0.47225383165623097
1089,0.4364686553103395,0.0,22,10000,[6873.885565690778],[167.58176393668163],[0.4258169398597689],-20,0.47225383165623097
1090,0.019371088478233992,0.0,22,10000,[6873.885565690778],[167.58176393668163],[0.4258169398597689],-20,0.47225383165623097
1091,0.7384438323767991,0.0,22,10000,[6873.885565690778],[167.58176393668163],[0.4258169398597689],-20,0.47225383165623097
1092,0.9331595053393275,0.0,22,10000,[6873.885565690778],[167.58176393668163],[0.4258169398597689],-20,0.47225383165623097
1093,0.6031171126628893,0.0,22,10000,[6873.885565690778],[167.58176393668163],[0.4258169398597689],-20,0.47225383165623097
1094,0.6660972348892753,0.0,22,10000,[6873.885565690778],[167.58176393668163],[0.4258169398597689],-20,0.47225383165623097
1095,0.011042334334459393,0.0,22,10000,[6873.885565690778],[167.58176393668163],[0.4258169398597689],-20,0.47225383165623097
1096,0.1099596315690466,0.0,22,10000,[6873.885565690778],[167.58176393668163],[0.4258169398597689],-20,0.47225383165623097
1097,-0.21573297578961978,0.0,22,10000,[6873.885565690778],[167.58176393668163],[0.4258169398597689],-20,0.47225383165623097
1098,-0.040710326667425856,0.0,22,10000,[6873.885565690778],[167.58176393668163],[0.4258169398597689],-20,0.47225383165623097
1099,0.10682052000617362,0.0,22,10000,[6873.885565690778],[167.58176393668163],[0.4258169398597689],-20,0.47225383165623097
1100,0.2347808621491948,0.0,22,10000,[6873.885565690778],[167.58176393668163],[0.4258169398597689],-20,0.47225383165623097
1101,-0.31391260913600266,0.0,22,10000,[6873.885565690778],[167.58176393668163],[0.4258169398597689],-20,0.47225383165623097
1102,0.01581796898584932,0.0,22,10000,[6873.885565690778],[167.58176393668163],[0.4258169398597689],-20,0.47225383165623097
1103,0.10914875996472143,0.0,22,10000,[6873.885565690778],[167.58176393668163],[0.4258169398597689],-20,0.47225383165623097
1104,0.2124342764017714,0.0,22,10000,[6873.885565690778],[167.58176393668163],[0.4258169398597689],-20,0.47225383165623097
1105,-0.6481251086951844,0.0,22,10000,[6873.885565690778],[167.58176393668163],[0.4258169398597689],-20,0.47225383165623097
1106,-0.6048555848854764,0.0,22,10000,[6873.885565690778],[167.58176393668163],[0.4258169398597689],-20,0.47225383165623097
1107,0.16314727440809357,0.0,22,10000,[6873.885565690778],[167.58176393668163],[0.4258169398597689],-20,0.47225383165623097
1108,0.08061861327209502,0.0,22,10000,[6873.885565690778],[167.58176393668163],[0.4258169398597689],-20,0.47225383165623097
1109,-0.0900222726224939,0.0,22,10000,[6873.885565690778],[167.58176393668163],[0.4258169398597689],-20,0.47225383165623097
1110,-0.3476959367465015,0.0,22,10000,[6873.885565690778],[167.58176393668163],[0.4258169398597689],-20,0.47225383165623097
1111,-0.8469886626076384,0.0,22,10000,[6873.885565690778],[167.58176393668163],[0.4258169398597689],-20,0.47225383165623097
1112,-0.067219100171456,0.0,22,10000,[6873.885565690778],[167.58176393668163],[0.4258169398597689],-20,0.47225383165623097
1113,0.6436558826124877,0.0,22,10000,[6873.885565690778],[167.58176393668163],[0.4258169398597689],-20,0.47225383165623097
1114,0.28465115411292924,0.0,22,10000,[6873.885565690778],[167.58176393668163],[0.4258169398597689],-20,0.47225383165623097
1115,0.5647486628528569,0.0,22,10000,[6873.885565690778],[167.58176393668163],[0.4258169398597689],-20,0.47225383165623097
1116,0.16884581762798787,0.0,22,10000,[6873.885565690778],[167.58176393668163],[0.4258169398597689],-20,0.47225383165623097
1117,0.201051304247814,0.0,22,10000,[6873.885565690778],[167.58176393668163],[0.4258169398597689],-20,0.47225383165623097
1118,-0.17999191942427656,0.0,22,10000,[6873.885565690778],[167.58176393668163],[0.4258169398597689],-20,0.47225383165623097
1119,0.5460616537703085,0.0,22,10000,[6873.885565690778],[167.58176393668163],[0.4258169398597689],-20,0.47225383165623097
1120,-0.4411846710997135,0.0,22,10000,[6873.885565690778],[167.58176393668163],[0.4258169398597689],-20,0.47225383165623097
1121,0.15571771112218485,0.0,22,10000,[6873.885565690778],[167.58176393668163],[0.4258169398597689],-20,0.47225383165623097
1122,0.4476944978918697,0.0,22,10000,[6873.885565690778],[167.58176393668163],[0.4258169398597689],-20,0.47225383165623097
1123,-0.06464470008926311,0.0,22,10000,[6873.885565690778],[167.58176393668163],[0.4258169398597689],-20,0.47225383165623097
1124,-0.5775771220241734,0.0,22,10000,[6873.885565690778],[167.58176393668163],[0.4258169398597689],-20,0.47225383165623097
1125,-0.17475777343374707,0.0,22,10000,[6873.885565690778],[167.58176393668163],[0.4258169398597689],-20,0.47225383165623097
1126,0.5997576163142962,0.0,22,10000,[6873.885565690778],[167.58176393668163],[0.4258169398597689],-20,0.47225383165623097
1127,-0.09072280237369983,0.0,22,10000,[6873.885565690778],[167.58176393668163],[0.4258169398597689],-20,0.47225383165623097
1128,-0.22562575108762456,0.0,22,10000,[6873.885565690778],[167.58176393668163],[0.4258169398597689],-20,0.47225383165623097
1129,-0.2891512645735239,0.0,22,10000,[6873.885565690778],[167.58176393668163],[0.4258169398597689],-20,0.47225383165623097
1130,-0.1967602198714623,0.0,22,10000,[6873.885565690778],[167.58176393668163],[0.4258169398597689],-20,0.47225383165623097
1131,0.23133418896027563,0.0,22,10000,[6873.885565690778],[167.58176393668163],[0.4258169398597689],-20,0.47225383165623097
1132,-0.5320344788654444,0.0,22,10000,[6873.885565690778],[167.58176393668163],[0.4258169398597689],-20,0.47225383165623097
1133,0.25892197331891104,0.0,22,10000,[6873.885565690778],[167.58176393668163],[0.4258169398597689],-20,0.47225383165623097
1134,-0.37482650633531356,0.0,22,10000,[6873.885565690778],[167.58176393668163],[0.4258169398597689],-20,0.47225383165623097
1135,0.22936885871604862,0.0,22,10000,[6873.885565690778],[167.58176393668163],[0.4258169398597689],-20,0.47225383165623097
1136,0.3719764940002997,0.0,22,10000,[6873.885565690778],[167.58176393668163],[0.4258169398597689],-20,0.47225383165623097
1137,0.21605562755150678,0.0,22,10000,[6873.885565690778],[167.58176393668163],[0.4258169398597689],-20,0.47225383165623097
1138,0.27009739249429593,0.0,22,10000,[6873.885565690778],[167.58176393668163],[0.4258169398597689],-20,0.47225383165623097
1139,-0.4220684064918338,0.0,22,10000,[6873.885565690778],[167.58176393668163],[0.4258169398597689],-20,0.47225383165623097
1140,0.07653772814827084,0.0,22,10000,[6873.885565690778],[167.58176393668163],[0.4258169398597689],-20,0.47225383165623097
1141,0.5883206418834291,0.0,22,10000,[6873.885565690778],[167.58176393668163],[0.4258169398597689],-20,0.47225383165623097
1142,0.45829101671764144,0.0,22,10000,[6873.885565690778],[167.58176393668163],[0.4258169398597689],-20,0.47225383165623097
1143,0.46714238065537284,0.0,22,10000,[6873.885565690778],[167.58176393668163],[0.4258169398597689],-20,0.47225383165623097
1144,0.9520888662495431,0.0,22,10000,[6873.885565690778],[167.58176393668163],[0.4258169398597689],-20,0.47225383165623097
1145,-0.7211280871875219,0.0,22,10000,[6873.885565690778],[167.58176393668163],[0.4258169398597689],-20,0.47225383165623097
1146,-0.9164935878885963,0.0,22,10000,[6873.885565690778],[167.58176393668163],[0.4258169398597689],-20,0.47225383165623097
1147,-0.4791939463591458,0.0,22,10000,[6873.885565690778],[167.58176393668163],[0.4258169398597689],-20,0.47225383165623097
1148,-0.3559207763346578,0.0,22,10000,[6873.885565690778],[167.58176393668163],[0.4258169398597689],-20,0.47225383165623097
1149,-0.009901783329487143,0.0,22,10000,[6873.885565690778],[167.58176393668163],[0.4258169398597689],-20,0.47225383165623097
1150,0.47196700060273805,0.0,22,10000,[6873.885565690778],[167.58176393668163],[0.4258169398597689],-20,0.47225383165623097
1151,0.25984139155701963,0.0,22,10000,[6873.885565690778],[167.58176393668163],[0.4258169398597689],-20,0.47225383165623097
1152,0.9072569809097324,0.0,22,10000,[6873.885565690778],[167.58176393668163],[0.4258169398597689],-20,0.47225383165623097
1153,0.5239607939379654,0.0,22,10000,[6873.885565690778],[167.58176393668163],[0.4258169398597689],-20,0.47225383165623097
1154,0.22887881760775652,0.0,22,10000,[6873.885565690778],[167.58176393668163],[0.4258169398597689],-20,0.47225383165623097
1155,0.3159916352483205,0.0,22,10000,[6873.885565690778],[167.58176393668163],[0.4258169398597689],-20,0.47225383165623097
1156,1.5066962892242755,0.0,22,10000,[6873.885565690778],[167.58176393668163],[0.4258169398597689],-20,0.47225383165623097
1157,0.6587366280663497,0.0,22,10000,[6873.885565690778],[167.58176393668163],[0.4258169398597689],-20,0.47225383165623097
1158,0.35837299049348176,0.0,22,10000,[6873.885565690778],[167.58176393668163],[0.4258169398597689],-20,0.47225383165623097
1159,0.050693405238731275,0.0,22,10000,[6873.885565690778],[167.58176393668163],[0.4258169398597689],-20,0.47225383165623097
1160,-0.5310388968229894,0.0,22,10000,[6873.885565690778],[167.58176393668163],[0.4258169398597689],-20,0.47225383165623097
1161,0.40980478107825075,0.0,22,10000,[6873.885565690778],[167.58176393668163],[0.4258169398597689],-20,0.47225383165623097
1162,-1.088068465883397,0.0,22,10000,[6873.885565690778],[167.58176393668163],[0.4258169398597689],-20,0.47225383165623097
1163,-0.06071168361776167,0.0,22,10000,[6873.885565690778],[167.58176393668163],[0.4258169398597689],-20,0.47225383165623097
1164,0.0770747683126824,0.0,22,10000,[6873.885565690778],[167.58176393668163],[0.4258169398597689],-20,0.47225383165623097
1165,-0.47108944067169994,0.0,22,10000,[6873.885565690778],[167.58176393668163],[0.4258169398597689],-20,0.47225383165623097
1166,0.6422674844583404,0.0,22,10000,[6873.885565690778],[167.58176393668163],[0.4258169398597689],-20,0.47225383165623097
1167,0.6810682059578251,0.0,22,10000,[6873.885565690778],[167.58176393668163],[0.4258169398597689],-20,0.47225383165623097
1168,0.028581276969465667,0.0,22,10000,[6873.885565690778],[167.58176393668163],[0.4258169398597689],-20,0.47225383165623097
1169,0.36347974665005367,0.0,22,10000,[6873.885565690778],[167.58176393668163],[0.4258169398597689],-20,0.47225383165623097
1170,-0.1018253968463451,0.0,22,10000,[6873.885565690778],[167.58176393668163],[0.4258169398597689],-20,0.47225383165623097
1171,0.389402129689067,0.0,22,10000,[6873.885565690778],[167.58176393668163],[0.4258169398597689],-20,0.47225383165623097
1172,-0.3996643226997032,0.0,22,10000,[6873.885565690778],[167.58176393668163],[0.4258169398597689],-20,0.47225383165623097
1173,-0.7787957958164783,0.0,22,10000,[6873.885565690778],[167.58176393668163],[0.4258169398597689],-20,0.47225383165623097
1174,0.029839855214040187,0.0,22,10000,[6873.885565690778],[167.58176393668163],[0.4258169398597689],-20,0.47225383165623097
1175,0.7376788666008687,0.0,22,10000,[6873.885565690778],[167.58176393668163],[0.4258169398597689],-20,0.47225383165623097
1176,-0.2874148059619207,0.0,22,10000,[6873.885565690778],[167.58176393668163],[0.4258169398597689],-20,0.47225383165623097
1177,-0.11704046862702845,0.0,22,10000,[6873.885565690778],[167.58176393668163],[0.4258169398597689],-20,0.47225383165623097
1178,0.31234613033492126,0.0,22,10000,[6873.885565690778],[167.58176393668163],[0.4258169398597689],-20,0.47225383165623097
1179,-0.0071764371850441405,0.0,22,10000,[6873.885565690778],[167.58176393668163],[0.4258169398597689],-20,0.47225383165623097
1180,-0.11498202669281977,0.0,22,10000,[6873.885565690778],[167.58176393668163],[0.4258169398597689],-20,0.47225383165623097
1181,-0.0763858136339829,0.0,22,10000,[6873.885565690778],[167.58176393668163],[0.4258169398597689],-20,0.47225383165623097
1182,-0.34237646386235243,0.0,22,10000,[6873.885565690778],[167.58176393668163],[0.4258169398597689],-20,0.47225383165623097
1183,0.770489399421845,0.0,22,10000,[6873.885565690778],[167.58176393668163],[0.4258169398597689],-20,0.47225383165623097
1184,1.2217803574075874,0.0,22,10000,[6873.885565690778],[167.58176393668163],[0.4258169398597689],-20,0.47225383165623097
1185,0.19138217988077835,0.0,22,10000,[6873.885565690778],[167.58176393668163],[0.4258169398597689],-20,0.47225383165623097
1186,0.6304622202039682,0.0,22,10000,[6873.885565690778],[167.58176393668163],[0.4258169398597689],-20,0.47225383165623097
1187,0.3853955221465629,0.0,22,10000,[6873.885565690778],[167.58176393668163],[0.4258169398597689],-20,0.47225383165623097
1188,-0.7145016458553322,0.0,22,10000,[6873.885565690778],[167.58176393668163],[0.4258169398597689],-20,0.47225383165623097
1189,0.4779053001358726,0.0,22,10000,[6873.885565690778],[167.58176393668163],[0.4258169398597689],-20,0.47225383165623097
1190,0.7842460665659842,0.0,22,10000,[6873.885565690778],[167.58176393668163],[0.4258169398597689],-20,0.47225383165623097
1191,0.11020229182950021,0.0,22,10000,[6873.885565690778],[167.58176393668163],[0.4258169398597689],-20,0.47225383165623097
1192,0.22099885144782977,0.0,22,10000,[6873.885565690778],[167.58176393668163],[0.4258169398597689],-20,0.47225383165623097
1193,-0.3334353958175911,0.0,22,10000,[6873.885565690778],[167.58176393668163],[0.4258169398597689],-20,0.47225383165623097
1194,0.06688004487559383,0.0,22,10000,[6873.885565690778],[167.58176393668163],[0.4258169398597689],-20,0.47225383165623097
1195,-0.7518404508637414,0.0,22,10000,[6873.885565690778],[167.58176393668163],[0.4258169398597689],-20,0.47225383165623097
1196,-0.44145624826220536,0.0,22,10000,[6873.885565690778],[167.58176393668163],[0.4258169398597689],-20,0.47225383165623097
1197,0.5635126293274968,0.0,22,10000,[6873.885565690778],[167.58176393668163],[0.4258169398597689],-20,0.47225383165623097
1198,-0.8323799128090138,0.0,22,10000,[6873.885565690778],[167.58176393668163],[0.4258169398597689],-20,0.47225383165623097
1199,-0.24970660009589338,0.0,22,10000,[6873.885565690778],[167.58176393668163],[0.4258169398597689],-20,0.47225383165623097
1200,0.40593824034402287,0.0,22,10000,[6873.885565690778],[167.58176393668163],[0.4258169398597689],-20,0.47225383165623097
1201,0.2686515533629836,0.0,22,10000,[6873.885565690778],[167.58176393668163],[0.4258169398597689],-20,0.47225383165623097
1202,0.12132823979874723,0.0,22,10000,[6873.885565690778],[167.58176393668163],[0.4258169398597689],-20,0.47225383165623097
1203,-0.14812856522326753,0.0,22,10000,[6873.885565690778],[167.58176393668163],[0.4258169398597689],-20,0.47225383165623097
1204,-0.0659576155131435,0.0,22,10000,[6873.885565690778],[167.58176393668163],[0.4258169398597689],-20,0.47225383165623097
1205,-0.21030023986699953,0.0,22,10000,[6873.885565690778],[167.58176393668163],[0.4258169398597689],-20,0.47225383165623097
1206,-0.35370018221814936,0.0,22,10000,[6873.885565690778],[167.58176393668163],[0.4258169398597689],-20,0.47225383165623097
1207,-0.8384649062260764,0.0,22,10000,[6873.885565690778],[167.58176393668163],[0.4258169398597689],-20,0.47225383165623097
1208,0.146775151092774,0.0,22,10000,[6873.885565690778],[167.58176393668163],[0.4258169398597689],-20,0.47225383165623097
1209,0.5334670339360993,0.0,22,10000,[6873.885565690778],[167.58176393668163],[0.4258169398597689],-20,0.47225383165623097
1210,-0.12204348467217624,0.0,22,10000,[6873.885565690778],[167.58176393668163],[0.4258169398597689],-20,0.47225383165623097
1211,-0.04191811631924886,0.0,22,10000,[6873.885565690778],[167.58176393668163],[0.4258169398597689],-20,0.47225383165623097
1212,0.1898496446396392,0.0,22,10000,[6873.885565690778],[167.58176393668163],[0.4258169398597689],-20,0.47225383165623097
1213,0.4375461133717912,0.0,22,10000,[6873.885565690778],[167.58176393668163],[0.4258169398597689],-20,0.47225383165623097
1214,-0.4935243060028234,0.0,22,10000,[6873.885565690778],[167.58176393668163],[0.4258169398597689],-20,0.47225383165623097
1215,-0.5280282422366814,0.0,22,10000,[6873.885565690778],[167.58176393668163],[0.4258169398597689],-20,0.47225383165623097
1216,0.3533864074017717,0.0,22,10000,[6873.885565690778],[167.58176393668163],[0.4258169398597689],-20,0.47225383165623097
1217,0.25625909824577164,0.0,22,10000,[6873.885565690778],[167.58176393668163],[0.4258169398597689],-20,0.47225383165623097
1218,-0.1492399136182392,0.0,22,10000,[6873.885565690778],[167.58176393668163],[0.4258169398597689],-20,0.47225383165623097
1219,0.4504773181415783,0.0,22,10000,[6873.885565690778],[167.58176393668163],[0.4258169398597689],-20,0.47225383165623097
1220,0.7741481361656289,0.0,22,10000,[6873.885565690778],[167.58176393668163],[0.4258169398597689],-20,0.47225383165623097
1221,-0.4942243839149183,0.0,22,10000,[6873.885565690778],[167.58176393668163],[0.4258169398597689],-20,0.47225383165623097
1222,0.5509689211298711,0.0,22,10000,[6873.885565690778],[167.58176393668163],[0.4258169398597689],-20,0.47225383165623097
1223,0.826324604084478,0.0,22,10000,[6873.885565690778],[167.58176393668163],[0.4258169398597689],-20,0.47225383165623097
1224,0.2889741908415694,0.0,22,10000,[6873.885565690778],[167.58176393668163],[0.4258169398597689],-20,0.47225383165623097
1225,-0.8317752000671893,0.0,22,10000,[6873.885565690778],[167.58176393668163],[0.4258169398597689],-20,0.47225383165623097
1226,0.3279207603296486,0.0,22,10000,[6873.885565690778],[167.58176393668163],[0.4258169398597689],-20,0.47225383165623097
1227,-0.0831811114311812,0.0,22,10000,[6873.885565690778],[167.58176393668163],[0.4258169398597689],-20,0.47225383165623097
1228,0.5493080964409671,0.0,22,10000,[6873.885565690778],[167.58176393668163],[0.4258169398597689],-20,0.47225383165623097
1229,0.22746591429458843,0.0,22,10000,[6873.885565690778],[167.58176393668163],[0.4258169398597689],-20,0.47225383165623097
1230,0.41141128202468846,0.0,22,10000,[6873.885565690778],[167.58176393668163],[0.4258169398597689],-20,0.47225383165623097
1231,-0.1641941865501655,0.0,22,10000,[6873.885565690778],[167.58176393668163],[0.4258169398597689],-20,0.47225383165623097
1232,0.4314282156193828,0.0,22,10000,[6873.885565690778],[167.58176393668163],[0.4258169398597689],-20,0.47225383165623097
1233,-0.051347780503050444,0.0,22,10000,[6873.885565690778],[167.58176393668163],[0.4258169398597689],-20,0.47225383165623097
1234,0.11232526512582468,0.0,22,10000,[6873.885565690778],[167.58176393668163],[0.4258169398597689],-20,0.47225383165623097
1235,-0.2878451448618526,0.0,22,10000,[6873.885565690778],[167.58176393668163],[0.4258169398597689],-20,0.47225383165623097
1236,0.3199207617348035,0.0,22,10000,[6873.885565690778],[167.58176393668163],[0.4258169398597689],-20,0.47225383165623097
1237,0.3173614368668833,0.0,22,10000,[6873.885565690778],[167.58176393668163],[0.4258169398597689],-20,0.47225383165623097
1238,0.17634015252473226,0.0,22,10000,[6873.885565690778],[167.58176393668163],[0.4258169398597689],-20,0.47225383165623097
1239,0.7099113959615954,0.0,22,10000,[6873.885565690778],[167.58176393668163],[0.4258169398597689],-20,0.47225383165623097
1240,0.30736508623210557,0.0,22,10000,[6873.885565690778],[167.58176393668163],[0.4258169398597689],-20,0.47225383165623097
1241,0.5002236732144891,0.0,22,10000,[6873.885565690778],[167.58176393668163],[0.4258169398597689],-20,0.47225383165623097
1242,0.16912979386123844,0.0,22,10000,[6873.885565690778],[167.58176393668163],[0.4258169398597689],-20,0.47225383165623097
1243,-0.915278826338913,0.0,22,10000,[6873.885565690778],[167.58176393668163],[0.4258169398597689],-20,0.47225383165623097
1244,-0.43366742388489554,0.0,22,10000,[6873.885565690778],[167.58176393668163],[0.4258169398597689],-20,0.47225383165623097
1245,0.9603311166833342,0.0,22,10000,[6873.885565690778],[167.58176393668163],[0.4258169398597689],-20,0.47225383165623097
1246,0.2468380012704641,0.0,22,10000,[6873.885565690778],[167.58176393668163],[0.4258169398597689],-20,0.47225383165623097
1247,0.7003913989654628,0.0,22,10000,[6873.885565690778],[167.58176393668163],[0.4258169398597689],-20,0.47225383165623097
1248,0.09256823186975795,0.0,22,10000,[6873.885565690778],[167.58176393668163],[0.4258169398597689],-20,0.47225383165623097
1249,0.6469607960285461,0.0,22,10000,[6873.885565690778],[167.58176393668163],[0.4258169398597689],-20,0.47225383165623097
1250,0.528727978996455,0.0,22,10000,[6873.885565690778],[167.58176393668163],[0.4258169398597689],-20,0.47225383165623097
1251,0.05207763421357649,0.0,22,10000,[6873.885565690778],[167.58176393668163],[0.4258169398597689],-20,0.47225383165623097
1252,0.4199850391354618,0.0,22,10000,[6873.885565690778],[167.58176393668163],[0.4258169398597689],-20,0.47225383165623097
1253,-0.6187878106843865,0.0,22,10000,[6873.885565690778],[167.58176393668163],[0.4258169398597689],-20,0.47225383165623097
1254,-0.15385858530957472,0.0,22,10000,[6873.885565690778],[167.58176393668163],[0.4258169398597689],-20,0.47225383165623097
1255,0.33955273689359877,0.0,22,10000,[6873.885565690778],[167.58176393668163],[0.4258169398597689],-20,0.47225383165623097
1256,0.18296508062069666,0.0,22,10000,[6873.885565690778],[167.58176393668163],[0.4258169398597689],-20,0.47225383165623097
1257,-0.855410760311306,0.0,22,10000,[6873.885565690778],[167.58176393668163],[0.4258169398597689],-20,0.47225383165623097
1258,-0.12945260479462242,0.0,22,10000,[6873.885565690778],[167.58176393668163],[0.4258169398597689],-20,0.47225383165623097
1259,0.531199620936976,0.0,22,10000,[6873.885565690778],[167.58176393668163],[0.4258169398597689],-20,0.47225383165623097
1260,-0.4141496061160729,0.0,22,10000,[6873.885565690778],[167.58176393668163],[0.4258169398597689],-20,0.47225383165623097
1261,-0.8741883502119611,0.0,22,10000,[6873.885565690778],[167.58176393668163],[0.4258169398597689],-20,0.47225383165623097
1262,0.6666454563817277,0.0,22,10000,[6873.885565690778],[167.58176393668163],[0.4258169398597689],-20,0.47225383165623097
1263,-0.652891032692215,0.0,22,10000,[6873.885565690778],[167.58176393668163],[0.4258169398597689],-20,0.47225383165623097
1264,0.2689539956201073,0.0,22,10000,[6873.885565690778],[167.58176393668163],[0.4258169398597689],-20,0.47225383165623097
1265,0.06616815822622407,0.0,22,10000,[6873.885565690778],[167.58176393668163],[0.4258169398597689],-20,0.47225383165623097
1266,-0.7458286300488545,0.0,22,10000,[6873.885565690778],[167.58176393668163],[0.4258169398597689],-20,0.47225383165623097
1267,0.3175312915923591,0.0,22,10000,[6873.885565690778],[167.58176393668163],[0.4258169398597689],-20,0.47225383165623097
1268,0.8106454872893601,0.0,22,10000,[6873.885565690778],[167.58176393668163],[0.4258169398597689],-20,0.47225383165623097
1269,0.4834800327742212,0.0,22,10000,[6873.885565690778],[167.58176393668163],[0.4258169398597689],-20,0.47225383165623097
1270,-0.7557125003729761,0.0,22,10000,[6873.885565690778],[167.58176393668163],[0.4258169398597689],-20,0.47225383165623097
1271,0.4395901017196622,0.0,22,10000,[6873.885565690778],[167.58176393668163],[0.4258169398597689],-20,0.47225383165623097
1272,-0.42846796648405006,0.0,22,10000,[6873.885565690778],[167.58176393668163],[0.4258169398597689],-20,0.47225383165623097
1273,0.10995450001750541,0.0,22,10000,[6873.885565690778],[167.58176393668163],[0.4258169398597689],-20,0.47225383165623097
1274,-0.058776995630781474,0.0,22,10000,[6873.885565690778],[167.58176393668163],[0.4258169398597689],-20,0.47225383165623097
1275,-0.7115041892480695,0.0,22,10000,[6873.885565690778],[167.58176393668163],[0.4258169398597689],-20,0.47225383165623097
1276,-0.7623233103093167,0.0,22,10000,[6873.885565690778],[167.58176393668163],[0.4258169398597689],-20,0.47225383165623097
1277,-0.3640408636059945,0.0,22,10000,[6873.885565690778],[167.58176393668163],[0.4258169398597689],-20,0.47225383165623097
1278,0.38744752357906576,0.0,22,10000,[6873.885565690778],[167.58176393668163],[0.4258169398597689],-20,0.47225383165623097
1279,-0.03236187110829423,0.0,22,10000,[6873.885565690778],[167.58176393668163],[0.4258169398597689],-20,0.47225383165623097
1280,0.4220663152786516,0.0,22,10000,[6873.885565690778],[167.58176393668163],[0.4258169398597689],-20,0.47225383165623097
1281,0.356974364521294,0.0,22,10000,[6873.885565690778],[167.58176393668163],[0.4258169398597689],-20,0.47225383165623097
1282,-0.007496802861480399,0.0,22,10000,[6873.885565690778],[167.58176393668163],[0.4258169398597689],-20,0.47225383165623097
1283,-0.3446780108588672,0.0,22,10000,[6873.885565690778],[167.58176393668163],[0.4258169398597689],-20,0.47225383165623097
1284,0.17481568292531258,0.0,22,10000,[6873.885565690778],[167.58176393668163],[0.4258169398597689],-20,0.47225383165623097
1285,-0.6193761310254439,0.0,22,10000,[6873.885565690778],[167.58176393668163],[0.4258169398597689],-20,0.47225383165623097
1286,-0.03044277335349187,0.0,22,10000,[6873.885565690778],[167.58176393668163],[0.4258169398597689],-20,0.47225383165623097
1287,-0.06094575932556444,0.0,22,10000,[6873.885565690778],[167.58176393668163],[0.4258169398597689],-20,0.47225383165623097
1288,-0.8726813192112604,0.0,22,10000,[6873.885565690778],[167.58176393668163],[0.4258169398597689],-20,0.47225383165623097
1289,-0.35202939341523093,0.0,22,10000,[6873.885565690778],[167.58176393668163],[0.4258169398597689],-20,0.47225383165623097
1290,-0.5170826735505796,0.0,22,10000,[6873.885565690778],[167.58176393668163],[0.4258169398597689],-20,0.47225383165623097
1291,0.37105525499947284,0.0,22,10000,[6873.885565690778],[167.58176393668163],[0.4258169398597689],-20,0.47225383165623097
1292,-0.45143555012073205,0.0,22,10000,[6873.885565690778],[167.58176393668163],[0.4258169398597689],-20,0.47225383165623097
1293,0.44048610532048726,0.0,22,10000,[6873.885565690778],[167.58176393668163],[0.4258169398597689],-20,0.47225383165623097
1294,0.1648840436535685,0.0,22,10000,[6873.885565690778],[167.58176393668163],[0.4258169398597689],-20,0.47225383165623097
1295,-0.2084676636343384,0.0,22,10000,[6873.885565690778],[167.58176393668163],[0.4258169398597689],-20,0.47225383165623097
1296,-0.39459575667895086,0.0,22,10000,[6873.885565690778],[167.58176393668163],[0.4258169398597689],-20,0.47225383165623097
1297,0.4739609906217276,0.0,22,10000,[6873.885565690778],[167.58176393668163],[0.4258169398597689],-20,0.47225383165623097
1298,-0.7072741729631236,0.0,22,10000,[6873.885565690778],[167.58176393668163],[0.4258169398597689],-20,0.47225383165623097
1299,-0.5187303104901597,0.0,22,10000,[6873.885565690778],[167.58176393668163],[0.4258169398597689],-20,0.47225383165623097
1300,0.5145792567267021,0.0,22,10000,[6873.885565690778],[167.58176393668163],[0.4258169398597689],-20,0.47225383165623097
1301,0.19760053215963005,0.0,22,10000,[6873.885565690778],[167.58176393668163],[0.4258169398597689],-20,0.47225383165623097
1302,0.1912747952498097,0.0,22,10000,[6873.885565690778],[167.58176393668163],[0.4258169398597689],-20,0.47225383165623097
1303,-0.11840182978769165,0.0,22,10000,[6873.885565690778],[167.58176393668163],[0.4258169398597689],-20,0.47225383165623097
1304,0.3791168291722474,0.0,22,10000,[6873.885565690778],[167.58176393668163],[0.4258169398597689],-20,0.47225383165623097
1305,-0.8836781642162078,0.0,22,10000,[6873.885565690778],[167.58176393668163],[0.4258169398597689],-20,0.47225383165623097
1306,-0.09280412165210297,0.0,22,10000,[6873.885565690778],[167.58176393668163],[0.4258169398597689],-20,0.47225383165623097
1307,0.11823455581777816,0.0,22,10000,[6873.885565690778],[167.58176393668163],[0.4258169398597689],-20,0.47225383165623097
1308,0.029689534349831608,0.0,22,10000,[6873.885565690778],[167.58176393668163],[0.4258169398597689],-20,0.47225383165623097
1309,0.19652932516325666,0.0,22,10000,[6873.885565690778],[167.58176393668163],[0.4258169398597689],-20,0.47225383165623097
1310,-0.9358251344564562,0.0,22,10000,[6873.885565690778],[167.58176393668163],[0.4258169398597689],-20,0.47225383165623097
1311,-0.23053735067186718,0.0,22,10000,[6873.885565690778],[167.58176393668163],[0.4258169398597689],-20,0.47225383165623097
1312,-0.5595986341741714,0.0,22,10000,[6873.885565690778],[167.58176393668163],[0.4258169398597689],-20,0.47225383165623097
1313,-0.34102778499860087,0.0,22,10000,[6873.885565690778],[167.58176393668163],[0.4258169398597689],-20,0.47225383165623097
1314,-0.48613497456536997,0.0,22,10000,[6873.885565690778],[167.58176393668163],[0.4258169398597689],-20,0.47225383165623097
1315,-0.2533666506151691,0.0,22,10000,[6873.885565690778],[167.58176393668163],[0.4258169398597689],-20,0.47225383165623097
1316,-0.03626941980381388,0.0,22,10000,[6873.885565690778],[167.58176393668163],[0.4258169398597689],-20,0.47225383165623097
1317,-0.3529845006730008,0.0,22,10000,[6873.885565690778],[167.58176393668163],[0.4258169398597689],-20,0.47225383165623097
1318,-0.552548528887241,0.0,22,10000,[6873.885565690778],[167.58176393668163],[0.4258169398597689],-20,0.47225383165623097
1319,-0.550906164733673,0.0,22,10000,[6873.885565690778],[167.58176393668163],[0.4258169398597689],-20,0.47225383165623097
1320,0.05131267338940332,0.0,22,10000,[6873.885565690778],[167.58176393668163],[0.4258169398597689],-20,0.47225383165623097
1321,-0.608105597058765,0.0,22,10000,[6873.885565690778],[167.58176393668163],[0.4258169398597689],-20,0.47225383165623097
1322,0.33056906391290386,0.0,22,10000,[6873.885565690778],[167.58176393668163],[0.4258169398597689],-20,0.47225383165623097
1323,-0.2881905263657018,0.0,22,10000,[6873.885565690778],[167.58176393668163],[0.4258169398597689],-20,0.47225383165623097
1324,-0.5086055439614805,0.0,22,10000,[6873.885565690778],[167.58176393668163],[0.4258169398597689],-20,0.47225383165623097
1325,0.2557204711143321,0.0,22,10000,[6873.885565690778],[167.58176393668163],[0.4258169398597689],-20,0.47225383165623097
1326,0.19927365722035936,0.0,22,10000,[6873.885565690778],[167.58176393668163],[0.4258169398597689],-20,0.47225383165623097
1327,0.10471268635775365,0.0,22,10000,[6873.885565690778],[167.58176393668163],[0.4258169398597689],-20,0.47225383165623097
1328,-0.25675094312298,0.0,22,10000,[6873.885565690778],[167.58176393668163],[0.4258169398597689],-20,0.47225383165623097
1329,0.1634344530522302,0.0,22,10000,[6873.885565690778],[167.58176393668163],[0.4258169398597689],-20,0.47225383165623097
1330,-0.7262234795579516,0.0,22,10000,[6873.885565690778],[167.58176393668163],[0.4258169398597689],-20,0.47225383165623097
1331,0.8475222558993669,0.0,22,10000,[6873.885565690778],[167.58176393668163],[0.4258169398597689],-20,0.47225383165623097
1332,0.3347717556926423,0.0,22,10000,[6873.885565690778],[167.58176393668163],[0.4258169398597689],-20,0.47225383165623097
1333,-0.20773078816969717,0.0,22,10000,[6873.885565690778],[167.58176393668163],[0.4258169398597689],-20,0.47225383165623097
1334,0.3451132010870719,0.0,22,10000,[6873.885565690778],[167.58176393668163],[0.4258169398597689],-20,0.47225383165623097
1335,-0.24752222092958537,0.0,22,10000,[6873.885565690778],[167.58176393668163],[0.4258169398597689],-20,0.47225383165623097
1336,-0.31443468217327875,0.0,22,10000,[6873.885565690778],[167.58176393668163],[0.4258169398597689],-20,0.47225383165623097
1337,-0.37373189493546,0.0,22,10000,[6873.885565690778],[167.58176393668163],[0.4258169398597689],-20,0.47225383165623097
1338,-0.33883191406691987,0.0,22,10000,[6873.885565690778],[167.58176393668163],[0.4258169398597689],-20,0.47225383165623097
1339,0.059404606872691154,0.0,22,10000,[6873.885565690778],[167.58176393668163],[0.4258169398597689],-20,0.47225383165623097
1340,-0.2630435755719929,0.0,22,10000,[6873.885565690778],[167.58176393668163],[0.4258169398597689],-20,0.47225383165623097
1341,0.5781220447027368,0.0,22,10000,[6873.885565690778],[167.58176393668163],[0.4258169398597689],-20,0.47225383165623097
1342,0.47021400158083604,0.0,22,10000,[6873.885565690778],[167.58176393668163],[0.4258169398597689],-20,0.47225383165623097
1343,0.013357174522413421,0.0,22,10000,[6873.885565690778],[167.58176393668163],[0.4258169398597689],-20,0.47225383165623097
1344,-0.03255912581842146,0.0,22,10000,[6873.885565690778],[167.58176393668163],[0.4258169398597689],-20,0.47225383165623097
1345,0.6319816211084088,0.0,22,10000,[6873.885565690778],[167.58176393668163],[0.4258169398597689],-20,0.47225383165623097
1346,-0.5074814094161785,0.0,22,10000,[6873.885565690778],[167.58176393668163],[0.4258169398597689],-20,0.47225383165623097
1347,-0.35500306158094086,0.0,22,10000,[6873.885565690778],[167.58176393668163],[0.4258169398597689],-20,0.47225383165623097
1348,-0.1533084647405974,0.0,22,10000,[6873.885565690778],[167.58176393668163],[0.4258169398597689],-20,0.47225383165623097
1349,0.07845289425345113,0.0,22,10000,[6873.885565690778],[167.58176393668163],[0.4258169398597689],-20,0.47225383165623097
1350,0.3668276346839827,0.0,22,10000,[6873.885565690778],[167.58176393668163],[0.4258169398597689],-20,0.47225383165623097
1351,0.4088218126757275,0.0,22,10000,[6873.885565690778],[167.58176393668163],[0.4258169398597689],-20,0.47225383165623097
1352,0.46915410355320514,0.0,22,10000,[6873.885565690778],[167.58176393668163],[0.4258169398597689],-20,0.47225383165623097
1353,0.04595810529704452,0.0,22,10000,[6873.885565690778],[167.58176393668163],[0.4258169398597689],-20,0.47225383165623097
1354,-0.4400810176992019,0.0,22,10000,[6873.885565690778],[167.58176393668163],[0.4258169398597689],-20,0.47225383165623097
1355,-0.26682335378988026,0.0,22,10000,[6873.885565690778],[167.58176393668163],[0.4258169398597689],-20,0.47225383165623097
1356,0.41877138237562844,0.0,22,10000,[6873.885565690778],[167.58176393668163],[0.4258169398597689],-20,0.47225383165623097
1357,0.4681700458184732,0.0,22,10000,[6873.885565690778],[167.58176393668163],[0.4258169398597689],-20,0.47225383165623097
1358,-1.536453617904637,0.0,22,10000,[6873.885565690778],[167.58176393668163],[0.4258169398597689],-20,0.47225383165623097
1359,-0.9670459712511983,0.0,22,10000,[6873.885565690778],[167.58176393668163],[0.4258169398597689],-20,0.47225383165623097
1360,0.01997213951631394,0.0,22,10000,[6873.885565690778],[167.58176393668163],[0.4258169398597689],-20,0.47225383165623097
1361,-0.35214085565407294,0.0,22,10000,[6873.885565690778],[167.58176393668163],[0.4258169398597689],-20,0.47225383165623097
1362,-0.3465939235752197,0.0,22,10000,[6873.885565690778],[167.58176393668163],[0.4258169398597689],-20,0.47225383165623097
1363,-0.22573535540021303,0.0,22,10000,[6873.885565690778],[167.58176393668163],[0.4258169398597689],-20,0.47225383165623097
1364,0.7398718324819319,0.0,22,10000,[6873.885565690778],[167.58176393668163],[0.4258169398597689],-20,0.47225383165623097
1365,0.4911725845965067,0.0,22,10000,[6873.885565690778],[167.58176393668163],[0.4258169398597689],-20,0.47225383165623097
1366,0.3305733761816506,0.0,22,10000,[6873.885565690778],[167.58176393668163],[0.4258169398597689],-20,0.47225383165623097
1367,0.2389738920436956,0.0,22,10000,[6873.885565690778],[167.58176393668163],[0.4258169398597689],-20,0.47225383165623097
1368,0.8865562510915116,0.0,22,10000,[6873.885565690778],[167.58176393668163],[0.4258169398597689],-20,0.47225383165623097
1369,-0.6022832872310652,0.0,22,10000,[6873.885565690778],[167.58176393668163],[0.4258169398597689],-20,0.47225383165623097
1370,-0.4286582248768545,0.0,22,10000,[6873.885565690778],[167.58176393668163],[0.4258169398597689],-20,0.47225383165623097
1371,0.5135814298243224,0.0,22,10000,[6873.885565690778],[167.58176393668163],[0.4258169398597689],-20,0.47225383165623097
1372,-0.49190647797889503,0.0,22,10000,[6873.885565690778],[167.58176393668163],[0.4258169398597689],-20,0.47225383165623097
1373,-0.09338834915300388,0.0,22,10000,[6873.885565690778],[167.58176393668163],[0.4258169398597689],-20,0.47225383165623097
1374,-0.21411831783008886,0.0,22,10000,[6873.885565690778],[167.58176393668163],[0.4258169398597689],-20,0.47225383165623097
1375,0.0055377006800140585,0.0,22,10000,[6873.885565690778],[167.58176393668163],[0.4258169398597689],-20,0.47225383165623097
1376,-0.8483898832676441,0.0,22,10000,[6873.885565690778],[167.58176393668163],[0.4258169398597689],-20,0.47225383165623097
1377,-0.2454497026881943,0.0,22,10000,[6873.885565690778],[167.58176393668163],[0.4258169398597689],-20,0.47225383165623097
1378,-1.0321459628773815,0.0,22,10000,[6873.885565690778],[167.58176393668163],[0.4258169398597689],-20,0.47225383165623097
1379,-0.4334973399911473,0.0,22,10000,[6873.885565690778],[167.58176393668163],[0.4258169398597689],-20,0.47225383165623097
1380,-0.04161065083970636,0.0,22,10000,[6873.885565690778],[167.58176393668163],[0.4258169398597689],-20,0.47225383165623097
1381,-0.17125595537778485,0.0,22,10000,[6873.885565690778],[167.58176393668163],[0.4258169398597689],-20,0.47225383165623097
1382,-0.8121325395119517,0.0,22,10000,[6873.885565690778],[167.58176393668163],[0.4258169398597689],-20,0.47225383165623097
1383,-0.1356989517108072,0.0,22,10000,[6873.885565690778],[167.58176393668163],[0.4258169398597689],-20,0.47225383165623097
1384,0.4349939274920061,0.0,22,10000,[6873.885565690778],[167.58176393668163],[0.4258169398597689],-20,0.47225383165623097
1385,0.6951051001360291,0.0,22,10000,[6873.885565690778],[167.58176393668163],[0.4258169398597689],-20,0.47225383165623097
1386,0.24417645768364687,0.0,22,10000,[6873.885565690778],[167.58176393668163],[0.4258169398597689],-20,0.47225383165623097
1387,0.2770111669488887,0.0,22,10000,[6873.885565690778],[167.58176393668163],[0.4258169398597689],-20,0.47225383165623097
1388,-0.6572689762866336,0.0,22,10000,[6873.885565690778],[167.58176393668163],[0.4258169398597689],-20,0.47225383165623097
1389,-0.36667500139422526,0.0,22,10000,[6873.885565690778],[167.58176393668163],[0.4258169398597689],-20,0.47225383165623097
1390,-0.6375404749800565,0.0,22,10000,[6873.885565690778],[167.58176393668163],[0.4258169398597689],-20,0.47225383165623097
1391,-0.3226881256784898,0.0,22,10000,[6873.885565690778],[167.58176393668163],[0.4258169398597689],-20,0.47225383165623097
1392,-0.7116622502574443,0.0,22,10000,[6873.885565690778],[167.58176393668163],[0.4258169398597689],-20,0.47225383165623097
1393,0.06641284433242321,0.0,22,10000,[6873.885565690778],[167.58176393668163],[0.4258169398597689],-20,0.47225383165623097
1394,0.17485476376680867,0.0,22,10000,[6873.885565690778],[167.58176393668163],[0.4258169398597689],-20,0.47225383165623097
1395,-0.5251095058463258,0.0,22,10000,[6873.885565690778],[167.58176393668163],[0.4258169398597689],-20,0.47225383165623097
1396,0.38512462944102893,0.0,22,10000,[6873.885565690778],[167.58176393668163],[0.4258169398597689],-20,0.47225383165623097
1397,-0.7400344507032891,0.0,22,10000,[6873.885565690778],[167.58176393668163],[0.4258169398597689],-20,0.47225383165623097
1398,-0.05616745935569103,0.0,22,10000,[6873.885565690778],[167.58176393668163],[0.4258169398597689],-20,0.47225383165623097
1399,0.005615990731316228,0.0,22,10000,[6873.885565690778],[167.58176393668163],[0.4258169398597689],-20,0.47225383165623097
1400,0.33731431424941344,0.0,22,10000,[6873.885565690778],[167.58176393668163],[0.4258169398597689],-20,0.47225383165623097
1401,-0.22818891077304415,0.0,22,10000,[6873.885565690778],[167.58176393668163],[0.4258169398597689],-20,0.47225383165623097
1402,0.0422444463518035,0.0,22,10000,[6873.885565690778],[167.58176393668163],[0.4258169398597689],-20,0.47225383165623097
1403,0.23694439798325873,0.0,22,10000,[6873.885565690778],[167.58176393668163],[0.4258169398597689],-20,0.47225383165623097
1404,-0.14629803479630005,0.0,22,10000,[6873.885565690778],[167.58176393668163],[0.4258169398597689],-20,0.47225383165623097
1405,0.22565064547422412,0.0,22,10000,[6873.885565690778],[167.58176393668163],[0.4258169398597689],-20,0.47225383165623097
1406,-0.20627877202756206,0.0,22,10000,[6873.885565690778],[167.58176393668163],[0.4258169398597689],-20,0.47225383165623097
1407,-0.4933760570079418,0.0,22,10000,[6873.885565690778],[167.58176393668163],[0.4258169398597689],-20,0.47225383165623097
1408,0.08674724344920003,0.0,22,10000,[6873.885565690778],[167.58176393668163],[0.4258169398597689],-20,0.47225383165623097
1409,0.2663237576718243,0.0,22,10000,[6873.885565690778],[167.58176393668163],[0.4258169398597689],-20,0.47225383165623097
1410,0.49603156554493316,0.0,22,10000,[6873.885565690778],[167.58176393668163],[0.4258169398597689],-20,0.47225383165623097
1411,0.12277596680855672,0.0,22,10000,[6873.885565690778],[167.58176393668163],[0.4258169398597689],-20,0.47225383165623097
1412,0.036033813421865346,0.0,22,10000,[6873.885565690778],[167.58176393668163],[0.4258169398597689],-20,0.47225383165623097
1413,0.6144676203351287,0.0,22,10000,[6873.885565690778],[167.58176393668163],[0.4258169398597689],-20,0.47225383165623097
1414,0.30654669589659167,0.0,22,10000,[6873.885565690778],[167.58176393668163],[0.4258169398597689],-20,0.47225383165623097
1415,-0.26502883958392515,0.0,22,10000,[6873.885565690778],[167.58176393668163],[0.4258169398597689],-20,0.47225383165623097
1416,-0.41672505002355403,0.0,22,10000,[6873.885565690778],[167.58176393668163],[0.4258169398597689],-20,0.47225383165623097
1417,-0.17558651854905247,0.0,22,10000,[6873.885565690778],[167.58176393668163],[0.4258169398597689],-20,0.47225383165623097
1418,0.7317384584703315,0.0,22,10000,[6873.885565690778],[167.58176393668163],[0.4258169398597689],-20,0.47225383165623097
1419,0.0567024897118127,0.0,22,10000,[6873.885565690778],[167.58176393668163],[0.4258169398597689],-20,0.47225383165623097
1420,3.655283138190977e-05,0.0,22,10000,[6873.885565690778],[167.58176393668163],[0.4258169398597689],-20,0.47225383165623097
1421,0.8191986561852783,0.0,22,10000,[6873.885565690778],[167.58176393668163],[0.4258169398597689],-20,0.47225383165623097
1422,0.19624114208511775,0.0,22,10000,[6873.885565690778],[167.58176393668163],[0.4258169398597689],-20,0.47225383165623097
1423,-0.6459944248972319,0.0,22,10000,[6873.885565690778],[167.58176393668163],[0.4258169398597689],-20,0.47225383165623097
1424,1.0070546789608534,0.0,22,10000,[6873.885565690778],[167.58176393668163],[0.4258169398597689],-20,0.47225383165623097
1425,-0.4230513109482933,0.0,22,10000,[6873.885565690778],[167.58176393668163],[0.4258169398597689],-20,0.47225383165623097
1426,0.0927109987999176,0.0,22,10000,[6873.885565690778],[167.58176393668163],[0.4258169398597689],-20,0.47225383165623097
1427,0.12849590238374148,0.0,22,10000,[6873.885565690778],[167.58176393668163],[0.4258169398597689],-20,0.47225383165623097
1428,0.910586156825059,0.0,22,10000,[6873.885565690778],[167.58176393668163],[0.4258169398597689],-20,0.47225383165623097
1429,-1.084470245519837,0.0,22,10000,[6873.885565690778],[167.58176393668163],[0.4258169398597689],-20,0.47225383165623097
1430,-0.11241147101066055,0.0,22,10000,[6873.885565690778],[167.58176393668163],[0.4258169398597689],-20,0.47225383165623097
1431,-0.1033950388008724,0.0,22,10000,[6873.885565690778],[167.58176393668163],[0.4258169398597689],-20,0.47225383165623097
1432,0.1327648161474942,0.0,22,10000,[6873.885565690778],[167.58176393668163],[0.4258169398597689],-20,0.47225383165623097
1433,0.037372622197546335,0.0,22,10000,[6873.885565690778],[167.58176393668163],[0.4258169398597689],-20,0.47225383165623097
1434,0.1390850551616589,0.0,22,10000,[6873.885565690778],[167.58176393668163],[0.4258169398597689],-20,0.47225383165623097
1435,0.2704440372288872,0.0,22,10000,[6873.885565690778],[167.58176393668163],[0.4258169398597689],-20,0.47225383165623097
1436,0.2311213934612519,0.0,22,10000,[6873.885565690778],[167.58176393668163],[0.4258169398597689],-20,0.47225383165623097
1437,0.07006082899449076,0.0,22,10000,[6873.885565690778],[167.58176393668163],[0.4258169398597689],-20,0.47225383165623097
1438,-0.0002880381580878747,0.0,22,10000,[6873.885565690778],[167.58176393668163],[0.4258169398597689],-20,0.47225383165623097
1439,0.16642611728496512,0.0,22,10000,[6873.885565690778],[167.58176393668163],[0.4258169398597689],-20,0.47225383165623097
1440,0.05634299125660861,0.0,22,10000,[6873.885565690778],[167.58176393668163],[0.4258169398597689],-20,0.47225383165623097
1441,-0.1387233646839033,0.0,22,10000,[6873.885565690778],[167.58176393668163],[0.4258169398597689],-20,0.47225383165623097
1442,-1.046847146850507,0.0,22,10000,[6873.885565690778],[167.58176393668163],[0.4258169398597689],-20,0.47225383165623097
1443,-0.4492060858766151,0.0,22,10000,[6873.885565690778],[167.58176393668163],[0.4258169398597689],-20,0.47225383165623097
1444,0.5294560652719149,0.0,22,10000,[6873.885565690778],[167.58176393668163],[0.4258169398597689],-20,0.47225383165623097
1445,0.12399455656595061,0.0,22,10000,[6873.885565690778],[167.58176393668163],[0.4258169398597689],-20,0.47225383165623097
1446,-0.5806480539242598,0.0,22,10000,[6873.885565690778],[167.58176393668163],[0.4258169398597689],-20,0.47225383165623097
1447,0.4624889595442806,0.0,22,10000,[6873.885565690778],[167.58176393668163],[0.4258169398597689],-20,0.47225383165623097
1448,1.4209943810186607,0.0,22,10000,[6873.885565690778],[167.58176393668163],[0.4258169398597689],-20,0.47225383165623097
1449,-0.8685193298294667,0.0,22,10000,[6873.885565690778],[167.58176393668163],[0.4258169398597689],-20,0.47225383165623097
1450,0.4515484059558649,0.0,22,10000,[6873.885565690778],[167.58176393668163],[0.4258169398597689],-20,0.47225383165623097
1451,-0.9066822053086,0.0,22,10000,[6873.885565690778],[167.58176393668163],[0.4258169398597689],-20,0.47225383165623097
1452,-0.23838800152346962,0.0,22,10000,[6873.885565690778],[167.58176393668163],[0.4258169398597689],-20,0.47225383165623097
1453,-0.5832077705344716,0.0,22,10000,[6873.885565690778],[167.58176393668163],[0.4258169398597689],-20,0.47225383165623097
1454,0.5859818991577086,0.0,22,10000,[6873.885565690778],[167.58176393668163],[0.4258169398597689],-20,0.47225383165623097
1455,-0.014016651183945269,0.0,22,10000,[6873.885565690778],[167.58176393668163],[0.4258169398597689],-20,0.47225383165623097
1456,-0.11973812762162377,0.0,22,10000,[6873.885565690778],[167.58176393668163],[0.4258169398597689],-20,0.47225383165623097
1457,0.2265533921789274,0.0,22,10000,[6873.885565690778],[167.58176393668163],[0.4258169398597689],-20,0.47225383165623097
1458,0.5701530429726709,0.0,22,10000,[6873.885565690778],[167.58176393668163],[0.4258169398597689],-20,0.47225383165623097
1459,0.1761890511607816,0.0,22,10000,[6873.885565690778],[167.58176393668163],[0.4258169398597689],-20,0.47225383165623097
1460,0.15052608695440003,0.0,22,10000,[6873.885565690778],[167.58176393668163],[0.4258169398597689],-20,0.47225383165623097
1461,-0.22311273842942755,0.0,22,10000,[6873.885565690778],[167.58176393668163],[0.4258169398597689],-20,0.47225383165623097
1462,-0.4070066243951205,0.0,22,10000,[6873.885565690778],[167.58176393668163],[0.4258169398597689],-20,0.47225383165623097
1463,0.34287049311791623,0.0,22,10000,[6873.885565690778],[167.58176393668163],[0.4258169398597689],-20,0.47225383165623097
1464,-0.09214123834224208,0.0,22,10000,[6873.885565690778],[167.58176393668163],[0.4258169398597689],-20,0.47225383165623097
1465,-0.06742682420339272,0.0,22,10000,[6873.885565690778],[167.58176393668163],[0.4258169398597689],-20,0.47225383165623097
1466,-0.9700172875487898,0.0,22,10000,[6873.885565690778],[167.58176393668163],[0.4258169398597689],-20,0.47225383165623097
1467,-0.06631641985833789,0.0,22,10000,[6873.885565690778],[167.58176393668163],[0.4258169398597689],-20,0.47225383165623097
1468,-0.01894614654155926,0.0,22,10000,[6873.885565690778],[167.58176393668163],[0.4258169398597689],-20,0.47225383165623097
1469,0.29333721303564286,0.0,22,10000,[6873.885565690778],[167.58176393668163],[0.4258169398597689],-20,0.47225383165623097
1470,-0.4664713652535078,0.0,22,10000,[6873.885565690778],[167.58176393668163],[0.4258169398597689],-20,0.47225383165623097
1471,-0.31550576340151976,0.0,22,10000,[6873.885565690778],[167.58176393668163],[0.4258169398597689],-20,0.47225383165623097
1472,0.040530296747855424,0.0,22,10000,[6873.885565690778],[167.58176393668163],[0.4258169398597689],-20,0.47225383165623097
1473,-0.5406641489697098,0.0,22,10000,[6873.885565690778],[167.58176393668163],[0.4258169398597689],-20,0.47225383165623097
1474,-0.3107794044168119,0.0,22,10000,[6873.885565690778],[167.58176393668163],[0.4258169398597689],-20,0.47225383165623097
1475,-1.042426357611078,0.0,22,10000,[6873.885565690778],[167.58176393668163],[0.4258169398597689],-20,0.47225383165623097
1476,-0.338041513685449,0.0,22,10000,[6873.885565690778],[167.58176393668163],[0.4258169398597689],-20,0.47225383165623097
1477,-0.11409833925943517,0.0,22,10000,[6873.885565690778],[167.58176393668163],[0.4258169398597689],-20,0.47225383165623097
1478,0.27887644490319674,0.0,22,10000,[6873.885565690778],[167.58176393668163],[0.4258169398597689],-20,0.47225383165623097
1479,0.33887800535383683,0.0,22,10000,[6873.885565690778],[167.58176393668163],[0.4258169398597689],-20,0.47225383165623097
1480,0.7335253053650477,0.0,22,10000,[6873.885565690778],[167.58176393668163],[0.4258169398597689],-20,0.47225383165623097
1481,0.07330958614315528,0.0,22,10000,[6873.885565690778],[167.58176393668163],[0.4258169398597689],-20,0.47225383165623097
1482,-1.081919628835683,0.0,22,10000,[6873.885565690778],[167.58176393668163],[0.4258169398597689],-20,0.47225383165623097
1483,-0.6491715168897194,0.0,22,10000,[6873.885565690778],[167.58176393668163],[0.4258169398597689],-20,0.47225383165623097
1484,-0.22123914311002077,0.0,22,10000,[6873.885565690778],[167.58176393668163],[0.4258169398597689],-20,0.47225383165623097
1485,0.5131960876498807,0.0,22,10000,[6873.885565690778],[167.58176393668163],[0.4258169398597689],-20,0.47225383165623097
1486,-0.13102802543471018,0.0,22,10000,[6873.885565690778],[167.58176393668163],[0.4258169398597689],-20,0.47225383165623097
1487,0.3736640233255247,0.0,22,10000,[6873.885565690778],[167.58176393668163],[0.4258169398597689],-20,0.47225383165623097
1488,-0.15157198350490142,0.0,22,10000,[6873.885565690778],[167.58176393668163],[0.4258169398597689],-20,0.47225383165623097
1489,0.49060728279897586,0.0,22,10000,[6873.885565690778],[167.58176393668163],[0.4258169398597689],-20,0.47225383165623097
1490,-0.4554455733184283,0.0,22,10000,[6873.885565690778],[167.58176393668163],[0.4258169398597689],-20,0.47225383165623097
1491,-0.013700899993717833,0.0,22,10000,[6873.885565690778],[167.58176393668163],[0.4258169398597689],-20,0.47225383165623097
1492,-0.5266315843401449,0.0,22,10000,[6873.885565690778],[167.58176393668163],[0.4258169398597689],-20,0.47225383165623097
1493,0.4812338860671792,0.0,22,10000,[6873.885565690778],[167.58176393668163],[0.4258169398597689],-20,0.47225383165623097
1494,0.5617499569483607,0.0,22,10000,[6873.885565690778],[167.58176393668163],[0.4258169398597689],-20,0.47225383165623097
1495,0.48206778747554346,0.0,22,10000,[6873.885565690778],[167.58176393668163],[0.4258169398597689],-20,0.47225383165623097
1496,1.0622715580099877,0.0,22,10000,[6873.885565690778],[167.58176393668163],[0.4258169398597689],-20,0.47225383165623097
1497,0.06295649847380119,0.0,22,10000,[6873.885565690778],[167.58176393668163],[0.4258169398597689],-20,0.47225383165623097
1498,0.604788945664391,0.0,22,10000,[6873.885565690778],[167.58176393668163],[0.4258169398597689],-20,0.47225383165623097
1499,-0.7702214785367546,0.0,22,10000,[6873.885565690778],[167.58176393668163],[0.4258169398597689],-20,0.47225383165623097
1500,0.368300791963179,0.0,22,10000,[6873.885565690778],[167.58176393668163],[0.4258169398597689],-20,0.47225383165623097
1501,-0.022130380615442303,0.0,22,10000,[6873.885565690778],[167.58176393668163],[0.4258169398597689],-20,0.47225383165623097
1502,-0.11544510471601574,0.0,22,10000,[6873.885565690778],[167.58176393668163],[0.4258169398597689],-20,0.47225383165623097
1503,-0.013138960984608377,0.0,22,10000,[6873.885565690778],[167.58176393668163],[0.4258169398597689],-20,0.47225383165623097
1504,0.015235405283740549,0.0,22,10000,[6873.885565690778],[167.58176393668163],[0.4258169398597689],-20,0.47225383165623097
1505,-0.5291883790094257,0.0,22,10000,[6873.885565690778],[167.58176393668163],[0.4258169398597689],-20,0.47225383165623097
1506,0.0655268561503141,0.0,22,10000,[6873.885565690778],[167.58176393668163],[0.4258169398597689],-20,0.47225383165623097
1507,-0.39635413329011154,0.0,22,10000,[6873.885565690778],[167.58176393668163],[0.4258169398597689],-20,0.47225383165623097
1508,0.4180853697226176,0.0,22,10000,[6873.885565690778],[167.58176393668163],[0.4258169398597689],-20,0.47225383165623097
1509,-0.35306554416921904,0.0,22,10000,[6873.885565690778],[167.58176393668163],[0.4258169398597689],-20,0.47225383165623097
1510,-0.27329571665094055,0.0,22,10000,[6873.885565690778],[167.58176393668163],[0.4258169398597689],-20,0.47225383165623097
1511,0.7935010136925398,0.0,22,10000,[6873.885565690778],[167.58176393668163],[0.4258169398597689],-20,0.47225383165623097
1512,-0.726456888945639,0.0,22,10000,[6873.885565690778],[167.58176393668163],[0.4258169398597689],-20,0.47225383165623097
1513,0.3220285872099305,0.0,22,10000,[6873.885565690778],[167.58176393668163],[0.4258169398597689],-20,0.47225383165623097
1514,-0.2986029199148432,0.0,22,10000,[6873.885565690778],[167.58176393668163],[0.4258169398597689],-20,0.47225383165623097
1515,-0.08574960687410331,0.0,22,10000,[6873.885565690778],[167.58176393668163],[0.4258169398597689],-20,0.47225383165623097
1516,1.1354638874429885,0.0,22,10000,[6873.885565690778],[167.58176393668163],[0.4258169398597689],-20,0.47225383165623097
1517,0.08071922832889762,0.0,22,10000,[6873.885565690778],[167.58176393668163],[0.4258169398597689],-20,0.47225383165623097
1518,-0.5508366870724858,0.0,22,10000,[6873.885565690778],[167.58176393668163],[0.4258169398597689],-20,0.47225383165623097
1519,-0.19108898014103412,0.0,22,10000,[6873.885565690778],[167.58176393668163],[0.4258169398597689],-20,0.47225383165623097
1520,-0.17941738757394976,0.0,22,10000,[6873.885565690778],[167.58176393668163],[0.4258169398597689],-20,0.47225383165623097
1521,0.14227930492901744,0.0,22,10000,[6873.885565690778],[167.58176393668163],[0.4258169398597689],-20,0.47225383165623097
1522,-1.304918928634786,0.0,22,10000,[6873.885565690778],[167.58176393668163],[0.4258169398597689],-20,0.47225383165623097
1523,0.5306060181880746,0.0,22,10000,[6873.885565690778],[167.58176393668163],[0.4258169398597689],-20,0.47225383165623097
1524,0.8591442672654794,0.0,22,10000,[6873.885565690778],[167.58176393668163],[0.4258169398597689],-20,0.47225383165623097
1525,0.6032241315009175,0.0,22,10000,[6873.885565690778],[167.58176393668163],[0.4258169398597689],-20,0.47225383165623097
1526,0.043810155570950596,0.0,22,10000,[6873.885565690778],[167.58176393668163],[0.4258169398597689],-20,0.47225383165623097
1527,-0.2757389026590617,0.0,22,10000,[6873.885565690778],[167.58176393668163],[0.4258169398597689],-20,0.47225383165623097
1528,0.004486869599754899,0.0,22,10000,[6873.885565690778],[167.58176393668163],[0.4258169398597689],-20,0.47225383165623097
1529,-0.41267078197429286,0.0,22,10000,[6873.885565690778],[167.58176393668163],[0.4258169398597689],-20,0.47225383165623097
1530,0.6099195599638819,0.0,22,10000,[6873.885565690778],[167.58176393668163],[0.4258169398597689],-20,0.47225383165623097
1531,0.3642632448915642,0.0,22,10000,[6873.885565690778],[167.58176393668163],[0.4258169398597689],-20,0.47225383165623097
1532,0.0030638575847599775,0.0,22,10000,[6873.885565690778],[167.58176393668163],[0.4258169398597689],-20,0.47225383165623097
1533,0.08544363057181044,0.0,22,10000,[6873.885565690778],[167.58176393668163],[0.4258169398597689],-20,0.47225383165623097
1534,-0.22014994036492572,0.0,22,10000,[6873.885565690778],[167.58176393668163],[0.4258169398597689],-20,0.47225383165623097
1535,0.023402737691403944,0.0,22,10000,[6873.885565690778],[167.58176393668163],[0.4258169398597689],-20,0.47225383165623097
1536,-0.07961912578097981,0.0,22,10000,[6873.885565690778],[167.58176393668163],[0.4258169398597689],-20,0.47225383165623097
1537,-0.04571073121645886,0.0,22,10000,[6873.885565690778],[167.58176393668163],[0.4258169398597689],-20,0.47225383165623097
1538,0.6342202113947253,0.0,22,10000,[6873.885565690778],[167.58176393668163],[0.4258169398597689],-20,0.47225383165623097
1539,0.8236194656524687,0.0,22,10000,[6873.885565690778],[167.58176393668163],[0.4258169398597689],-20,0.47225383165623097
1540,0.4680432409416347,0.0,22,10000,[6873.885565690778],[167.58176393668163],[0.4258169398597689],-20,0.47225383165623097
1541,-0.1504305187157574,0.0,22,10000,[6873.885565690778],[167.58176393668163],[0.4258169398597689],-20,0.47225383165623097
1542,-0.05239705263291562,0.0,22,10000,[6873.885565690778],[167.58176393668163],[0.4258169398597689],-20,0.47225383165623097
1543,1.2331274936888257,0.0,22,10000,[6873.885565690778],[167.58176393668163],[0.4258169398597689],-20,0.47225383165623097
1544,0.15309435953271866,0.0,22,10000,[6873.885565690778],[167.58176393668163],[0.4258169398597689],-20,0.47225383165623097
1545,-0.09492432737136974,0.0,22,10000,[6873.885565690778],[167.58176393668163],[0.4258169398597689],-20,0.47225383165623097
1546,-0.8091484205384264,0.0,22,10000,[6873.885565690778],[167.58176393668163],[0.4258169398597689],-20,0.47225383165623097
1547,-0.2788289557063433,0.0,22,10000,[6873.885565690778],[167.58176393668163],[0.4258169398597689],-20,0.47225383165623097
1548,-0.5345843862177115,0.0,22,10000,[6873.885565690778],[167.58176393668163],[0.4258169398597689],-20,0.47225383165623097
1549,0.7943600074697831,0.0,22,10000,[6873.885565690778],[167.58176393668163],[0.4258169398597689],-20,0.47225383165623097
1550,0.397863192665018,0.0,22,10000,[6873.885565690778],[167.58176393668163],[0.4258169398597689],-20,0.47225383165623097
1551,-1.0430220108667523,0.0,22,10000,[6873.885565690778],[167.58176393668163],[0.4258169398597689],-20,0.47225383165623097
1552,-0.1923466274449367,0.0,22,10000,[6873.885565690778],[167.58176393668163],[0.4258169398597689],-20,0.47225383165623097
1553,-0.07895801215360491,0.0,22,10000,[6873.885565690778],[167.58176393668163],[0.4258169398597689],-20,0.47225383165623097
1554,0.0421899874742295,0.0,22,10000,[6873.885565690778],[167.58176393668163],[0.4258169398597689],-20,0.47225383165623097
1555,0.36461307846357965,0.0,22,10000,[6873.885565690778],[167.58176393668163],[0.4258169398597689],-20,0.47225383165623097
1556,0.2103900509467422,0.0,22,10000,[6873.885565690778],[167.58176393668163],[0.4258169398597689],-20,0.47225383165623097
1557,-0.14289861923666425,0.0,22,10000,[6873.885565690778],[167.58176393668163],[0.4258169398597689],-20,0.47225383165623097
1558,-0.07352664961573696,0.0,22,10000,[6873.885565690778],[167.58176393668163],[0.4258169398597689],-20,0.47225383165623097
1559,-0.5809622853060099,0.0,22,10000,[6873.885565690778],[167.58176393668163],[0.4258169398597689],-20,0.47225383165623097
1560,-0.7370123888938136,0.0,22,10000,[6873.885565690778],[167.58176393668163],[0.4258169398597689],-20,0.47225383165623097
1561,0.5695624040263975,0.0,22,10000,[6873.885565690778],[167.58176393668163],[0.4258169398597689],-20,0.47225383165623097
1562,-0.45895484679972137,0.0,22,10000,[6873.885565690778],[167.58176393668163],[0.4258169398597689],-20,0.47225383165623097
1563,0.558229248635017,0.0,22,10000,[6873.885565690778],[167.58176393668163],[0.4258169398597689],-20,0.47225383165623097
1564,-0.22636636414879044,0.0,22,10000,[6873.885565690778],[167.58176393668163],[0.4258169398597689],-20,0.47225383165623097
1565,0.7193900801471268,0.0,22,10000,[6873.885565690778],[167.58176393668163],[0.4258169398597689],-20,0.47225383165623097
1566,-0.279602380453265,0.0,22,10000,[6873.885565690778],[167.58176393668163],[0.4258169398597689],-20,0.47225383165623097
1567,-0.1830152966510346,0.0,22,10000,[6873.885565690778],[167.58176393668163],[0.4258169398597689],-20,0.47225383165623097
1568,0.28912916501736496,0.0,22,10000,[6873.885565690778],[167.58176393668163],[0.4258169398597689],-20,0.47225383165623097
1569,0.8215384048075121,0.0,22,10000,[6873.885565690778],[167.58176393668163],[0.4258169398597689],-20,0.47225383165623097
1570,0.18890581117904895,0.0,22,10000,[6873.885565690778],[167.58176393668163],[0.4258169398597689],-20,0.47225383165623097
1571,0.18464451080872413,0.0,22,10000,[6873.885565690778],[167.58176393668163],[0.4258169398597689],-20,0.47225383165623097
1572,0.8097634594290866,0.0,22,10000,[6873.885565690778],[167.58176393668163],[0.4258169398597689],-20,0.47225383165623097
1573,-0.15279342503918,0.0,22,10000,[6873.885565690778],[167.58176393668163],[0.4258169398597689],-20,0.47225383165623097
1574,0.9469857307080305,0.0,22,10000,[6873.885565690778],[167.58176393668163],[0.4258169398597689],-20,0.47225383165623097
1575,-0.07499416765830243,0.0,22,10000,[6873.885565690778],[167.58176393668163],[0.4258169398597689],-20,0.47225383165623097
1576,0.7497364397137156,0.0,22,10000,[6873.885565690778],[167.58176393668163],[0.4258169398597689],-20,0.47225383165623097
1577,0.4940533983820896,0.0,22,10000,[6873.885565690778],[167.58176393668163],[0.4258169398597689],-20,0.47225383165623097
1578,0.1385270797152996,0.0,22,10000,[6873.885565690778],[167.58176393668163],[0.4258169398597689],-20,0.47225383165623097
1579,-0.5252412195572775,0.0,22,10000,[6873.885565690778],[167.58176393668163],[0.4258169398597689],-20,0.47225383165623097
1580,0.17519564403298657,0.0,22,10000,[6873.885565690778],[167.58176393668163],[0.4258169398597689],-20,0.47225383165623097
1581,-0.6575643646564931,0.0,22,10000,[6873.885565690778],[167.58176393668163],[0.4258169398597689],-20,0.47225383165623097
1582,0.018835547991115684,0.0,22,10000,[6873.885565690778],[167.58176393668163],[0.4258169398597689],-20,0.47225383165623097
1583,-0.8165656759182439,0.0,22,10000,[6873.885565690778],[167.58176393668163],[0.4258169398597689],-20,0.47225383165623097
1584,-0.5115500347808983,0.0,22,10000,[6873.885565690778],[167.58176393668163],[0.4258169398597689],-20,0.47225383165623097
1585,0.02677610328026176,0.0,22,10000,[6873.885565690778],[167.58176393668163],[0.4258169398597689],-20,0.47225383165623097
1586,-0.08117719415691715,0.0,22,10000,[6873.885565690778],[167.58176393668163],[0.4258169398597689],-20,0.47225383165623097
1587,-1.4272911666998467,0.0,22,10000,[6873.885565690778],[167.58176393668163],[0.4258169398597689],-20,0.47225383165623097
1588,0.23810168616436883,0.0,22,10000,[6873.885565690778],[167.58176393668163],[0.4258169398597689],-20,0.47225383165623097
1589,0.1379136592694606,0.0,22,10000,[6873.885565690778],[167.58176393668163],[0.4258169398597689],-20,0.47225383165623097
1590,-0.22173662119514614,0.0,22,10000,[6873.885565690778],[167.58176393668163],[0.4258169398597689],-20,0.47225383165623097
1591,0.5024228127988823,0.0,22,10000,[6873.885565690778],[167.58176393668163],[0.4258169398597689],-20,0.47225383165623097
1592,1.140411645635643,0.0,22,10000,[6873.885565690778],[167.58176393668163],[0.4258169398597689],-20,0.47225383165623097
1593,0.6590607624025068,0.0,22,10000,[6873.885565690778],[167.58176393668163],[0.4258169398597689],-20,0.47225383165623097
1594,0.3183208141129202,0.0,22,10000,[6873.885565690778],[167.58176393668163],[0.4258169398597689],-20,0.47225383165623097
1595,-0.20929129896972967,0.0,22,10000,[6873.885565690778],[167.58176393668163],[0.4258169398597689],-20,0.47225383165623097
1596,-0.11499900141919826,0.0,22,10000,[6873.885565690778],[167.58176393668163],[0.4258169398597689],-20,0.47225383165623097
1597,0.5409221913606423,0.0,22,10000,[6873.885565690778],[167.58176393668163],[0.4258169398597689],-20,0.47225383165623097
1598,-0.6609374000511447,0.0,22,10000,[6873.885565690778],[167.58176393668163],[0.4258169398597689],-20,0.47225383165623097
1599,-1.0349870420417082,0.0,22,10000,[6873.885565690778],[167.58176393668163],[0.4258169398597689],-20,0.47225383165623097
1600,0.09638441803529652,0.0,22,10000,[6873.885565690778],[167.58176393668163],[0.4258169398597689],-20,0.47225383165623097
1601,-0.010703648001808312,0.0,22,10000,[6873.885565690778],[167.58176393668163],[0.4258169398597689],-20,0.47225383165623097
1602,-1.038635937374361,0.0,22,10000,[6873.885565690778],[167.58176393668163],[0.4258169398597689],-20,0.47225383165623097
1603,-0.4348642646257224,0.0,22,10000,[6873.885565690778],[167.58176393668163],[0.4258169398597689],-20,0.47225383165623097
1604,0.8805818106223389,0.0,22,10000,[6873.885565690778],[167.58176393668163],[0.4258169398597689],-20,0.47225383165623097
1605,0.42135640258491186,0.0,22,10000,[6873.885565690778],[167.58176393668163],[0.4258169398597689],-20,0.47225383165623097
1606,-0.06291279361823034,0.0,22,10000,[6873.885565690778],[167.58176393668163],[0.4258169398597689],-20,0.47225383165623097
1607,-0.39966619489734223,0.0,22,10000,[6873.885565690778],[167.58176393668163],[0.4258169398597689],-20,0.47225383165623097
1608,0.0354757150989224,0.0,22,10000,[6873.885565690778],[167.58176393668163],[0.4258169398597689],-20,0.47225383165623097
1609,-0.24758247912740394,0.0,22,10000,[6873.885565690778],[167.58176393668163],[0.4258169398597689],-20,0.47225383165623097
1610,-0.5708473694550992,0.0,22,10000,[6873.885565690778],[167.58176393668163],[0.4258169398597689],-20,0.47225383165623097
1611,0.6137125541362772,0.0,22,10000,[6873.885565690778],[167.58176393668163],[0.4258169398597689],-20,0.47225383165623097
1612,-0.27421123325102065,0.0,22,10000,[6873.885565690778],[167.58176393668163],[0.4258169398597689],-20,0.47225383165623097
1613,0.4985159985553903,0.0,22,10000,[6873.885565690778],[167.58176393668163],[0.4258169398597689],-20,0.47225383165623097
1614,-0.2809736454341952,0.0,22,10000,[6873.885565690778],[167.58176393668163],[0.4258169398597689],-20,0.47225383165623097
1615,0.08081537327772999,0.0,22,10000,[6873.885565690778],[167.58176393668163],[0.4258169398597689],-20,0.47225383165623097
1616,-0.3155822763617114,0.0,22,10000,[6873.885565690778],[167.58176393668163],[0.4258169398597689],-20,0.47225383165623097
1617,0.34676577603615377,0.0,22,10000,[6873.885565690778],[167.58176393668163],[0.4258169398597689],-20,0.47225383165623097
1618,-0.24072015676927438,0.0,22,10000,[6873.885565690778],[167.58176393668163],[0.4258169398597689],-20,0.47225383165623097
1619,0.40126450207850134,0.0,22,10000,[6873.885565690778],[167.58176393668163],[0.4258169398597689],-20,0.47225383165623097
1620,-0.8488999749519865,0.0,22,10000,[6873.885565690778],[167.58176393668163],[0.4258169398597689],-20,0.47225383165623097
1621,0.09219092036299224,0.0,22,10000,[6873.885565690778],[167.58176393668163],[0.4258169398597689],-20,0.47225383165623097
1622,0.6658304644160189,0.0,22,10000,[6873.885565690778],[167.58176393668163],[0.4258169398597689],-20,0.47225383165623097
1623,-0.5433608461852185,0.0,22,10000,[6873.885565690778],[167.58176393668163],[0.4258169398597689],-20,0.47225383165623097
1624,-0.13141031756644544,0.0,22,10000,[6873.885565690778],[167.58176393668163],[0.4258169398597689],-20,0.47225383165623097
1625,-0.011743452593102487,0.0,22,10000,[6873.885565690778],[167.58176393668163],[0.4258169398597689],-20,0.47225383165623097
1626,0.7151103661313051,0.0,22,10000,[6873.885565690778],[167.58176393668163],[0.4258169398597689],-20,0.47225383165623097
1627,-0.15140596750831353,0.0,22,10000,[6873.885565690778],[167.58176393668163],[0.4258169398597689],-20,0.47225383165623097
1628,0.22341665456391305,0.0,22,10000,[6873.885565690778],[167.58176393668163],[0.4258169398597689],-20,0.47225383165623097
1629,0.7023740833364961,0.0,22,10000,[6873.885565690778],[167.58176393668163],[0.4258169398597689],-20,0.47225383165623097
1630,0.30230212552351765,0.0,22,10000,[6873.885565690778],[167.58176393668163],[0.4258169398597689],-20,0.47225383165623097
1631,0.40435839392114054,0.0,22,10000,[6873.885565690778],[167.58176393668163],[0.4258169398597689],-20,0.47225383165623097
1632,0.31844429867495594,0.0,22,10000,[6873.885565690778],[167.58176393668163],[0.4258169398597689],-20,0.47225383165623097
1633,-0.46618831822193424,0.0,22,10000,[6873.885565690778],[167.58176393668163],[0.4258169398597689],-20,0.47225383165623097
1634,0.5606093897565615,0.0,22,10000,[6873.885565690778],[167.58176393668163],[0.4258169398597689],-20,0.47225383165623097
1635,0.014862757189846176,0.0,22,10000,[6873.885565690778],[167.58176393668163],[0.4258169398597689],-20,0.47225383165623097
1636,-0.2993816066392323,0.0,22,10000,[6873.885565690778],[167.58176393668163],[0.4258169398597689],-20,0.47225383165623097
1637,-0.11865537903623105,0.0,22,10000,[6873.885565690778],[167.58176393668163],[0.4258169398597689],-20,0.47225383165623097
1638,0.4348330113947053,0.0,22,10000,[6873.885565690778],[167.58176393668163],[0.4258169398597689],-20,0.47225383165623097
1639,0.015700463418101968,0.0,22,10000,[6873.885565690778],[167.58176393668163],[0.4258169398597689],-20,0.47225383165623097
1640,-0.6520447458478617,0.0,22,10000,[6873.885565690778],[167.58176393668163],[0.4258169398597689],-20,0.47225383165623097
1641,-0.009133444672231296,0.0,22,10000,[6873.885565690778],[167.58176393668163],[0.4258169398597689],-20,0.47225383165623097
1642,0.40919063337184625,0.0,22,10000,[6873.885565690778],[167.58176393668163],[0.4258169398597689],-20,0.47225383165623097
1643,-0.055072655816589836,0.0,22,10000,[6873.885565690778],[167.58176393668163],[0.4258169398597689],-20,0.47225383165623097
1644,0.4039597796532178,0.0,22,10000,[6873.885565690778],[167.58176393668163],[0.4258169398597689],-20,0.47225383165623097
1645,-0.5722102329914813,0.0,22,10000,[6873.885565690778],[167.58176393668163],[0.4258169398597689],-20,0.47225383165623097
1646,0.22417790847700525,0.0,22,10000,[6873.885565690778],[167.58176393668163],[0.4258169398597689],-20,0.47225383165623097
1647,-0.45327242427296155,0.0,22,10000,[6873.885565690778],[167.58176393668163],[0.4258169398597689],-20,0.47225383165623097
1648,-0.3712239804286734,0.0,22,10000,[6873.885565690778],[167.58176393668163],[0.4258169398597689],-20,0.47225383165623097
1649,0.15531855977510245,0.0,22,10000,[6873.885565690778],[167.58176393668163],[0.4258169398597689],-20,0.47225383165623097
1650,-0.05574293772014567,0.0,22,10000,[6873.885565690778],[167.58176393668163],[0.4258169398597689],-20,0.47225383165623097
1651,-0.3196739885975244,0.0,22,10000,[6873.885565690778],[167.58176393668163],[0.4258169398597689],-20,0.47225383165623097
1652,-0.47506932172059607,0.0,22,10000,[6873.885565690778],[167.58176393668163],[0.4258169398597689],-20,0.47225383165623097
1653,0.1751920034288153,0.0,22,10000,[6873.885565690778],[167.58176393668163],[0.4258169398597689],-20,0.47225383165623097
1654,-0.004004956133216591,0.0,22,10000,[6873.885565690778],[167.58176393668163],[0.4258169398597689],-20,0.47225383165623097
1655,-0.33583204391835236,0.0,22,10000,[6873.885565690778],[167.58176393668163],[0.4258169398597689],-20,0.47225383165623097
1656,-0.3149909030648207,0.0,22,10000,[6873.885565690778],[167.58176393668163],[0.4258169398597689],-20,0.47225383165623097
1657,0.4948926915993973,0.0,22,10000,[6873.885565690778],[167.58176393668163],[0.4258169398597689],-20,0.47225383165623097
1658,-0.503246278122436,0.0,22,10000,[6873.885565690778],[167.58176393668163],[0.4258169398597689],-20,0.47225383165623097
1659,-0.337538435344563,0.0,22,10000,[6873.885565690778],[167.58176393668163],[0.4258169398597689],-20,0.47225383165623097
1660,-0.5382604014919652,0.0,22,10000,[6873.885565690778],[167.58176393668163],[0.4258169398597689],-20,0.47225383165623097
1661,-0.3989239857649448,0.0,22,10000,[6873.885565690778],[167.58176393668163],[0.4258169398597689],-20,0.47225383165623097
1662,-0.19421485326195484,0.0,22,10000,[6873.885565690778],[167.58176393668163],[0.4258169398597689],-20,0.47225383165623097
1663,-0.6445649891950469,0.0,22,10000,[6873.885565690778],[167.58176393668163],[0.4258169398597689],-20,0.47225383165623097
1664,0.00387235445773625,0.0,22,10000,[6873.885565690778],[167.58176393668163],[0.4258169398597689],-20,0.47225383165623097
1665,-0.06665751674637287,0.0,22,10000,[6873.885565690778],[167.58176393668163],[0.4258169398597689],-20,0.47225383165623097
1666,-0.6159052839444803,0.0,22,10000,[6873.885565690778],[167.58176393668163],[0.4258169398597689],-20,0.47225383165623097
1667,0.2841299373857609,0.0,22,10000,[6873.885565690778],[167.58176393668163],[0.4258169398597689],-20,0.47225383165623097
1668,-1.1391615615295902,0.0,22,10000,[6873.885565690778],[167.58176393668163],[0.4258169398597689],-20,0.47225383165623097
1669,-0.029365387283037604,0.0,22,10000,[6873.885565690778],[167.58176393668163],[0.4258169398597689],-20,0.47225383165623097
1670,-0.3513861271646378,0.0,22,10000,[6873.885565690778],[167.58176393668163],[0.4258169398597689],-20,0.47225383165623097
1671,-0.09008981010107049,0.0,22,10000,[6873.885565690778],[167.58176393668163],[0.4258169398597689],-20,0.47225383165623097
1672,0.8959079522420645,0.0,22,10000,[6873.885565690778],[167.58176393668163],[0.4258169398597689],-20,0.47225383165623097
1673,0.9211212650324713,0.0,22,10000,[6873.885565690778],[167.58176393668163],[0.4258169398597689],-20,0.47225383165623097
1674,0.1803103406988173,0.0,22,10000,[6873.885565690778],[167.58176393668163],[0.4258169398597689],-20,0.47225383165623097
1675,0.1907364319148855,0.0,22,10000,[6873.885565690778],[167.58176393668163],[0.4258169398597689],-20,0.47225383165623097
1676,0.5979739717639164,0.0,22,10000,[6873.885565690778],[167.58176393668163],[0.4258169398597689],-20,0.47225383165623097
1677,0.2432718305124398,0.0,22,10000,[6873.885565690778],[167.58176393668163],[0.4258169398597689],-20,0.47225383165623097
1678,-0.30198778402623194,0.0,22,10000,[6873.885565690778],[167.58176393668163],[0.4258169398597689],-20,0.47225383165623097
1679,-0.44721521380084206,0.0,22,10000,[6873.885565690778],[167.58176393668163],[0.4258169398597689],-20,0.47225383165623097
1680,-0.52893446084845,0.0,22,10000,[6873.885565690778],[167.58176393668163],[0.4258169398597689],-20,0.47225383165623097
1681,-0.8044807018916671,0.0,22,10000,[6873.885565690778],[167.58176393668163],[0.4258169398597689],-20,0.47225383165623097
1682,0.26170725377956566,0.0,22,10000,[6873.885565690778],[167.58176393668163],[0.4258169398597689],-20,0.47225383165623097
1683,0.17966451146684398,0.0,22,10000,[6873.885565690778],[167.58176393668163],[0.4258169398597689],-20,0.47225383165623097
1684,-0.3009632392472205,0.0,22,10000,[6873.885565690778],[167.58176393668163],[0.4258169398597689],-20,0.47225383165623097
1685,-1.0616852895840534,0.0,22,10000,[6873.885565690778],[167.58176393668163],[0.4258169398597689],-20,0.47225383165623097
1686,-0.4336726987714105,0.0,22,10000,[6873.885565690778],[167.58176393668163],[0.4258169398597689],-20,0.47225383165623097
1687,0.5384858648986427,0.0,22,10000,[6873.885565690778],[167.58176393668163],[0.4258169398597689],-20,0.47225383165623097
1688,-0.5334399812574274,0.0,22,10000,[6873.885565690778],[167.58176393668163],[0.4258169398597689],-20,0.47225383165623097
1689,-0.8232262570855063,0.0,22,10000,[6873.885565690778],[167.58176393668163],[0.4258169398597689],-20,0.47225383165623097
1690,-0.3739425383037963,0.0,22,10000,[6873.885565690778],[167.58176393668163],[0.4258169398597689],-20,0.47225383165623097
1691,0.0685030914341943,0.0,22,10000,[6873.885565690778],[167.58176393668163],[0.4258169398597689],-20,0.47225383165623097
1692,-0.4025103774024511,0.0,22,10000,[6873.885565690778],[167.58176393668163],[0.4258169398597689],-20,0.47225383165623097
1693,0.13351134866858105,0.0,22,10000,[6873.885565690778],[167.58176393668163],[0.4258169398597689],-20,0.47225383165623097
1694,-0.10800717460508073,0.0,22,10000,[6873.885565690778],[167.58176393668163],[0.4258169398597689],-20,0.47225383165623097
1695,0.7068894114801072,0.0,22,10000,[6873.885565690778],[167.58176393668163],[0.4258169398597689],-20,0.47225383165623097
1696,-0.9276780180706128,0.0,22,10000,[6873.885565690778],[167.58176393668163],[0.4258169398597689],-20,0.47225383165623097
1697,-0.07137768504883289,0.0,22,10000,[6873.885565690778],[167.58176393668163],[0.4258169398597689],-20,0.47225383165623097
1698,-0.3679108676755226,0.0,22,10000,[6873.885565690778],[167.58176393668163],[0.4258169398597689],-20,0.47225383165623097
1699,0.2399625719706539,0.0,22,10000,[6873.885565690778],[167.58176393668163],[0.4258169398597689],-20,0.47225383165623097
1700,0.09407122891082204,0.0,22,10000,[6873.885565690778],[167.58176393668163],[0.4258169398597689],-20,0.47225383165623097
1701,-0.029267676795900265,0.0,22,10000,[6873.885565690778],[167.58176393668163],[0.4258169398597689],-20,0.47225383165623097
1702,0.5454601532434736,0.0,22,10000,[6873.885565690778],[167.58176393668163],[0.4258169398597689],-20,0.47225383165623097
1703,-0.5607019206245668,0.0,22,10000,[6873.885565690778],[167.58176393668163],[0.4258169398597689],-20,0.47225383165623097
1704,-0.3348166745415581,0.0,22,10000,[6873.885565690778],[167.58176393668163],[0.4258169398597689],-20,0.47225383165623097
1705,0.2846325797288717,0.0,22,10000,[6873.885565690778],[167.58176393668163],[0.4258169398597689],-20,0.47225383165623097
1706,-0.48039614941039965,0.0,22,10000,[6873.885565690778],[167.58176393668163],[0.4258169398597689],-20,0.47225383165623097
1707,0.15677953099087033,0.0,22,10000,[6873.885565690778],[167.58176393668163],[0.4258169398597689],-20,0.47225383165623097
1708,-0.7466990615753796,0.0,22,10000,[6873.885565690778],[167.58176393668163],[0.4258169398597689],-20,0.47225383165623097
1709,-0.4213649851381398,0.0,22,10000,[6873.885565690778],[167.58176393668163],[0.4258169398597689],-20,0.47225383165623097
1710,0.5318741548023377,0.0,22,10000,[6873.885565690778],[167.58176393668163],[0.4258169398597689],-20,0.47225383165623097
1711,0.19143632718365072,0.0,22,10000,[6873.885565690778],[167.58176393668163],[0.4258169398597689],-20,0.47225383165623097
1712,0.15072321528031551,0.0,22,10000,[6873.885565690778],[167.58176393668163],[0.4258169398597689],-20,0.47225383165623097
1713,-0.19699454155167903,0.0,22,10000,[6873.885565690778],[167.58176393668163],[0.4258169398597689],-20,0.47225383165623097
1714,-0.25580222335983444,0.0,22,10000,[6873.885565690778],[167.58176393668163],[0.4258169398597689],-20,0.47225383165623097
1715,-0.7303391689086159,0.0,22,10000,[6873.885565690778],[167.58176393668163],[0.4258169398597689],-20,0.47225383165623097
1716,0.27310627447537117,0.0,22,10000,[6873.885565690778],[167.58176393668163],[0.4258169398597689],-20,0.47225383165623097
1717,0.1442389539055997,0.0,22,10000,[6873.885565690778],[167.58176393668163],[0.4258169398597689],-20,0.47225383165623097
1718,1.1472696871479553,0.0,22,10000,[6873.885565690778],[167.58176393668163],[0.4258169398597689],-20,0.47225383165623097
1719,0.5487770682452666,0.0,22,10000,[6873.885565690778],[167.58176393668163],[0.4258169398597689],-20,0.47225383165623097
1720,0.42789397097499104,0.0,22,10000,[6873.885565690778],[167.58176393668163],[0.4258169398597689],-20,0.47225383165623097
1721,-0.41292205270522425,0.0,22,10000,[6873.885565690778],[167.58176393668163],[0.4258169398597689],-20,0.47225383165623097
1722,-0.7458112580977978,0.0,22,10000,[6873.885565690778],[167.58176393668163],[0.4258169398597689],-20,0.47225383165623097
1723,-0.20944059665562287,0.0,22,10000,[6873.885565690778],[167.58176393668163],[0.4258169398597689],-20,0.47225383165623097
1724,-0.8076424684930525,0.0,22,10000,[6873.885565690778],[167.58176393668163],[0.4258169398597689],-20,0.47225383165623097
1725,-0.9471830692641116,0.0,22,10000,[6873.885565690778],[167.58176393668163],[0.4258169398597689],-20,0.47225383165623097
1726,0.04120341775958341,0.0,22,10000,[6873.885565690778],[167.58176393668163],[0.4258169398597689],-20,0.47225383165623097
1727,-0.1970209731700033,0.0,22,10000,[6873.885565690778],[167.58176393668163],[0.4258169398597689],-20,0.47225383165623097
1728,0.6474565410035578,0.0,22,10000,[6873.885565690778],[167.58176393668163],[0.4258169398597689],-20,0.47225383165623097
1729,0.015267157526081003,0.0,22,10000,[6873.885565690778],[167.58176393668163],[0.4258169398597689],-20,0.47225383165623097
1730,-0.09567367911333964,0.0,22,10000,[6873.885565690778],[167.58176393668163],[0.4258169398597689],-20,0.47225383165623097
1731,-0.33872218044156427,0.0,22,10000,[6873.885565690778],[167.58176393668163],[0.4258169398597689],-20,0.47225383165623097
1732,0.13009039937138484,0.0,22,10000,[6873.885565690778],[167.58176393668163],[0.4258169398597689],-20,0.47225383165623097
1733,-0.2970875486958112,0.0,22,10000,[6873.885565690778],[167.58176393668163],[0.4258169398597689],-20,0.47225383165623097
1734,-0.30049385092772907,0.0,22,10000,[6873.885565690778],[167.58176393668163],[0.4258169398597689],-20,0.47225383165623097
1735,0.15417443870386466,0.0,22,10000,[6873.885565690778],[167.58176393668163],[0.4258169398597689],-20,0.47225383165623097
1736,-0.8408563441001646,0.0,22,10000,[6873.885565690778],[167.58176393668163],[0.4258169398597689],-20,0.47225383165623097
1737,-0.31744956319661066,0.0,22,10000,[6873.885565690778],[167.58176393668163],[0.4258169398597689],-20,0.47225383165623097
1738,-1.7516171858686762,0.0,22,10000,[6873.885565690778],[167.58176393668163],[0.4258169398597689],-20,0.47225383165623097
1739,0.28231603687949486,0.0,22,10000,[6873.885565690778],[167.58176393668163],[0.4258169398597689],-20,0.47225383165623097
1740,-0.6943646327945755,0.0,22,10000,[6873.885565690778],[167.58176393668163],[0.4258169398597689],-20,0.47225383165623097
1741,0.16057604252943236,0.0,22,10000,[6873.885565690778],[167.58176393668163],[0.4258169398597689],-20,0.47225383165623097
1742,0.3217791710278131,0.0,22,10000,[6873.885565690778],[167.58176393668163],[0.4258169398597689],-20,0.47225383165623097
1743,-0.2890799310666622,0.0,22,10000,[6873.885565690778],[167.58176393668163],[0.4258169398597689],-20,0.47225383165623097
1744,0.08053518355107263,0.0,22,10000,[6873.885565690778],[167.58176393668163],[0.4258169398597689],-20,0.47225383165623097
1745,0.08627200774173578,0.0,22,10000,[6873.885565690778],[167.58176393668163],[0.4258169398597689],-20,0.47225383165623097
1746,0.22785013042012078,0.0,22,10000,[6873.885565690778],[167.58176393668163],[0.4258169398597689],-20,0.47225383165623097
1747,0.010518532298018511,0.0,22,10000,[6873.885565690778],[167.58176393668163],[0.4258169398597689],-20,0.47225383165623097
1748,-0.17101202954877562,0.0,22,10000,[6873.885565690778],[167.58176393668163],[0.4258169398597689],-20,0.47225383165623097
1749,-0.572449786796532,0.0,22,10000,[6873.885565690778],[167.58176393668163],[0.4258169398597689],-20,0.47225383165623097
1750,0.608173855136929,0.0,22,10000,[6873.885565690778],[167.58176393668163],[0.4258169398597689],-20,0.47225383165623097
1751,0.5449223854756386,0.0,22,10000,[6873.885565690778],[167.58176393668163],[0.4258169398597689],-20,0.47225383165623097
1752,0.9778772774555903,0.0,22,10000,[6873.885565690778],[167.58176393668163],[0.4258169398597689],-20,0.47225383165623097
1753,0.09888412440715616,0.0,22,10000,[6873.885565690778],[167.58176393668163],[0.4258169398597689],-20,0.47225383165623097
1754,0.06211889999042687,0.0,22,10000,[6873.885565690778],[167.58176393668163],[0.4258169398597689],-20,0.47225383165623097
1755,-0.07051215155786948,0.0,22,10000,[6873.885565690778],[167.58176393668163],[0.4258169398597689],-20,0.47225383165623097
1756,-0.45271472942784446,0.0,22,10000,[6873.885565690778],[167.58176393668163],[0.4258169398597689],-20,0.47225383165623097
1757,0.48180596154292094,0.0,22,10000,[6873.885565690778],[167.58176393668163],[0.4258169398597689],-20,0.47225383165623097
1758,0.2466305159341491,0.0,22,10000,[6873.885565690778],[167.58176393668163],[0.4258169398597689],-20,0.47225383165623097
1759,0.13635680555489388,0.0,22,10000,[6873.885565690778],[167.58176393668163],[0.4258169398597689],-20,0.47225383165623097
1760,0.11137790330707133,0.0,22,10000,[6873.885565690778],[167.58176393668163],[0.4258169398597689],-20,0.47225383165623097
1761,0.07309066851082201,0.0,22,10000,[6873.885565690778],[167.58176393668163],[0.4258169398597689],-20,0.47225383165623097
1762,-0.3509865244564124,0.0,22,10000,[6873.885565690778],[167.58176393668163],[0.4258169398597689],-20,0.47225383165623097
1763,-0.6108937078615813,0.0,22,10000,[6873.885565690778],[167.58176393668163],[0.4258169398597689],-20,0.47225383165623097
1764,0.44724985941341866,0.0,22,10000,[6873.885565690778],[167.58176393668163],[0.4258169398597689],-20,0.47225383165623097
1765,-0.31932506444365916,0.0,22,10000,[6873.885565690778],[167.58176393668163],[0.4258169398597689],-20,0.47225383165623097
1766,0.23434802302798363,0.0,22,10000,[6873.885565690778],[167.58176393668163],[0.4258169398597689],-20,0.47225383165623097
1767,0.8426470759831658,0.0,22,10000,[6873.885565690778],[167.58176393668163],[0.4258169398597689],-20,0.47225383165623097
1768,0.004957900159202041,0.0,22,10000,[6873.885565690778],[167.58176393668163],[0.4258169398597689],-20,0.47225383165623097
1769,-0.7156934693160897,0.0,22,10000,[6873.885565690778],[167.58176393668163],[0.4258169398597689],-20,0.47225383165623097
1770,0.08935446706033673,0.0,22,10000,[6873.885565690778],[167.58176393668163],[0.4258169398597689],-20,0.47225383165623097
1771,1.1117506070456142,0.0,22,10000,[6873.885565690778],[167.58176393668163],[0.4258169398597689],-20,0.47225383165623097
1772,0.08868176100010738,0.0,22,10000,[6873.885565690778],[167.58176393668163],[0.4258169398597689],-20,0.47225383165623097
1773,-0.019996489581232308,0.0,22,10000,[6873.885565690778],[167.58176393668163],[0.4258169398597689],-20,0.47225383165623097
1774,0.4003968349618989,0.0,22,10000,[6873.885565690778],[167.58176393668163],[0.4258169398597689],-20,0.47225383165623097
1775,-0.0017438968481178088,0.0,22,10000,[6873.885565690778],[167.58176393668163],[0.4258169398597689],-20,0.47225383165623097
1776,-0.05702185954369188,0.0,22,10000,[6873.885565690778],[167.58176393668163],[0.4258169398597689],-20,0.47225383165623097
1777,-0.2355626044797946,0.0,22,10000,[6873.885565690778],[167.58176393668163],[0.4258169398597689],-20,0.47225383165623097
1778,0.15334466198681532,0.0,22,10000,[6873.885565690778],[167.58176393668163],[0.4258169398597689],-20,0.47225383165623097
1779,0.37850526449231586,0.0,22,10000,[6873.885565690778],[167.58176393668163],[0.4258169398597689],-20,0.47225383165623097
1780,-0.09135652764886878,0.0,22,10000,[6873.885565690778],[167.58176393668163],[0.4258169398597689],-20,0.47225383165623097
1781,0.43433064257483145,0.0,22,10000,[6873.885565690778],[167.58176393668163],[0.4258169398597689],-20,0.47225383165623097
1782,0.7077672960323408,0.0,22,10000,[6873.885565690778],[167.58176393668163],[0.4258169398597689],-20,0.47225383165623097
1783,0.3454097561671835,0.0,22,10000,[6873.885565690778],[167.58176393668163],[0.4258169398597689],-20,0.47225383165623097
1784,0.00791130513411207,0.0,22,10000,[6873.885565690778],[167.58176393668163],[0.4258169398597689],-20,0.47225383165623097
1785,-0.16350784648939545,0.0,22,10000,[6873.885565690778],[167.58176393668163],[0.4258169398597689],-20,0.47225383165623097
1786,0.3365291373798464,0.0,22,10000,[6873.885565690778],[167.58176393668163],[0.4258169398597689],-20,0.47225383165623097
1787,0.4063378326714225,0.0,22,10000,[6873.885565690778],[167.58176393668163],[0.4258169398597689],-20,0.47225383165623097
1788,0.6883600966357581,0.0,22,10000,[6873.885565690778],[167.58176393668163],[0.4258169398597689],-20,0.47225383165623097
1789,1.2662389276382144,0.0,22,10000,[6873.885565690778],[167.58176393668163],[0.4258169398597689],-20,0.47225383165623097
1790,-0.027885220001326216,0.0,22,10000,[6873.885565690778],[167.58176393668163],[0.4258169398597689],-20,0.47225383165623097
1791,-0.05557097127382082,0.0,22,10000,[6873.885565690778],[167.58176393668163],[0.4258169398597689],-20,0.47225383165623097
1792,0.7650044541911213,0.0,22,10000,[6873.885565690778],[167.58176393668163],[0.4258169398597689],-20,0.47225383165623097
1793,-0.14598552624920844,0.0,22,10000,[6873.885565690778],[167.58176393668163],[0.4258169398597689],-20,0.47225383165623097
1794,-0.31218906560588305,0.0,22,10000,[6873.885565690778],[167.58176393668163],[0.4258169398597689],-20,0.47225383165623097
1795,-0.10028999009402458,0.0,22,10000,[6873.885565690778],[167.58176393668163],[0.4258169398597689],-20,0.47225383165623097
1796,0.20870683945748592,0.0,22,10000,[6873.885565690778],[167.58176393668163],[0.4258169398597689],-20,0.47225383165623097
1797,-0.08948687092783912,0.0,22,10000,[6873.885565690778],[167.58176393668163],[0.4258169398597689],-20,0.47225383165623097
1798,0.1445369271957267,0.0,22,10000,[6873.885565690778],[167.58176393668163],[0.4258169398597689],-20,0.47225383165623097
1799,0.9515998517369061,0.0,22,10000,[6873.885565690778],[167.58176393668163],[0.4258169398597689],-20,0.47225383165623097
1800,-0.06567285844513107,0.0,22,10000,[6873.885565690778],[167.58176393668163],[0.4258169398597689],-20,0.47225383165623097
1801,-0.12341347941386102,0.0,22,10000,[6873.885565690778],[167.58176393668163],[0.4258169398597689],-20,0.47225383165623097
1802,-0.45532597334136055,0.0,22,10000,[6873.885565690778],[167.58176393668163],[0.4258169398597689],-20,0.47225383165623097
1803,-0.24079655683092824,0.0,22,10000,[6873.885565690778],[167.58176393668163],[0.4258169398597689],-20,0.47225383165623097
1804,0.24695888695653292,0.0,22,10000,[6873.885565690778],[167.58176393668163],[0.4258169398597689],-20,0.47225383165623097
1805,-0.5512816876111931,0.0,22,10000,[6873.885565690778],[167.58176393668163],[0.4258169398597689],-20,0.47225383165623097
1806,-0.7692528945439103,0.0,22,10000,[6873.885565690778],[167.58176393668163],[0.4258169398597689],-20,0.47225383165623097
1807,0.20495290047206086,0.0,22,10000,[6873.885565690778],[167.58176393668163],[0.4258169398597689],-20,0.47225383165623097
1808,0.15146374098722426,0.0,22,10000,[6873.885565690778],[167.58176393668163],[0.4258169398597689],-20,0.47225383165623097
1809,0.015939776303783498,0.0,22,10000,[6873.885565690778],[167.58176393668163],[0.4258169398597689],-20,0.47225383165623097
1810,-0.0022204118733605734,0.0,22,10000,[6873.885565690778],[167.58176393668163],[0.4258169398597689],-20,0.47225383165623097
1811,-0.22826778134900913,0.0,22,10000,[6873.885565690778],[167.58176393668163],[0.4258169398597689],-20,0.47225383165623097
1812,-0.4197483110953393,0.0,22,10000,[6873.885565690778],[167.58176393668163],[0.4258169398597689],-20,0.47225383165623097
1813,0.19270894764683974,0.0,22,10000,[6873.885565690778],[167.58176393668163],[0.4258169398597689],-20,0.47225383165623097
1814,-0.2657032369766775,0.0,22,10000,[6873.885565690778],[167.58176393668163],[0.4258169398597689],-20,0.47225383165623097
1815,-0.1997143001363855,0.0,22,10000,[6873.885565690778],[167.58176393668163],[0.4258169398597689],-20,0.47225383165623097
1816,0.3533219675563689,0.0,22,10000,[6873.885565690778],[167.58176393668163],[0.4258169398597689],-20,0.47225383165623097
1817,0.5280406834171242,0.0,22,10000,[6873.885565690778],[167.58176393668163],[0.4258169398597689],-20,0.47225383165623097
1818,-0.9351484952748655,0.0,22,10000,[6873.885565690778],[167.58176393668163],[0.4258169398597689],-20,0.47225383165623097
1819,0.1665184956492336,0.0,22,10000,[6873.885565690778],[167.58176393668163],[0.4258169398597689],-20,0.47225383165623097
1820,0.2832396754664249,0.0,22,10000,[6873.885565690778],[167.58176393668163],[0.4258169398597689],-20,0.47225383165623097
1821,0.05096103359785939,0.0,22,10000,[6873.885565690778],[167.58176393668163],[0.4258169398597689],-20,0.47225383165623097
1822,-0.27672939699950966,0.0,22,10000,[6873.885565690778],[167.58176393668163],[0.4258169398597689],-20,0.47225383165623097
1823,0.1470990171154809,0.0,22,10000,[6873.885565690778],[167.58176393668163],[0.4258169398597689],-20,0.47225383165623097
1824,-0.38208322599804306,0.0,22,10000,[6873.885565690778],[167.58176393668163],[0.4258169398597689],-20,0.47225383165623097
1825,0.025506402918069458,0.0,22,10000,[6873.885565690778],[167.58176393668163],[0.4258169398597689],-20,0.47225383165623097
1826,0.00589806205689839,0.0,22,10000,[6873.885565690778],[167.58176393668163],[0.4258169398597689],-20,0.47225383165623097
1827,0.7060358045719365,0.0,22,10000,[6873.885565690778],[167.58176393668163],[0.4258169398597689],-20,0.47225383165623097
1828,-0.08053404982408637,0.0,22,10000,[6873.885565690778],[167.58176393668163],[0.4258169398597689],-20,0.47225383165623097
1829,0.2411000702976769,0.0,22,10000,[6873.885565690778],[167.58176393668163],[0.4258169398597689],-20,0.47225383165623097
1830,0.5360536437377174,0.0,22,10000,[6873.885565690778],[167.58176393668163],[0.4258169398597689],-20,0.47225383165623097
1831,-0.10393647266671306,0.0,22,10000,[6873.885565690778],[167.58176393668163],[0.4258169398597689],-20,0.47225383165623097
1832,0.6769271925473921,0.0,22,10000,[6873.885565690778],[167.58176393668163],[0.4258169398597689],-20,0.47225383165623097
1833,0.09685217216111107,0.0,22,10000,[6873.885565690778],[167.58176393668163],[0.4258169398597689],-20,0.47225383165623097
1834,-0.44663530299881393,0.0,22,10000,[6873.885565690778],[167.58176393668163],[0.4258169398597689],-20,0.47225383165623097
1835,-0.30338052971012197,0.0,22,10000,[6873.885565690778],[167.58176393668163],[0.4258169398597689],-20,0.47225383165623097
1836,0.6208943921644301,0.0,22,10000,[6873.885565690778],[167.58176393668163],[0.4258169398597689],-20,0.47225383165623097
1837,0.4450531399049683,0.0,22,10000,[6873.885565690778],[167.58176393668163],[0.4258169398597689],-20,0.47225383165623097
1838,-0.6521131652042403,0.0,22,10000,[6873.885565690778],[167.58176393668163],[0.4258169398597689],-20,0.47225383165623097
1839,-0.4208150939127388,0.0,22,10000,[6873.885565690778],[167.58176393668163],[0.4258169398597689],-20,0.47225383165623097
1840,-0.0747662696080402,0.0,22,10000,[6873.885565690778],[167.58176393668163],[0.4258169398597689],-20,0.47225383165623097
1841,0.14030752624585763,0.0,22,10000,[6873.885565690778],[167.58176393668163],[0.4258169398597689],-20,0.47225383165623097
1842,-0.11551948504742862,0.0,22,10000,[6873.885565690778],[167.58176393668163],[0.4258169398597689],-20,0.47225383165623097
1843,0.4239438981745605,0.0,22,10000,[6873.885565690778],[167.58176393668163],[0.4258169398597689],-20,0.47225383165623097
1844,0.09440727215234448,0.0,22,10000,[6873.885565690778],[167.58176393668163],[0.4258169398597689],-20,0.47225383165623097
1845,0.5392330144628187,0.0,22,10000,[6873.885565690778],[167.58176393668163],[0.4258169398597689],-20,0.47225383165623097
1846,0.30481063255277463,0.0,22,10000,[6873.885565690778],[167.58176393668163],[0.4258169398597689],-20,0.47225383165623097
1847,-0.35626025405913797,0.0,22,10000,[6873.885565690778],[167.58176393668163],[0.4258169398597689],-20,0.47225383165623097
1848,0.6769648695340618,0.0,22,10000,[6873.885565690778],[167.58176393668163],[0.4258169398597689],-20,0.47225383165623097
1849,-0.5379198782973643,0.0,22,10000,[6873.885565690778],[167.58176393668163],[0.4258169398597689],-20,0.47225383165623097
1850,0.6006292127122327,0.0,22,10000,[6873.885565690778],[167.58176393668163],[0.4258169398597689],-20,0.47225383165623097
1851,1.1830817142914065,0.0,22,10000,[6873.885565690778],[167.58176393668163],[0.4258169398597689],-20,0.47225383165623097
1852,0.6454601537458945,0.0,22,10000,[6873.885565690778],[167.58176393668163],[0.4258169398597689],-20,0.47225383165623097
1853,-0.5420800625410425,0.0,22,10000,[6873.885565690778],[167.58176393668163],[0.4258169398597689],-20,0.47225383165623097
1854,-0.2373858087598002,0.0,22,10000,[6873.885565690778],[167.58176393668163],[0.4258169398597689],-20,0.47225383165623097
1855,0.22128310894787237,0.0,22,10000,[6873.885565690778],[167.58176393668163],[0.4258169398597689],-20,0.47225383165623097
1856,-0.35270215022055773,0.0,22,10000,[6873.885565690778],[167.58176393668163],[0.4258169398597689],-20,0.47225383165623097
1857,-0.3168394469453924,0.0,22,10000,[6873.885565690778],[167.58176393668163],[0.4258169398597689],-20,0.47225383165623097
1858,-0.5050814638091778,0.0,22,10000,[6873.885565690778],[167.58176393668163],[0.4258169398597689],-20,0.47225383165623097
1859,-0.1114931238319689,0.0,22,10000,[6873.885565690778],[167.58176393668163],[0.4258169398597689],-20,0.47225383165623097
1860,-0.3103781274657454,0.0,22,10000,[6873.885565690778],[167.58176393668163],[0.4258169398597689],-20,0.47225383165623097
1861,-0.464137658838838,0.0,22,10000,[6873.885565690778],[167.58176393668163],[0.4258169398597689],-20,0.47225383165623097
1862,0.278074810080535,0.0,22,10000,[6873.885565690778],[167.58176393668163],[0.4258169398597689],-20,0.47225383165623097
1863,-0.2757610567275381,0.0,22,10000,[6873.885565690778],[167.58176393668163],[0.4258169398597689],-20,0.47225383165623097
1864,-0.0667247833026038,0.0,22,10000,[6873.885565690778],[167.58176393668163],[0.4258169398597689],-20,0.47225383165623097
1865,0.14079976208249023,0.0,22,10000,[6873.885565690778],[167.58176393668163],[0.4258169398597689],-20,0.47225383165623097
1866,0.2901088882425379,0.0,22,10000,[6873.885565690778],[167.58176393668163],[0.4258169398597689],-20,0.47225383165623097
1867,0.9491784093518637,0.0,22,10000,[6873.885565690778],[167.58176393668163],[0.4258169398597689],-20,0.47225383165623097
1868,-0.08404083848451184,0.0,22,10000,[6873.885565690778],[167.58176393668163],[0.4258169398597689],-20,0.47225383165623097
1869,0.26813013312450984,0.0,22,10000,[6873.885565690778],[167.58176393668163],[0.4258169398597689],-20,0.47225383165623097
1870,0.5951983350874016,0.0,22,10000,[6873.885565690778],[167.58176393668163],[0.4258169398597689],-20,0.47225383165623097
1871,0.3355380863084107,0.0,22,10000,[6873.885565690778],[167.58176393668163],[0.4258169398597689],-20,0.47225383165623097
1872,-0.6050014324036722,0.0,22,10000,[6873.885565690778],[167.58176393668163],[0.4258169398597689],-20,0.47225383165623097
1873,0.3448489507072158,0.0,22,10000,[6873.885565690778],[167.58176393668163],[0.4258169398597689],-20,0.47225383165623097
1874,-0.013854173935486545,0.0,22,10000,[6873.885565690778],[167.58176393668163],[0.4258169398597689],-20,0.47225383165623097
1875,-1.2246078305345933,0.0,22,10000,[6873.885565690778],[167.58176393668163],[0.4258169398597689],-20,0.47225383165623097
1876,0.29142439046274743,0.0,22,10000,[6873.885565690778],[167.58176393668163],[0.4258169398597689],-20,0.47225383165623097
1877,-0.04851934784731743,0.0,22,10000,[6873.885565690778],[167.58176393668163],[0.4258169398597689],-20,0.47225383165623097
1878,-0.18778106132244188,0.0,22,10000,[6873.885565690778],[167.58176393668163],[0.4258169398597689],-20,0.47225383165623097
1879,0.22647223377753392,0.0,22,10000,[6873.885565690778],[167.58176393668163],[0.4258169398597689],-20,0.47225383165623097
1880,0.2768590925931962,0.0,22,10000,[6873.885565690778],[167.58176393668163],[0.4258169398597689],-20,0.47225383165623097
1881,-0.22948494742546927,0.0,22,10000,[6873.885565690778],[167.58176393668163],[0.4258169398597689],-20,0.47225383165623097
1882,-0.1684932211221402,0.0,22,10000,[6873.885565690778],[167.58176393668163],[0.4258169398597689],-20,0.47225383165623097
1883,-0.601228243258268,0.0,22,10000,[6873.885565690778],[167.58176393668163],[0.4258169398597689],-20,0.47225383165623097
1884,-0.28209740923840426,0.0,22,10000,[6873.885565690778],[167.58176393668163],[0.4258169398597689],-20,0.47225383165623097
1885,0.5735632420981752,0.0,22,10000,[6873.885565690778],[167.58176393668163],[0.4258169398597689],-20,0.47225383165623097
1886,0.8351251744162809,0.0,22,10000,[6873.885565690778],[167.58176393668163],[0.4258169398597689],-20,0.47225383165623097
1887,-0.5219408023048457,0.0,22,10000,[6873.885565690778],[167.58176393668163],[0.4258169398597689],-20,0.47225383165623097
1888,0.39430749172686813,0.0,22,10000,[6873.885565690778],[167.58176393668163],[0.4258169398597689],-20,0.47225383165623097
1889,-0.2069130760224312,0.0,22,10000,[6873.885565690778],[167.58176393668163],[0.4258169398597689],-20,0.47225383165623097
1890,0.6226610686085572,0.0,22,10000,[6873.885565690778],[167.58176393668163],[0.4258169398597689],-20,0.47225383165623097
1891,0.132537132567729,0.0,22,10000,[6873.885565690778],[167.58176393668163],[0.4258169398597689],-20,0.47225383165623097
1892,0.790173757547872,0.0,22,10000,[6873.885565690778],[167.58176393668163],[0.4258169398597689],-20,0.47225383165623097
1893,-0.7705769548512164,0.0,22,10000,[6873.885565690778],[167.58176393668163],[0.4258169398597689],-20,0.47225383165623097
1894,0.9338283811604303,0.0,22,10000,[6873.885565690778],[167.58176393668163],[0.4258169398597689],-20,0.47225383165623097
1895,-0.02694835402534039,0.0,22,10000,[6873.885565690778],[167.58176393668163],[0.4258169398597689],-20,0.47225383165623097
1896,-0.15241546479977472,0.0,22,10000,[6873.885565690778],[167.58176393668163],[0.4258169398597689],-20,0.47225383165623097
1897,-0.10139078788771709,0.0,22,10000,[6873.885565690778],[167.58176393668163],[0.4258169398597689],-20,0.47225383165623097
1898,0.2485110520423655,0.0,22,10000,[6873.885565690778],[167.58176393668163],[0.4258169398597689],-20,0.47225383165623097
1899,-0.03443464154149762,0.0,22,10000,[6873.885565690778],[167.58176393668163],[0.4258169398597689],-20,0.47225383165623097
1900,0.29768219571672266,0.0,22,10000,[6873.885565690778],[167.58176393668163],[0.4258169398597689],-20,0.47225383165623097
1901,-0.18853677256862697,0.0,22,10000,[6873.885565690778],[167.58176393668163],[0.4258169398597689],-20,0.47225383165623097
1902,-0.48739233429479983,0.0,22,10000,[6873.885565690778],[167.58176393668163],[0.4258169398597689],-20,0.47225383165623097
1903,0.05214976050440461,0.0,22,10000,[6873.885565690778],[167.58176393668163],[0.4258169398597689],-20,0.47225383165623097
1904,0.9990882795400056,0.0,22,10000,[6873.885565690778],[167.58176393668163],[0.4258169398597689],-20,0.47225383165623097
1905,-0.04994913695855477,0.0,22,10000,[6873.885565690778],[167.58176393668163],[0.4258169398597689],-20,0.47225383165623097
1906,-0.33655865028586907,0.0,22,10000,[6873.885565690778],[167.58176393668163],[0.4258169398597689],-20,0.47225383165623097
1907,0.6976694566220558,0.0,22,10000,[6873.885565690778],[167.58176393668163],[0.4258169398597689],-20,0.47225383165623097
1908,0.10406884812304434,0.0,22,10000,[6873.885565690778],[167.58176393668163],[0.4258169398597689],-20,0.47225383165623097
1909,-0.21667563885073413,0.0,22,10000,[6873.885565690778],[167.58176393668163],[0.4258169398597689],-20,0.47225383165623097
1910,-0.4430005241378896,0.0,22,10000,[6873.885565690778],[167.58176393668163],[0.4258169398597689],-20,0.47225383165623097
1911,0.06127617915908984,0.0,22,10000,[6873.885565690778],[167.58176393668163],[0.4258169398597689],-20,0.47225383165623097
1912,0.10521600168536353,0.0,22,10000,[6873.885565690778],[167.58176393668163],[0.4258169398597689],-20,0.47225383165623097
1913,-0.07803984356466086,0.0,22,10000,[6873.885565690778],[167.58176393668163],[0.4258169398597689],-20,0.47225383165623097
1914,0.2405504985029187,0.0,22,10000,[6873.885565690778],[167.58176393668163],[0.4258169398597689],-20,0.47225383165623097
1915,0.25369768639241574,0.0,22,10000,[6873.885565690778],[167.58176393668163],[0.4258169398597689],-20,0.47225383165623097
1916,0.23745970793707857,0.0,22,10000,[6873.885565690778],[167.58176393668163],[0.4258169398597689],-20,0.47225383165623097
1917,-0.24276032578523163,0.0,22,10000,[6873.885565690778],[167.58176393668163],[0.4258169398597689],-20,0.47225383165623097
1918,1.0867058099324527,0.0,22,10000,[6873.885565690778],[167.58176393668163],[0.4258169398597689],-20,0.47225383165623097
1919,-0.12128059937832636,0.0,22,10000,[6873.885565690778],[167.58176393668163],[0.4258169398597689],-20,0.47225383165623097
1920,0.4978964509365131,0.0,22,10000,[6873.885565690778],[167.58176393668163],[0.4258169398597689],-20,0.47225383165623097
1921,-0.019403050006820303,0.0,22,10000,[6873.885565690778],[167.58176393668163],[0.4258169398597689],-20,0.47225383165623097
1922,-0.3854830247891664,0.0,22,10000,[6873.885565690778],[167.58176393668163],[0.4258169398597689],-20,0.47225383165623097
1923,-0.5349369545691416,0.0,22,10000,[6873.885565690778],[167.58176393668163],[0.4258169398597689],-20,0.47225383165623097
1924,0.3071704888633963,0.0,22,10000,[6873.885565690778],[167.58176393668163],[0.4258169398597689],-20,0.47225383165623097
1925,0.24567688412362057,0.0,22,10000,[6873.885565690778],[167.58176393668163],[0.4258169398597689],-20,0.47225383165623097
1926,0.2988182475550996,0.0,22,10000,[6873.885565690778],[167.58176393668163],[0.4258169398597689],-20,0.47225383165623097
1927,0.6073780873852384,0.0,22,10000,[6873.885565690778],[167.58176393668163],[0.4258169398597689],-20,0.47225383165623097
1928,-0.07169238548079304,0.0,22,10000,[6873.885565690778],[167.58176393668163],[0.4258169398597689],-20,0.47225383165623097
1929,0.07176464480511913,0.0,22,10000,[6873.885565690778],[167.58176393668163],[0.4258169398597689],-20,0.47225383165623097
1930,-0.5069643023060263,0.0,22,10000,[6873.885565690778],[167.58176393668163],[0.4258169398597689],-20,0.47225383165623097
1931,-0.5459363596726609,0.0,22,10000,[6873.885565690778],[167.58176393668163],[0.4258169398597689],-20,0.47225383165623097
1932,-0.29018947248519456,0.0,22,10000,[6873.885565690778],[167.58176393668163],[0.4258169398597689],-20,0.47225383165623097
1933,0.25710200164712693,0.0,22,10000,[6873.885565690778],[167.58176393668163],[0.4258169398597689],-20,0.47225383165623097
1934,-0.09833843557434617,0.0,22,10000,[6873.885565690778],[167.58176393668163],[0.4258169398597689],-20,0.47225383165623097
1935,-0.2297865489323334,0.0,22,10000,[6873.885565690778],[167.58176393668163],[0.4258169398597689],-20,0.47225383165623097
1936,-0.7856389640270041,0.0,22,10000,[6873.885565690778],[167.58176393668163],[0.4258169398597689],-20,0.47225383165623097
1937,-0.2929700177012764,0.0,22,10000,[6873.885565690778],[167.58176393668163],[0.4258169398597689],-20,0.47225383165623097
1938,-0.05806988414908957,0.0,22,10000,[6873.885565690778],[167.58176393668163],[0.4258169398597689],-20,0.47225383165623097
1939,0.2294660195531818,0.0,22,10000,[6873.885565690778],[167.58176393668163],[0.4258169398597689],-20,0.47225383165623097
1940,-0.2536753228068772,0.0,22,10000,[6873.885565690778],[167.58176393668163],[0.4258169398597689],-20,0.47225383165623097
1941,0.030530665397815144,0.0,22,10000,[6873.885565690778],[167.58176393668163],[0.4258169398597689],-20,0.47225383165623097
1942,-0.3054213921371876,0.0,22,10000,[6873.885565690778],[167.58176393668163],[0.4258169398597689],-20,0.47225383165623097
1943,-0.6350265291555119,0.0,22,10000,[6873.885565690778],[167.58176393668163],[0.4258169398597689],-20,0.47225383165623097
1944,-0.18262971192335864,0.0,22,10000,[6873.885565690778],[167.58176393668163],[0.4258169398597689],-20,0.47225383165623097
1945,-0.16532953156111352,0.0,22,10000,[6873.885565690778],[167.58176393668163],[0.4258169398597689],-20,0.47225383165623097
1946,-0.5124521564366377,0.0,22,10000,[6873.885565690778],[167.58176393668163],[0.4258169398597689],-20,0.47225383165623097
1947,0.2809522793843125,0.0,22,10000,[6873.885565690778],[167.58176393668163],[0.4258169398597689],-20,0.47225383165623097
1948,0.042361208974072605,0.0,22,10000,[6873.885565690778],[167.58176393668163],[0.4258169398597689],-20,0.47225383165623097
1949,0.6188144482645117,0.0,22,10000,[6873.885565690778],[167.58176393668163],[0.4258169398597689],-20,0.47225383165623097
1950,1.2587675575517887,0.0,22,10000,[6873.885565690778],[167.58176393668163],[0.4258169398597689],-20,0.47225383165623097
1951,0.17736935145186233,0.0,22,10000,[6873.885565690778],[167.58176393668163],[0.4258169398597689],-20,0.47225383165623097
1952,0.04898452810916247,0.0,22,10000,[6873.885565690778],[167.58176393668163],[0.4258169398597689],-20,0.47225383165623097
1953,0.4896647616149574,0.0,22,10000,[6873.885565690778],[167.58176393668163],[0.4258169398597689],-20,0.47225383165623097
1954,0.37151584684835964,0.0,22,10000,[6873.885565690778],[167.58176393668163],[0.4258169398597689],-20,0.47225383165623097
1955,0.39364621521395465,0.0,22,10000,[6873.885565690778],[167.58176393668163],[0.4258169398597689],-20,0.47225383165623097
1956,-0.4352063260063386,0.0,22,10000,[6873.885565690778],[167.58176393668163],[0.4258169398597689],-20,0.47225383165623097
1957,0.312532303532707,0.0,22,10000,[6873.885565690778],[167.58176393668163],[0.4258169398597689],-20,0.47225383165623097
1958,-0.42848095506617134,0.0,22,10000,[6873.885565690778],[167.58176393668163],[0.4258169398597689],-20,0.47225383165623097
1959,0.4828199097221286,0.0,22,10000,[6873.885565690778],[167.58176393668163],[0.4258169398597689],-20,0.47225383165623097
1960,0.34699876219957304,0.0,22,10000,[6873.885565690778],[167.58176393668163],[0.4258169398597689],-20,0.47225383165623097
1961,0.6998131031695667,0.0,22,10000,[6873.885565690778],[167.58176393668163],[0.4258169398597689],-20,0.47225383165623097
1962,0.5502212360863483,0.0,22,10000,[6873.885565690778],[167.58176393668163],[0.4258169398597689],-20,0.47225383165623097
1963,0.10679197442986263,0.0,22,10000,[6873.885565690778],[167.58176393668163],[0.4258169398597689],-20,0.47225383165623097
1964,0.6324984825924999,0.0,22,10000,[6873.885565690778],[167.58176393668163],[0.4258169398597689],-20,0.47225383165623097
1965,-0.0775716185258684,0.0,22,10000,[6873.885565690778],[167.58176393668163],[0.4258169398597689],-20,0.47225383165623097
1966,-0.4183198383333684,0.0,22,10000,[6873.885565690778],[167.58176393668163],[0.4258169398597689],-20,0.47225383165623097
1967,0.20577245099740088,0.0,22,10000,[6873.885565690778],[167.58176393668163],[0.4258169398597689],-20,0.47225383165623097
1968,0.655129160265365,0.0,22,10000,[6873.885565690778],[167.58176393668163],[0.4258169398597689],-20,0.47225383165623097
1969,-0.6315363246125336,0.0,22,10000,[6873.885565690778],[167.58176393668163],[0.4258169398597689],-20,0.47225383165623097
1970,-0.49051057112072316,0.0,22,10000,[6873.885565690778],[167.58176393668163],[0.4258169398597689],-20,0.47225383165623097
1971,-0.11858888377465253,0.0,22,10000,[6873.885565690778],[167.58176393668163],[0.4258169398597689],-20,0.47225383165623097
1972,0.3839797369613635,0.0,22,10000,[6873.885565690778],[167.58176393668163],[0.4258169398597689],-20,0.47225383165623097
1973,0.04150522315559026,0.0,22,10000,[6873.885565690778],[167.58176393668163],[0.4258169398597689],-20,0.47225383165623097
1974,-0.700027440827698,0.0,22,10000,[6873.885565690778],[167.58176393668163],[0.4258169398597689],-20,0.47225383165623097
1975,-0.24908643909475744,0.0,22,10000,[6873.885565690778],[167.58176393668163],[0.4258169398597689],-20,0.47225383165623097
1976,-0.18341495612336844,0.0,22,10000,[6873.885565690778],[167.58176393668163],[0.4258169398597689],-20,0.47225383165623097
1977,-0.07911448530690827,0.0,22,10000,[6873.885565690778],[167.58176393668163],[0.4258169398597689],-20,0.47225383165623097
1978,-0.3578518594038064,0.0,22,10000,[6873.885565690778],[167.58176393668163],[0.4258169398597689],-20,0.47225383165623097
1979,0.8646806453901477,0.0,22,10000,[6873.885565690778],[167.58176393668163],[0.4258169398597689],-20,0.47225383165623097
1980,-0.0005638871633622697,0.0,22,10000,[6873.885565690778],[167.58176393668163],[0.4258169398597689],-20,0.47225383165623097
1981,-0.18561692719117084,0.0,22,10000,[6873.885565690778],[167.58176393668163],[0.4258169398597689],-20,0.47225383165623097
1982,0.9592959743829192,0.0,22,10000,[6873.885565690778],[167.58176393668163],[0.4258169398597689],-20,0.47225383165623097
1983,-0.6091889318553191,0.0,22,10000,[6873.885565690778],[167.58176393668163],[0.4258169398597689],-20,0.47225383165623097
1984,0.08270466931463473,0.0,22,10000,[6873.885565690778],[167.58176393668163],[0.4258169398597689],-20,0.47225383165623097
1985,-0.170797999386426,0.0,22,10000,[6873.885565690778],[167.58176393668163],[0.4258169398597689],-20,0.47225383165623097
1986,-0.8503853241352267,0.0,22,10000,[6873.885565690778],[167.58176393668163],[0.4258169398597689],-20,0.47225383165623097
1987,0.30868830712136075,0.0,22,10000,[6873.885565690778],[167.58176393668163],[0.4258169398597689],-20,0.47225383165623097
1988,-0.00220464113935361,0.0,22,10000,[6873.885565690778],[167.58176393668163],[0.4258169398597689],-20,0.47225383165623097
1989,-0.42393938768795,0.0,22,10000,[6873.885565690778],[167.58176393668163],[0.4258169398597689],-20,0.47225383165623097
1990,0.04007595807319532,0.0,22,10000,[6873.885565690778],[167.58176393668163],[0.4258169398597689],-20,0.47225383165623097
1991,1.199346138293423,0.0,22,10000,[6873.885565690778],[167.58176393668163],[0.4258169398597689],-20,0.47225383165623097
1992,0.3343784261616056,0.0,22,10000,[6873.885565690778],[167.58176393668163],[0.4258169398597689],-20,0.47225383165623097
1993,-0.5068914224308884,0.0,22,10000,[6873.885565690778],[167.58176393668163],[0.4258169398597689],-20,0.47225383165623097
1994,0.5697193066201585,0.0,22,10000,[6873.885565690778],[167.58176393668163],[0.4258169398597689],-20,0.47225383165623097
1995,0.052218100803426634,0.0,22,10000,[6873.885565690778],[167.58176393668163],[0.4258169398597689],-20,0.47225383165623097
1996,0.18915132434850213,0.0,22,10000,[6873.885565690778],[167.58176393668163],[0.4258169398597689],-20,0.47225383165623097
1997,0.48667327037149344,0.0,22,10000,[6873.885565690778],[167.58176393668163],[0.4258169398597689],-20,0.47225383165623097
1998,-0.5735695977104494,0.0,22,10000,[6873.885565690778],[167.58176393668163],[0.4258169398597689],-20,0.47225383165623097
1999,-0.1263025393159346,0.0,22,10000,[6873.885565690778],[167.58176393668163],[0.4258169398597689],-20,0.47225383165623097
2000,-0.1424673086618951,0.0,22,10000,[6873.885565690778],[167.58176393668163],[0.4258169398597689],-20,0.47225383165623097
2001,0.058942660615537,0.0,22,10000,[6873.885565690778],[167.58176393668163],[0.4258169398597689],-20,0.47225383165623097
2002,0.982021973245697,0.0,22,10000,[6873.885565690778],[167.58176393668163],[0.4258169398597689],-20,0.47225383165623097
2003,0.057759877271159776,0.0,22,10000,[6873.885565690778],[167.58176393668163],[0.4258169398597689],-20,0.47225383165623097
2004,-0.25163565889906675,0.0,22,10000,[6873.885565690778],[167.58176393668163],[0.4258169398597689],-20,0.47225383165623097
2005,0.022499715611535572,0.0,22,10000,[6873.885565690778],[167.58176393668163],[0.4258169398597689],-20,0.47225383165623097
2006,-0.7571410901534066,0.0,22,10000,[6873.885565690778],[167.58176393668163],[0.4258169398597689],-20,0.47225383165623097
2007,0.15798412170120862,0.0,22,10000,[6873.885565690778],[167.58176393668163],[0.4258169398597689],-20,0.47225383165623097
2008,-0.5574890765165256,0.0,22,10000,[6873.885565690778],[167.58176393668163],[0.4258169398597689],-20,0.47225383165623097
2009,-0.7903830540210842,0.0,22,10000,[6873.885565690778],[167.58176393668163],[0.4258169398597689],-20,0.47225383165623097
2010,0.5670482450622837,0.0,22,10000,[6873.885565690778],[167.58176393668163],[0.4258169398597689],-20,0.47225383165623097
2011,-0.08538031879164694,0.0,22,10000,[6873.885565690778],[167.58176393668163],[0.4258169398597689],-20,0.47225383165623097
2012,-0.03333800824947545,0.0,22,10000,[6873.885565690778],[167.58176393668163],[0.4258169398597689],-20,0.47225383165623097
2013,0.058826140645566426,0.0,22,10000,[6873.885565690778],[167.58176393668163],[0.4258169398597689],-20,0.47225383165623097
2014,-0.877735774616793,0.0,22,10000,[6873.885565690778],[167.58176393668163],[0.4258169398597689],-20,0.47225383165623097
2015,-0.14906052154941618,0.0,22,10000,[6873.885565690778],[167.58176393668163],[0.4258169398597689],-20,0.47225383165623097
2016,0.9577119433772866,0.0,22,10000,[6873.885565690778],[167.58176393668163],[0.4258169398597689],-20,0.47225383165623097
2017,0.4245031479286404,0.0,22,10000,[6873.885565690778],[167.58176393668163],[0.4258169398597689],-20,0.47225383165623097
2018,0.4598501576606742,0.0,22,10000,[6873.885565690778],[167.58176393668163],[0.4258169398597689],-20,0.47225383165623097
2019,-0.033421758704499774,0.0,22,10000,[6873.885565690778],[167.58176393668163],[0.4258169398597689],-20,0.47225383165623097
2020,0.10121695289898704,0.0,22,10000,[6873.885565690778],[167.58176393668163],[0.4258169398597689],-20,0.47225383165623097
2021,-0.10592526994639094,0.0,22,10000,[6873.885565690778],[167.58176393668163],[0.4258169398597689],-20,0.47225383165623097
2022,-0.1496052224975048,0.0,22,10000,[6873.885565690778],[167.58176393668163],[0.4258169398597689],-20,0.47225383165623097
2023,-0.45424354145742285,0.0,22,10000,[6873.885565690778],[167.58176393668163],[0.4258169398597689],-20,0.47225383165623097
2024,0.48994431447192294,0.0,22,10000,[6873.885565690778],[167.58176393668163],[0.4258169398597689],-20,0.47225383165623097
2025,0.4133409914430889,0.0,22,10000,[6873.885565690778],[167.58176393668163],[0.4258169398597689],-20,0.47225383165623097
2026,0.4526267344941747,0.0,22,10000,[6873.885565690778],[167.58176393668163],[0.4258169398597689],-20,0.47225383165623097
2027,-0.0950575746405064,0.0,22,10000,[6873.885565690778],[167.58176393668163],[0.4258169398597689],-20,0.47225383165623097
2028,-0.42088720753894965,0.0,22,10000,[6873.885565690778],[167.58176393668163],[0.4258169398597689],-20,0.47225383165623097
2029,-0.50953416666654,0.0,22,10000,[6873.885565690778],[167.58176393668163],[0.4258169398597689],-20,0.47225383165623097
2030,-0.3292015258321731,0.0,22,10000,[6873.885565690778],[167.58176393668163],[0.4258169398597689],-20,0.47225383165623097
2031,-0.1307331686762819,0.0,22,10000,[6873.885565690778],[167.58176393668163],[0.4258169398597689],-20,0.47225383165623097
2032,0.46653106017299395,0.0,22,10000,[6873.885565690778],[167.58176393668163],[0.4258169398597689],-20,0.47225383165623097
2033,0.9708505780797306,0.0,22,10000,[6873.885565690778],[167.58176393668163],[0.4258169398597689],-20,0.47225383165623097
2034,0.4216083838830178,0.0,22,10000,[6873.885565690778],[167.58176393668163],[0.4258169398597689],-20,0.47225383165623097
2035,0.3923087965661127,0.0,22,10000,[6873.885565690778],[167.58176393668163],[0.4258169398597689],-20,0.47225383165623097
2036,-0.41578806400883894,0.0,22,10000,[6873.885565690778],[167.58176393668163],[0.4258169398597689],-20,0.47225383165623097
2037,0.6074740927835548,0.0,22,10000,[6873.885565690778],[167.58176393668163],[0.4258169398597689],-20,0.47225383165623097
2038,0.10333981199016268,0.0,22,10000,[6873.885565690778],[167.58176393668163],[0.4258169398597689],-20,0.47225383165623097
2039,-0.21208600214556558,0.0,22,10000,[6873.885565690778],[167.58176393668163],[0.4258169398597689],-20,0.47225383165623097
2040,0.17305843318595657,0.0,22,10000,[6873.885565690778],[167.58176393668163],[0.4258169398597689],-20,0.47225383165623097
2041,0.5887070657828939,0.0,22,10000,[6873.885565690778],[167.58176393668163],[0.4258169398597689],-20,0.47225383165623097
2042,-0.0695770909920288,0.0,22,10000,[6873.885565690778],[167.58176393668163],[0.4258169398597689],-20,0.47225383165623097
2043,0.10787125189121727,0.0,22,10000,[6873.885565690778],[167.58176393668163],[0.4258169398597689],-20,0.47225383165623097
2044,-0.09703734197292808,0.0,22,10000,[6873.885565690778],[167.58176393668163],[0.4258169398597689],-20,0.47225383165623097
2045,0.5116027878309446,0.0,22,10000,[6873.885565690778],[167.58176393668163],[0.4258169398597689],-20,0.47225383165623097
2046,-0.40203973449172387,0.0,22,10000,[6873.885565690778],[167.58176393668163],[0.4258169398597689],-20,0.47225383165623097
2047,0.3293419960468141,0.0,22,10000,[6873.885565690778],[167.58176393668163],[0.4258169398597689],-20,0.47225383165623097
2048,-0.6000908690608177,0.0,22,10000,[6873.885565690778],[167.58176393668163],[0.4258169398597689],-20,0.47225383165623097
2049,-0.3859369815073748,0.0,22,10000,[6873.885565690778],[167.58176393668163],[0.4258169398597689],-20,0.47225383165623097
2050,0.6459990552832687,0.0,22,10000,[6873.885565690778],[167.58176393668163],[0.4258169398597689],-20,0.47225383165623097
2051,-0.937146114076547,0.0,22,10000,[6873.885565690778],[167.58176393668163],[0.4258169398597689],-20,0.47225383165623097
2052,0.28738728320581103,0.0,22,10000,[6873.885565690778],[167.58176393668163],[0.4258169398597689],-20,0.47225383165623097
2053,1.0244348808686072,0.0,22,10000,[6873.885565690778],[167.58176393668163],[0.4258169398597689],-20,0.47225383165623097
2054,-0.05354606851659018,0.0,22,10000,[6873.885565690778],[167.58176393668163],[0.4258169398597689],-20,0.47225383165623097
2055,-0.08133844327632962,0.0,22,10000,[6873.885565690778],[167.58176393668163],[0.4258169398597689],-20,0.47225383165623097
2056,0.8072962728402404,0.0,22,10000,[6873.885565690778],[167.58176393668163],[0.4258169398597689],-20,0.47225383165623097
2057,0.01072000029428227,0.0,22,10000,[6873.885565690778],[167.58176393668163],[0.4258169398597689],-20,0.47225383165623097
2058,-0.1678813206018005,0.0,22,10000,[6873.885565690778],[167.58176393668163],[0.4258169398597689],-20,0.47225383165623097
2059,-0.8002189957109044,0.0,22,10000,[6873.885565690778],[167.58176393668163],[0.4258169398597689],-20,0.47225383165623097
2060,-0.27545605625102965,0.0,22,10000,[6873.885565690778],[167.58176393668163],[0.4258169398597689],-20,0.47225383165623097
2061,-0.10392650536599221,0.0,22,10000,[6873.885565690778],[167.58176393668163],[0.4258169398597689],-20,0.47225383165623097
2062,0.31595568458743195,0.0,22,10000,[6873.885565690778],[167.58176393668163],[0.4258169398597689],-20,0.47225383165623097
2063,-0.08789918903128095,0.0,22,10000,[6873.885565690778],[167.58176393668163],[0.4258169398597689],-20,0.47225383165623097
2064,0.22474303405098026,0.0,22,10000,[6873.885565690778],[167.58176393668163],[0.4258169398597689],-20,0.47225383165623097
2065,-0.10564396472225461,0.0,22,10000,[6873.885565690778],[167.58176393668163],[0.4258169398597689],-20,0.47225383165623097
2066,0.04712386896112544,0.0,22,10000,[6873.885565690778],[167.58176393668163],[0.4258169398597689],-20,0.47225383165623097
2067,-0.05108812731248705,0.0,22,10000,[6873.885565690778],[167.58176393668163],[0.4258169398597689],-20,0.47225383165623097
2068,0.22690039976316184,0.0,22,10000,[6873.885565690778],[167.58176393668163],[0.4258169398597689],-20,0.47225383165623097
2069,0.4360066583112211,0.0,22,10000,[6873.885565690778],[167.58176393668163],[0.4258169398597689],-20,0.47225383165623097
2070,0.09105584914981676,0.0,22,10000,[6873.885565690778],[167.58176393668163],[0.4258169398597689],-20,0.47225383165623097
2071,0.10772642798787886,0.0,22,10000,[6873.885565690778],[167.58176393668163],[0.4258169398597689],-20,0.47225383165623097
2072,0.7294594463284447,0.0,22,10000,[6873.885565690778],[167.58176393668163],[0.4258169398597689],-20,0.47225383165623097
2073,-0.24623404303509214,0.0,22,10000,[6873.885565690778],[167.58176393668163],[0.4258169398597689],-20,0.47225383165623097
2074,-0.5196241968096711,0.0,22,10000,[6873.885565690778],[167.58176393668163],[0.4258169398597689],-20,0.47225383165623097
2075,-0.13723352044646703,0.0,22,10000,[6873.885565690778],[167.58176393668163],[0.4258169398597689],-20,0.47225383165623097
2076,-0.5015135485236373,0.0,22,10000,[6873.885565690778],[167.58176393668163],[0.4258169398597689],-20,0.47225383165623097
2077,0.19371124572148948,0.0,22,10000,[6873.885565690778],[167.58176393668163],[0.4258169398597689],-20,0.47225383165623097
2078,0.5583507374598793,0.0,22,10000,[6873.885565690778],[167.58176393668163],[0.4258169398597689],-20,0.47225383165623097
2079,-0.47043953388540305,0.0,22,10000,[6873.885565690778],[167.58176393668163],[0.4258169398597689],-20,0.47225383165623097
2080,-0.8539811287378447,0.0,22,10000,[6873.885565690778],[167.58176393668163],[0.4258169398597689],-20,0.47225383165623097
2081,-0.5516734178842018,0.0,22,10000,[6873.885565690778],[167.58176393668163],[0.4258169398597689],-20,0.47225383165623097
2082,0.2364539578875547,0.0,22,10000,[6873.885565690778],[167.58176393668163],[0.4258169398597689],-20,0.47225383165623097
2083,-1.5634340507177165,0.0,22,10000,[6873.885565690778],[167.58176393668163],[0.4258169398597689],-20,0.47225383165623097
2084,0.8896564773376597,0.0,22,10000,[6873.885565690778],[167.58176393668163],[0.4258169398597689],-20,0.47225383165623097
2085,1.3521912123391435,0.0,22,10000,[6873.885565690778],[167.58176393668163],[0.4258169398597689],-20,0.47225383165623097
2086,0.027766494790286467,0.0,22,10000,[6873.885565690778],[167.58176393668163],[0.4258169398597689],-20,0.47225383165623097
2087,0.025327447769152824,0.0,22,10000,[6873.885565690778],[167.58176393668163],[0.4258169398597689],-20,0.47225383165623097
2088,0.08811932666308986,0.0,22,10000,[6873.885565690778],[167.58176393668163],[0.4258169398597689],-20,0.47225383165623097
2089,0.009737736553336282,0.0,22,10000,[6873.885565690778],[167.58176393668163],[0.4258169398597689],-20,0.47225383165623097
2090,-0.12478540828706695,0.0,22,10000,[6873.885565690778],[167.58176393668163],[0.4258169398597689],-20,0.47225383165623097
2091,-0.5627061109356187,0.0,22,10000,[6873.885565690778],[167.58176393668163],[0.4258169398597689],-20,0.47225383165623097
2092,-0.28062475279188503,0.0,22,10000,[6873.885565690778],[167.58176393668163],[0.4258169398597689],-20,0.47225383165623097
2093,0.05213363539051994,0.0,22,10000,[6873.885565690778],[167.58176393668163],[0.4258169398597689],-20,0.47225383165623097
2094,-0.11133579545828659,0.0,22,10000,[6873.885565690778],[167.58176393668163],[0.4258169398597689],-20,0.47225383165623097
2095,-0.29665130617813273,0.0,22,10000,[6873.885565690778],[167.58176393668163],[0.4258169398597689],-20,0.47225383165623097
2096,0.05746258945037309,0.0,22,10000,[6873.885565690778],[167.58176393668163],[0.4258169398597689],-20,0.47225383165623097
2097,0.5326279913762381,0.0,22,10000,[6873.885565690778],[167.58176393668163],[0.4258169398597689],-20,0.47225383165623097
2098,-0.16732507870253327,0.0,22,10000,[6873.885565690778],[167.58176393668163],[0.4258169398597689],-20,0.47225383165623097
2099,0.16004857993578187,0.0,22,10000,[6873.885565690778],[167.58176393668163],[0.4258169398597689],-20,0.47225383165623097
2100,-0.7366702321891065,0.0,22,10000,[6873.885565690778],[167.58176393668163],[0.4258169398597689],-20,0.47225383165623097
2101,0.45969858847915773,0.0,22,10000,[6873.885565690778],[167.58176393668163],[0.4258169398597689],-20,0.47225383165623097
2102,-0.1818626563507024,0.0,22,10000,[6873.885565690778],[167.58176393668163],[0.4258169398597689],-20,0.47225383165623097
2103,0.2591957123297583,0.0,22,10000,[6873.885565690778],[167.58176393668163],[0.4258169398597689],-20,0.47225383165623097
2104,-0.7825086646512709,0.0,22,10000,[6873.885565690778],[167.58176393668163],[0.4258169398597689],-20,0.47225383165623097
2105,1.0621829872282416,0.0,22,10000,[6873.885565690778],[167.58176393668163],[0.4258169398597689],-20,0.47225383165623097
2106,0.051995755103748605,0.0,22,10000,[6873.885565690778],[167.58176393668163],[0.4258169398597689],-20,0.47225383165623097
2107,0.050003487900489904,0.0,22,10000,[6873.885565690778],[167.58176393668163],[0.4258169398597689],-20,0.47225383165623097
2108,-0.3550809955911483,0.0,22,10000,[6873.885565690778],[167.58176393668163],[0.4258169398597689],-20,0.47225383165623097
2109,0.34600544612373796,0.0,22,10000,[6873.885565690778],[167.58176393668163],[0.4258169398597689],-20,0.47225383165623097
2110,0.2698771644317334,0.0,22,10000,[6873.885565690778],[167.58176393668163],[0.4258169398597689],-20,0.47225383165623097
2111,0.4006744645558728,0.0,22,10000,[6873.885565690778],[167.58176393668163],[0.4258169398597689],-20,0.47225383165623097
2112,0.3529493874442447,0.0,22,10000,[6873.885565690778],[167.58176393668163],[0.4258169398597689],-20,0.47225383165623097
2113,-0.5283362854270968,0.0,22,10000,[6873.885565690778],[167.58176393668163],[0.4258169398597689],-20,0.47225383165623097
2114,0.33663341410325254,0.0,22,10000,[6873.885565690778],[167.58176393668163],[0.4258169398597689],-20,0.47225383165623097
2115,-0.5024426352480602,0.0,22,10000,[6873.885565690778],[167.58176393668163],[0.4258169398597689],-20,0.47225383165623097
2116,0.1769944781888757,0.0,22,10000,[6873.885565690778],[167.58176393668163],[0.4258169398597689],-20,0.47225383165623097
2117,0.9550678315888244,0.0,22,10000,[6873.885565690778],[167.58176393668163],[0.4258169398597689],-20,0.47225383165623097
2118,-0.386817561765347,0.0,22,10000,[6873.885565690778],[167.58176393668163],[0.4258169398597689],-20,0.47225383165623097
2119,-0.33189247969375296,0.0,22,10000,[6873.885565690778],[167.58176393668163],[0.4258169398597689],-20,0.47225383165623097
2120,-0.7815347111270693,0.0,22,10000,[6873.885565690778],[167.58176393668163],[0.4258169398597689],-20,0.47225383165623097
2121,-0.7038542085843309,0.0,22,10000,[6873.885565690778],[167.58176393668163],[0.4258169398597689],-20,0.47225383165623097
2122,0.20179299508454906,0.0,22,10000,[6873.885565690778],[167.58176393668163],[0.4258169398597689],-20,0.47225383165623097
2123,0.8307169180765143,0.0,22,10000,[6873.885565690778],[167.58176393668163],[0.4258169398597689],-20,0.47225383165623097
2124,0.018018611679543967,0.0,22,10000,[6873.885565690778],[167.58176393668163],[0.4258169398597689],-20,0.47225383165623097
2125,0.15331243939695982,0.0,22,10000,[6873.885565690778],[167.58176393668163],[0.4258169398597689],-20,0.47225383165623097
2126,-0.20734147737805136,0.0,22,10000,[6873.885565690778],[167.58176393668163],[0.4258169398597689],-20,0.47225383165623097
2127,0.06180067771123509,0.0,22,10000,[6873.885565690778],[167.58176393668163],[0.4258169398597689],-20,0.47225383165623097
2128,-0.35205063021803157,0.0,22,10000,[6873.885565690778],[167.58176393668163],[0.4258169398597689],-20,0.47225383165623097
2129,0.4855465542875707,0.0,22,10000,[6873.885565690778],[167.58176393668163],[0.4258169398597689],-20,0.47225383165623097
2130,-0.16352519294928,0.0,22,10000,[6873.885565690778],[167.58176393668163],[0.4258169398597689],-20,0.47225383165623097
2131,-0.37691294171699125,0.0,22,10000,[6873.885565690778],[167.58176393668163],[0.4258169398597689],-20,0.47225383165623097
2132,0.006163960270886154,0.0,22,10000,[6873.885565690778],[167.58176393668163],[0.4258169398597689],-20,0.47225383165623097
2133,-0.09759854219910598,0.0,22,10000,[6873.885565690778],[167.58176393668163],[0.4258169398597689],-20,0.47225383165623097
2134,-0.4848183397603637,0.0,22,10000,[6873.885565690778],[167.58176393668163],[0.4258169398597689],-20,0.47225383165623097
2135,0.27755123043542923,0.0,22,10000,[6873.885565690778],[167.58176393668163],[0.4258169398597689],-20,0.47225383165623097
2136,-0.7161340174141583,0.0,22,10000,[6873.885565690778],[167.58176393668163],[0.4258169398597689],-20,0.47225383165623097
2137,0.4978337034278186,0.0,22,10000,[6873.885565690778],[167.58176393668163],[0.4258169398597689],-20,0.47225383165623097
2138,-0.3141555033687612,0.0,22,10000,[6873.885565690778],[167.58176393668163],[0.4258169398597689],-20,0.47225383165623097
2139,0.0266342459774024,0.0,22,10000,[6873.885565690778],[167.58176393668163],[0.4258169398597689],-20,0.47225383165623097
2140,-0.18482004303419158,0.0,22,10000,[6873.885565690778],[167.58176393668163],[0.4258169398597689],-20,0.47225383165623097
2141,-1.0293106568177164,0.0,22,10000,[6873.885565690778],[167.58176393668163],[0.4258169398597689],-20,0.47225383165623097
2142,0.051564086594358134,0.0,22,10000,[6873.885565690778],[167.58176393668163],[0.4258169398597689],-20,0.47225383165623097
2143,-0.08610810360546765,0.0,22,10000,[6873.885565690778],[167.58176393668163],[0.4258169398597689],-20,0.47225383165623097
2144,0.4495819886081377,0.0,22,10000,[6873.885565690778],[167.58176393668163],[0.4258169398597689],-20,0.47225383165623097
2145,-0.37791948393620084,0.0,22,10000,[6873.885565690778],[167.58176393668163],[0.4258169398597689],-20,0.47225383165623097
2146,-0.5904649741869772,0.0,22,10000,[6873.885565690778],[167.58176393668163],[0.4258169398597689],-20,0.47225383165623097
2147,0.5176589315739368,0.0,22,10000,[6873.885565690778],[167.58176393668163],[0.4258169398597689],-20,0.47225383165623097
2148,0.37200556278940083,0.0,22,10000,[6873.885565690778],[167.58176393668163],[0.4258169398597689],-20,0.47225383165623097
2149,-0.2782713991083519,0.0,22,10000,[6873.885565690778],[167.58176393668163],[0.4258169398597689],-20,0.47225383165623097
2150,0.1134359333050509,0.0,22,10000,[6873.885565690778],[167.58176393668163],[0.4258169398597689],-20,0.47225383165623097
2151,1.017232911240481,0.0,22,10000,[6873.885565690778],[167.58176393668163],[0.4258169398597689],-20,0.47225383165623097
2152,0.20172918145975213,0.0,22,10000,[6873.885565690778],[167.58176393668163],[0.4258169398597689],-20,0.47225383165623097
2153,-0.6215518137276651,0.0,22,10000,[6873.885565690778],[167.58176393668163],[0.4258169398597689],-20,0.47225383165623097
2154,0.18376745956411664,0.0,22,10000,[6873.885565690778],[167.58176393668163],[0.4258169398597689],-20,0.47225383165623097
2155,0.05821758565017069,0.0,22,10000,[6873.885565690778],[167.58176393668163],[0.4258169398597689],-20,0.47225383165623097
2156,-0.582311357180272,0.0,22,10000,[6873.885565690778],[167.58176393668163],[0.4258169398597689],-20,0.47225383165623097
2157,-0.23917940559751688,0.0,22,10000,[6873.885565690778],[167.58176393668163],[0.4258169398597689],-20,0.47225383165623097
2158,-0.04278935156756275,0.0,22,10000,[6873.885565690778],[167.58176393668163],[0.4258169398597689],-20,0.47225383165623097
2159,-0.2685728705465265,0.0,22,10000,[6873.885565690778],[167.58176393668163],[0.4258169398597689],-20,0.47225383165623097
2160,-0.3068844912646194,0.0,22,10000,[6873.885565690778],[167.58176393668163],[0.4258169398597689],-20,0.47225383165623097
2161,0.09465367668939483,0.0,22,10000,[6873.885565690778],[167.58176393668163],[0.4258169398597689],-20,0.47225383165623097
2162,-0.24264225090858785,0.0,22,10000,[6873.885565690778],[167.58176393668163],[0.4258169398597689],-20,0.47225383165623097
2163,0.6632325515236084,0.0,22,10000,[6873.885565690778],[167.58176393668163],[0.4258169398597689],-20,0.47225383165623097
2164,-0.35421120278406304,0.0,22,10000,[6873.885565690778],[167.58176393668163],[0.4258169398597689],-20,0.47225383165623097
2165,0.03642040986285959,0.0,22,10000,[6873.885565690778],[167.58176393668163],[0.4258169398597689],-20,0.47225383165623097
2166,0.12958394920437563,0.0,22,10000,[6873.885565690778],[167.58176393668163],[0.4258169398597689],-20,0.47225383165623097
2167,0.3219957154118273,0.0,22,10000,[6873.885565690778],[167.58176393668163],[0.4258169398597689],-20,0.47225383165623097
2168,-0.849358364130926,0.0,22,10000,[6873.885565690778],[167.58176393668163],[0.4258169398597689],-20,0.47225383165623097
2169,-0.3104347782846364,0.0,22,10000,[6873.885565690778],[167.58176393668163],[0.4258169398597689],-20,0.47225383165623097
2170,0.06885472144127282,0.0,22,10000,[6873.885565690778],[167.58176393668163],[0.4258169398597689],-20,0.47225383165623097
2171,-0.6490088226736411,0.0,22,10000,[6873.885565690778],[167.58176393668163],[0.4258169398597689],-20,0.47225383165623097
2172,0.14084530575708396,0.0,22,10000,[6873.885565690778],[167.58176393668163],[0.4258169398597689],-20,0.47225383165623097
2173,-0.7561249438956706,0.0,22,10000,[6873.885565690778],[167.58176393668163],[0.4258169398597689],-20,0.47225383165623097
2174,-0.49615317400003267,0.0,22,10000,[6873.885565690778],[167.58176393668163],[0.4258169398597689],-20,0.47225383165623097
2175,-0.8411179719977724,0.0,22,10000,[6873.885565690778],[167.58176393668163],[0.4258169398597689],-20,0.47225383165623097
2176,-0.1726424115817609,0.0,22,10000,[6873.885565690778],[167.58176393668163],[0.4258169398597689],-20,0.47225383165623097
2177,0.11186610790560395,0.0,22,10000,[6873.885565690778],[167.58176393668163],[0.4258169398597689],-20,0.47225383165623097
2178,0.9752336252497129,0.0,22,10000,[6873.885565690778],[167.58176393668163],[0.4258169398597689],-20,0.47225383165623097
2179,-0.48884277794898867,0.0,22,10000,[6873.885565690778],[167.58176393668163],[0.4258169398597689],-20,0.47225383165623097
2180,0.334021337510662,0.0,22,10000,[6873.885565690778],[167.58176393668163],[0.4258169398597689],-20,0.47225383165623097
2181,0.14768023599132618,0.0,22,10000,[6873.885565690778],[167.58176393668163],[0.4258169398597689],-20,0.47225383165623097
2182,0.023099139302341348,0.0,22,10000,[6873.885565690778],[167.58176393668163],[0.4258169398597689],-20,0.47225383165623097
2183,-1.1067336615931544,0.0,22,10000,[6873.885565690778],[167.58176393668163],[0.4258169398597689],-20,0.47225383165623097
2184,-0.1654888692663325,0.0,22,10000,[6873.885565690778],[167.58176393668163],[0.4258169398597689],-20,0.47225383165623097
2185,-0.3237289838819973,0.0,22,10000,[6873.885565690778],[167.58176393668163],[0.4258169398597689],-20,0.47225383165623097
2186,-0.2240487710237533,0.0,22,10000,[6873.885565690778],[167.58176393668163],[0.4258169398597689],-20,0.47225383165623097
2187,0.4377727294302688,0.0,22,10000,[6873.885565690778],[167.58176393668163],[0.4258169398597689],-20,0.47225383165623097
2188,-0.7157950847484625,0.0,22,10000,[6873.885565690778],[167.58176393668163],[0.4258169398597689],-20,0.47225383165623097
2189,-0.48480014634427016,0.0,22,10000,[6873.885565690778],[167.58176393668163],[0.4258169398597689],-20,0.47225383165623097
2190,-1.154602390903926,0.0,22,10000,[6873.885565690778],[167.58176393668163],[0.4258169398597689],-20,0.47225383165623097
2191,-0.0979650021076898,0.0,22,10000,[6873.885565690778],[167.58176393668163],[0.4258169398597689],-20,0.47225383165623097
2192,0.3425505287085341,0.0,22,10000,[6873.885565690778],[167.58176393668163],[0.4258169398597689],-20,0.47225383165623097
2193,0.15712244187701807,0.0,22,10000,[6873.885565690778],[167.58176393668163],[0.4258169398597689],-20,0.47225383165623097
2194,0.11531585861199499,0.0,22,10000,[6873.885565690778],[167.58176393668163],[0.4258169398597689],-20,0.47225383165623097
2195,-0.00503005346037574,0.0,22,10000,[6873.885565690778],[167.58176393668163],[0.4258169398597689],-20,0.47225383165623097
2196,-0.18332742435381116,0.0,22,10000,[6873.885565690778],[167.58176393668163],[0.4258169398597689],-20,0.47225383165623097
2197,0.11285932929533958,0.0,22,10000,[6873.885565690778],[167.58176393668163],[0.4258169398597689],-20,0.47225383165623097
2198,-0.3663239692980133,0.0,22,10000,[6873.885565690778],[167.58176393668163],[0.4258169398597689],-20,0.47225383165623097
2199,0.31565050195504585,0.0,22,10000,[6873.885565690778],[167.58176393668163],[0.4258169398597689],-20,0.47225383165623097
2200,0.1703277148651192,0.0,22,10000,[6873.885565690778],[167.58176393668163],[0.4258169398597689],-20,0.47225383165623097
2201,0.40967375483160423,0.0,22,10000,[6873.885565690778],[167.58176393668163],[0.4258169398597689],-20,0.47225383165623097
2202,0.5173293084735112,0.0,22,10000,[6873.885565690778],[167.58176393668163],[0.4258169398597689],-20,0.47225383165623097
2203,-0.31484226031748824,0.0,22,10000,[6873.885565690778],[167.58176393668163],[0.4258169398597689],-20,0.47225383165623097
2204,0.11754904580645247,0.0,22,10000,[6873.885565690778],[167.58176393668163],[0.4258169398597689],-20,0.47225383165623097
2205,-0.8576373938421541,0.0,22,10000,[6873.885565690778],[167.58176393668163],[0.4258169398597689],-20,0.47225383165623097
2206,0.5661080326371833,0.0,22,10000,[6873.885565690778],[167.58176393668163],[0.4258169398597689],-20,0.47225383165623097
2207,0.8234568555841345,0.0,22,10000,[6873.885565690778],[167.58176393668163],[0.4258169398597689],-20,0.47225383165623097
2208,0.3115076193553124,0.0,22,10000,[6873.885565690778],[167.58176393668163],[0.4258169398597689],-20,0.47225383165623097
2209,0.5038885978201181,0.0,22,10000,[6873.885565690778],[167.58176393668163],[0.4258169398597689],-20,0.47225383165623097
2210,0.186969364544544,0.0,22,10000,[6873.885565690778],[167.58176393668163],[0.4258169398597689],-20,0.47225383165623097
2211,0.49616359470235705,0.0,22,10000,[6873.885565690778],[167.58176393668163],[0.4258169398597689],-20,0.47225383165623097
2212,0.5436804594312341,0.0,22,10000,[6873.885565690778],[167.58176393668163],[0.4258169398597689],-20,0.47225383165623097
2213,-0.40806518324721536,0.0,22,10000,[6873.885565690778],[167.58176393668163],[0.4258169398597689],-20,0.47225383165623097
2214,-0.145846382559907,0.0,22,10000,[6873.885565690778],[167.58176393668163],[0.4258169398597689],-20,0.47225383165623097
2215,0.6311292088587341,0.0,22,10000,[6873.885565690778],[167.58176393668163],[0.4258169398597689],-20,0.47225383165623097
2216,0.6437028958019613,0.0,22,10000,[6873.885565690778],[167.58176393668163],[0.4258169398597689],-20,0.47225383165623097
2217,0.18076557597363088,0.0,22,10000,[6873.885565690778],[167.58176393668163],[0.4258169398597689],-20,0.47225383165623097
2218,-0.6630071923927555,0.0,22,10000,[6873.885565690778],[167.58176393668163],[0.4258169398597689],-20,0.47225383165623097
2219,-0.7665846839917272,0.0,22,10000,[6873.885565690778],[167.58176393668163],[0.4258169398597689],-20,0.47225383165623097
2220,0.1508411301822762,0.0,22,10000,[6873.885565690778],[167.58176393668163],[0.4258169398597689],-20,0.47225383165623097
2221,0.9389308479212954,0.0,22,10000,[6873.885565690778],[167.58176393668163],[0.4258169398597689],-20,0.47225383165623097
2222,-0.2247943086069041,0.0,22,10000,[6873.885565690778],[167.58176393668163],[0.4258169398597689],-20,0.47225383165623097
2223,-1.210946698000456,0.0,22,10000,[6873.885565690778],[167.58176393668163],[0.4258169398597689],-20,0.47225383165623097
2224,0.25698350218026994,0.0,22,10000,[6873.885565690778],[167.58176393668163],[0.4258169398597689],-20,0.47225383165623097
2225,-0.6493424686670884,0.0,22,10000,[6873.885565690778],[167.58176393668163],[0.4258169398597689],-20,0.47225383165623097
2226,-0.4915862124647377,0.0,22,10000,[6873.885565690778],[167.58176393668163],[0.4258169398597689],-20,0.47225383165623097
2227,-0.27320292816934766,0.0,22,10000,[6873.885565690778],[167.58176393668163],[0.4258169398597689],-20,0.47225383165623097
2228,0.7552223402756028,0.0,22,10000,[6873.885565690778],[167.58176393668163],[0.4258169398597689],-20,0.47225383165623097
2229,-0.057292734052775005,0.0,22,10000,[6873.885565690778],[167.58176393668163],[0.4258169398597689],-20,0.47225383165623097
2230,1.3113433461858155,0.0,22,10000,[6873.885565690778],[167.58176393668163],[0.4258169398597689],-20,0.47225383165623097
2231,-0.1998567090983456,0.0,22,10000,[6873.885565690778],[167.58176393668163],[0.4258169398597689],-20,0.47225383165623097
2232,-0.2773701225223995,0.0,22,10000,[6873.885565690778],[167.58176393668163],[0.4258169398597689],-20,0.47225383165623097
2233,0.3040982408814326,0.0,22,10000,[6873.885565690778],[167.58176393668163],[0.4258169398597689],-20,0.47225383165623097
2234,0.6597923937459415,0.0,22,10000,[6873.885565690778],[167.58176393668163],[0.4258169398597689],-20,0.47225383165623097
2235,-0.6921270764155909,0.0,22,10000,[6873.885565690778],[167.58176393668163],[0.4258169398597689],-20,0.47225383165623097
2236,-0.033954946889512526,0.0,22,10000,[6873.885565690778],[167.58176393668163],[0.4258169398597689],-20,0.47225383165623097
2237,-0.11131301262352657,0.0,22,10000,[6873.885565690778],[167.58176393668163],[0.4258169398597689],-20,0.47225383165623097
2238,0.7171099189553846,0.0,22,10000,[6873.885565690778],[167.58176393668163],[0.4258169398597689],-20,0.47225383165623097
2239,-0.3805218121676843,0.0,22,10000,[6873.885565690778],[167.58176393668163],[0.4258169398597689],-20,0.47225383165623097
2240,-0.7363797959329103,0.0,22,10000,[6873.885565690778],[167.58176393668163],[0.4258169398597689],-20,0.47225383165623097
2241,0.4843120372391087,0.0,22,10000,[6873.885565690778],[167.58176393668163],[0.4258169398597689],-20,0.47225383165623097
2242,0.16273531398937394,0.0,22,10000,[6873.885565690778],[167.58176393668163],[0.4258169398597689],-20,0.47225383165623097
2243,-0.056781882152938154,0.0,22,10000,[6873.885565690778],[167.58176393668163],[0.4258169398597689],-20,0.47225383165623097
2244,-1.0305280942061317,0.0,22,10000,[6873.885565690778],[167.58176393668163],[0.4258169398597689],-20,0.47225383165623097
2245,0.522667363740575,0.0,22,10000,[6873.885565690778],[167.58176393668163],[0.4258169398597689],-20,0.47225383165623097
2246,-0.5148086655531611,0.0,22,10000,[6873.885565690778],[167.58176393668163],[0.4258169398597689],-20,0.47225383165623097
2247,-0.01780407759824659,0.0,22,10000,[6873.885565690778],[167.58176393668163],[0.4258169398597689],-20,0.47225383165623097
2248,0.48702384989992153,0.0,22,10000,[6873.885565690778],[167.58176393668163],[0.4258169398597689],-20,0.47225383165623097
2249,0.09514827252745527,0.0,22,10000,[6873.885565690778],[167.58176393668163],[0.4258169398597689],-20,0.47225383165623097
2250,0.016265501078421556,0.0,22,10000,[6873.885565690778],[167.58176393668163],[0.4258169398597689],-20,0.47225383165623097
2251,0.18603065861788223,0.0,22,10000,[6873.885565690778],[167.58176393668163],[0.4258169398597689],-20,0.47225383165623097
2252,0.47861972029806193,0.0,22,10000,[6873.885565690778],[167.58176393668163],[0.4258169398597689],-20,0.47225383165623097
2253,-0.5289387254046761,0.0,22,10000,[6873.885565690778],[167.58176393668163],[0.4258169398597689],-20,0.47225383165623097
2254,-0.31047445930753337,0.0,22,10000,[6873.885565690778],[167.58176393668163],[0.4258169398597689],-20,0.47225383165623097
2255,0.7683949890258532,0.0,22,10000,[6873.885565690778],[167.58176393668163],[0.4258169398597689],-20,0.47225383165623097
2256,0.38356820510938905,0.0,22,10000,[6873.885565690778],[167.58176393668163],[0.4258169398597689],-20,0.47225383165623097
2257,0.23592375497226825,0.0,22,10000,[6873.885565690778],[167.58176393668163],[0.4258169398597689],-20,0.47225383165623097
2258,-0.00507751128156825,0.0,22,10000,[6873.885565690778],[167.58176393668163],[0.4258169398597689],-20,0.47225383165623097
2259,-0.5503064854157653,0.0,22,10000,[6873.885565690778],[167.58176393668163],[0.4258169398597689],-20,0.47225383165623097
2260,0.6023768562409718,0.0,22,10000,[6873.885565690778],[167.58176393668163],[0.4258169398597689],-20,0.47225383165623097
2261,-0.15143771237706247,0.0,22,10000,[6873.885565690778],[167.58176393668163],[0.4258169398597689],-20,0.47225383165623097
2262,0.96974682683974,0.0,22,10000,[6873.885565690778],[167.58176393668163],[0.4258169398597689],-20,0.47225383165623097
2263,-0.2723013970371336,0.0,22,10000,[6873.885565690778],[167.58176393668163],[0.4258169398597689],-20,0.47225383165623097
2264,0.5303887512063581,0.0,22,10000,[6873.885565690778],[167.58176393668163],[0.4258169398597689],-20,0.47225383165623097
2265,-0.5420897943781068,0.0,22,10000,[6873.885565690778],[167.58176393668163],[0.4258169398597689],-20,0.47225383165623097
2266,0.253981753960459,0.0,22,10000,[6873.885565690778],[167.58176393668163],[0.4258169398597689],-20,0.47225383165623097
2267,-0.536196103255881,0.0,22,10000,[6873.885565690778],[167.58176393668163],[0.4258169398597689],-20,0.47225383165623097
2268,-0.25124307099143967,0.0,22,10000,[6873.885565690778],[167.58176393668163],[0.4258169398597689],-20,0.47225383165623097
2269,0.8269879754532572,0.0,22,10000,[6873.885565690778],[167.58176393668163],[0.4258169398597689],-20,0.47225383165623097
2270,0.3468098656297469,0.0,22,10000,[6873.885565690778],[167.58176393668163],[0.4258169398597689],-20,0.47225383165623097
2271,-0.3099100783380646,0.0,22,10000,[6873.885565690778],[167.58176393668163],[0.4258169398597689],-20,0.47225383165623097
2272,0.3934232338108347,0.0,22,10000,[6873.885565690778],[167.58176393668163],[0.4258169398597689],-20,0.47225383165623097
2273,-0.053882824817722025,0.0,22,10000,[6873.885565690778],[167.58176393668163],[0.4258169398597689],-20,0.47225383165623097
2274,-0.5104199318508962,0.0,22,10000,[6873.885565690778],[167.58176393668163],[0.4258169398597689],-20,0.47225383165623097
2275,0.106051056673101,0.0,22,10000,[6873.885565690778],[167.58176393668163],[0.4258169398597689],-20,0.47225383165623097
2276,-0.3992349522662358,0.0,22,10000,[6873.885565690778],[167.58176393668163],[0.4258169398597689],-20,0.47225383165623097
2277,-0.529227664785196,0.0,22,10000,[6873.885565690778],[167.58176393668163],[0.4258169398597689],-20,0.47225383165623097
2278,-0.696187327685912,0.0,22,10000,[6873.885565690778],[167.58176393668163],[0.4258169398597689],-20,0.47225383165623097
2279,-0.23481602983406238,0.0,22,10000,[6873.885565690778],[167.58176393668163],[0.4258169398597689],-20,0.47225383165623097
2280,-1.1750495931815124,0.0,22,10000,[6873.885565690778],[167.58176393668163],[0.4258169398597689],-20,0.47225383165623097
2281,0.712559152615978,0.0,22,10000,[6873.885565690778],[167.58176393668163],[0.4258169398597689],-20,0.47225383165623097
2282,-0.5060771686730123,0.0,22,10000,[6873.885565690778],[167.58176393668163],[0.4258169398597689],-20,0.47225383165623097
2283,-0.9898721271662121,0.0,22,10000,[6873.885565690778],[167.58176393668163],[0.4258169398597689],-20,0.47225383165623097
2284,-0.6055114368969257,0.0,22,10000,[6873.885565690778],[167.58176393668163],[0.4258169398597689],-20,0.47225383165623097
2285,0.1764907349714154,0.0,22,10000,[6873.885565690778],[167.58176393668163],[0.4258169398597689],-20,0.47225383165623097
2286,0.8759687837680165,0.0,22,10000,[6873.885565690778],[167.58176393668163],[0.4258169398597689],-20,0.47225383165623097
2287,-0.10476197226553907,0.0,22,10000,[6873.885565690778],[167.58176393668163],[0.4258169398597689],-20,0.47225383165623097
2288,0.3025178921354093,0.0,22,10000,[6873.885565690778],[167.58176393668163],[0.4258169398597689],-20,0.47225383165623097
2289,0.10774803848696915,0.0,22,10000,[6873.885565690778],[167.58176393668163],[0.4258169398597689],-20,0.47225383165623097
2290,1.1505841395959124,0.0,22,10000,[6873.885565690778],[167.58176393668163],[0.4258169398597689],-20,0.47225383165623097
2291,-0.08003450076781929,0.0,22,10000,[6873.885565690778],[167.58176393668163],[0.4258169398597689],-20,0.47225383165623097
2292,0.5084219877514953,0.0,22,10000,[6873.885565690778],[167.58176393668163],[0.4258169398597689],-20,0.47225383165623097
2293,-0.07880278316108676,0.0,22,10000,[6873.885565690778],[167.58176393668163],[0.4258169398597689],-20,0.47225383165623097
2294,-0.2780024672818599,0.0,22,10000,[6873.885565690778],[167.58176393668163],[0.4258169398597689],-20,0.47225383165623097
2295,0.2723325642307417,0.0,22,10000,[6873.885565690778],[167.58176393668163],[0.4258169398597689],-20,0.47225383165623097
2296,0.31346938138460295,0.0,22,10000,[6873.885565690778],[167.58176393668163],[0.4258169398597689],-20,0.47225383165623097
2297,0.3287731092997764,0.0,22,10000,[6873.885565690778],[167.58176393668163],[0.4258169398597689],-20,0.47225383165623097
2298,-0.12768302787675276,0.0,22,10000,[6873.885565690778],[167.58176393668163],[0.4258169398597689],-20,0.47225383165623097
2299,-0.6307337149820301,0.0,22,10000,[6873.885565690778],[167.58176393668163],[0.4258169398597689],-20,0.47225383165623097
2300,-0.2828775860651605,0.0,22,10000,[6873.885565690778],[167.58176393668163],[0.4258169398597689],-20,0.47225383165623097
2301,-0.508556308005871,0.0,22,10000,[6873.885565690778],[167.58176393668163],[0.4258169398597689],-20,0.47225383165623097
2302,-0.5537527345357562,0.0,22,10000,[6873.885565690778],[167.58176393668163],[0.4258169398597689],-20,0.47225383165623097
2303,-0.5092295341460232,0.0,22,10000,[6873.885565690778],[167.58176393668163],[0.4258169398597689],-20,0.47225383165623097
2304,0.8394838467701109,0.0,22,10000,[6873.885565690778],[167.58176393668163],[0.4258169398597689],-20,0.47225383165623097
2305,0.9157553636913425,0.0,22,10000,[6873.885565690778],[167.58176393668163],[0.4258169398597689],-20,0.47225383165623097
2306,0.3533070770699058,0.0,22,10000,[6873.885565690778],[167.58176393668163],[0.4258169398597689],-20,0.47225383165623097
2307,0.711854670449033,0.0,22,10000,[6873.885565690778],[167.58176393668163],[0.4258169398597689],-20,0.47225383165623097
2308,0.12051292974793071,0.0,22,10000,[6873.885565690778],[167.58176393668163],[0.4258169398597689],-20,0.47225383165623097
2309,-1.0055586353007797,0.0,22,10000,[6873.885565690778],[167.58176393668163],[0.4258169398597689],-20,0.47225383165623097
2310,0.31733615843172525,0.0,22,10000,[6873.885565690778],[167.58176393668163],[0.4258169398597689],-20,0.47225383165623097
2311,-0.339042012029868,0.0,22,10000,[6873.885565690778],[167.58176393668163],[0.4258169398597689],-20,0.47225383165623097
2312,-0.6899610815714435,0.0,22,10000,[6873.885565690778],[167.58176393668163],[0.4258169398597689],-20,0.47225383165623097
2313,-0.6698905765565052,0.0,22,10000,[6873.885565690778],[167.58176393668163],[0.4258169398597689],-20,0.47225383165623097
2314,0.6317495764791626,0.0,22,10000,[6873.885565690778],[167.58176393668163],[0.4258169398597689],-20,0.47225383165623097
2315,0.07691657559703978,0.0,22,10000,[6873.885565690778],[167.58176393668163],[0.4258169398597689],-20,0.47225383165623097
2316,-0.2882171899721525,0.0,22,10000,[6873.885565690778],[167.58176393668163],[0.4258169398597689],-20,0.47225383165623097
2317,0.07095240628102152,0.0,22,10000,[6873.885565690778],[167.58176393668163],[0.4258169398597689],-20,0.47225383165623097
2318,0.35677892800298433,0.0,22,10000,[6873.885565690778],[167.58176393668163],[0.4258169398597689],-20,0.47225383165623097
2319,0.3414431737890305,0.0,22,10000,[6873.885565690778],[167.58176393668163],[0.4258169398597689],-20,0.47225383165623097
2320,-0.5925228008203326,0.0,22,10000,[6873.885565690778],[167.58176393668163],[0.4258169398597689],-20,0.47225383165623097
2321,0.28158073333772154,0.0,22,10000,[6873.885565690778],[167.58176393668163],[0.4258169398597689],-20,0.47225383165623097
2322,-0.7165294927953406,0.0,22,10000,[6873.885565690778],[167.58176393668163],[0.4258169398597689],-20,0.47225383165623097
2323,0.15667463722324199,0.0,22,10000,[6873.885565690778],[167.58176393668163],[0.4258169398597689],-20,0.47225383165623097
2324,-0.1593371267598316,0.0,22,10000,[6873.885565690778],[167.58176393668163],[0.4258169398597689],-20,0.47225383165623097
2325,-0.36630825787858906,0.0,22,10000,[6873.885565690778],[167.58176393668163],[0.4258169398597689],-20,0.47225383165623097
2326,0.6258628831469606,0.0,22,10000,[6873.885565690778],[167.58176393668163],[0.4258169398597689],-20,0.47225383165623097
2327,0.09864676943168806,0.0,22,10000,[6873.885565690778],[167.58176393668163],[0.4258169398597689],-20,0.47225383165623097
2328,-0.4598783836811085,0.0,22,10000,[6873.885565690778],[167.58176393668163],[0.4258169398597689],-20,0.47225383165623097
2329,0.7285204811544389,0.0,22,10000,[6873.885565690778],[167.58176393668163],[0.4258169398597689],-20,0.47225383165623097
2330,-0.11895133672702717,0.0,22,10000,[6873.885565690778],[167.58176393668163],[0.4258169398597689],-20,0.47225383165623097
2331,-0.3870412598308726,0.0,22,10000,[6873.885565690778],[167.58176393668163],[0.4258169398597689],-20,0.47225383165623097
2332,0.4350224948663966,0.0,22,10000,[6873.885565690778],[167.58176393668163],[0.4258169398597689],-20,0.47225383165623097
2333,-0.3193058829940375,0.0,22,10000,[6873.885565690778],[167.58176393668163],[0.4258169398597689],-20,0.47225383165623097
2334,0.417878181348042,0.0,22,10000,[6873.885565690778],[167.58176393668163],[0.4258169398597689],-20,0.47225383165623097
2335,-0.43589545819392617,0.0,22,10000,[6873.885565690778],[167.58176393668163],[0.4258169398597689],-20,0.47225383165623097
2336,-0.369782358027738,0.0,22,10000,[6873.885565690778],[167.58176393668163],[0.4258169398597689],-20,0.47225383165623097
2337,-0.3626769646970343,0.0,22,10000,[6873.885565690778],[167.58176393668163],[0.4258169398597689],-20,0.47225383165623097
2338,0.04968448663421803,0.0,22,10000,[6873.885565690778],[167.58176393668163],[0.4258169398597689],-20,0.47225383165623097
2339,-0.39888023271702977,0.0,22,10000,[6873.885565690778],[167.58176393668163],[0.4258169398597689],-20,0.47225383165623097
2340,-0.2290000390228723,0.0,22,10000,[6873.885565690778],[167.58176393668163],[0.4258169398597689],-20,0.47225383165623097
2341,-0.5563604641987399,0.0,22,10000,[6873.885565690778],[167.58176393668163],[0.4258169398597689],-20,0.47225383165623097
2342,-0.21310876785076202,0.0,22,10000,[6873.885565690778],[167.58176393668163],[0.4258169398597689],-20,0.47225383165623097
2343,-0.15384429378933145,0.0,22,10000,[6873.885565690778],[167.58176393668163],[0.4258169398597689],-20,0.47225383165623097
2344,0.5335009155894814,0.0,22,10000,[6873.885565690778],[167.58176393668163],[0.4258169398597689],-20,0.47225383165623097
2345,-0.38475778465403737,0.0,22,10000,[6873.885565690778],[167.58176393668163],[0.4258169398597689],-20,0.47225383165623097
2346,-0.04572167323930231,0.0,22,10000,[6873.885565690778],[167.58176393668163],[0.4258169398597689],-20,0.47225383165623097
2347,0.7073038601132479,0.0,22,10000,[6873.885565690778],[167.58176393668163],[0.4258169398597689],-20,0.47225383165623097
2348,0.514530402769176,0.0,22,10000,[6873.885565690778],[167.58176393668163],[0.4258169398597689],-20,0.47225383165623097
2349,-0.5330770616624724,0.0,22,10000,[6873.885565690778],[167.58176393668163],[0.4258169398597689],-20,0.47225383165623097
2350,1.0929758873874686,0.0,22,10000,[6873.885565690778],[167.58176393668163],[0.4258169398597689],-20,0.47225383165623097
2351,-0.48961858977824446,0.0,22,10000,[6873.885565690778],[167.58176393668163],[0.4258169398597689],-20,0.47225383165623097
2352,-0.6284122712239281,0.0,22,10000,[6873.885565690778],[167.58176393668163],[0.4258169398597689],-20,0.47225383165623097
2353,0.7432501207451543,0.0,22,10000,[6873.885565690778],[167.58176393668163],[0.4258169398597689],-20,0.47225383165623097
2354,0.035923822175697104,0.0,22,10000,[6873.885565690778],[167.58176393668163],[0.4258169398597689],-20,0.47225383165623097
2355,-0.6482909413009326,0.0,22,10000,[6873.885565690778],[167.58176393668163],[0.4258169398597689],-20,0.47225383165623097
2356,-0.27772328795120094,0.0,22,10000,[6873.885565690778],[167.58176393668163],[0.4258169398597689],-20,0.47225383165623097
2357,0.842824038004404,0.0,22,10000,[6873.885565690778],[167.58176393668163],[0.4258169398597689],-20,0.47225383165623097
2358,0.15327478842738865,0.0,22,10000,[6873.885565690778],[167.58176393668163],[0.4258169398597689],-20,0.47225383165623097
2359,0.5152821211798583,0.0,22,10000,[6873.885565690778],[167.58176393668163],[0.4258169398597689],-20,0.47225383165623097
2360,0.38551803323123496,0.0,22,10000,[6873.885565690778],[167.58176393668163],[0.4258169398597689],-20,0.47225383165623097
2361,-0.5842038778484406,0.0,22,10000,[6873.885565690778],[167.58176393668163],[0.4258169398597689],-20,0.47225383165623097
2362,0.5193325803703033,0.0,22,10000,[6873.885565690778],[167.58176393668163],[0.4258169398597689],-20,0.47225383165623097
2363,-0.38168746286889343,0.0,22,10000,[6873.885565690778],[167.58176393668163],[0.4258169398597689],-20,0.47225383165623097
2364,-0.49069235950213197,0.0,22,10000,[6873.885565690778],[167.58176393668163],[0.4258169398597689],-20,0.47225383165623097
2365,0.2541136258337454,0.0,22,10000,[6873.885565690778],[167.58176393668163],[0.4258169398597689],-20,0.47225383165623097
2366,-0.022562848232873575,0.0,22,10000,[6873.885565690778],[167.58176393668163],[0.4258169398597689],-20,0.47225383165623097
2367,-0.14595480660934404,0.0,22,10000,[6873.885565690778],[167.58176393668163],[0.4258169398597689],-20,0.47225383165623097
2368,0.6068325246602373,0.0,22,10000,[6873.885565690778],[167.58176393668163],[0.4258169398597689],-20,0.47225383165623097
2369,-0.49789201087624285,0.0,22,10000,[6873.885565690778],[167.58176393668163],[0.4258169398597689],-20,0.47225383165623097
2370,0.1602245719352103,0.0,22,10000,[6873.885565690778],[167.58176393668163],[0.4258169398597689],-20,0.47225383165623097
2371,-0.43724994196825934,0.0,22,10000,[6873.885565690778],[167.58176393668163],[0.4258169398597689],-20,0.47225383165623097
2372,0.524235972163222,0.0,22,10000,[6873.885565690778],[167.58176393668163],[0.4258169398597689],-20,0.47225383165623097
2373,0.4889801729351723,0.0,22,10000,[6873.885565690778],[167.58176393668163],[0.4258169398597689],-20,0.47225383165623097
2374,0.752671289904955,0.0,22,10000,[6873.885565690778],[167.58176393668163],[0.4258169398597689],-20,0.47225383165623097
2375,-0.2895702143480396,0.0,22,10000,[6873.885565690778],[167.58176393668163],[0.4258169398597689],-20,0.47225383165623097
2376,-0.6479009429050946,0.0,22,10000,[6873.885565690778],[167.58176393668163],[0.4258169398597689],-20,0.47225383165623097
2377,0.07296212801696796,0.0,22,10000,[6873.885565690778],[167.58176393668163],[0.4258169398597689],-20,0.47225383165623097
2378,-0.5197435439184682,0.0,22,10000,[6873.885565690778],[167.58176393668163],[0.4258169398597689],-20,0.47225383165623097
2379,-0.2593551720526124,0.0,22,10000,[6873.885565690778],[167.58176393668163],[0.4258169398597689],-20,0.47225383165623097
2380,0.3104472059776312,0.0,22,10000,[6873.885565690778],[167.58176393668163],[0.4258169398597689],-20,0.47225383165623097
2381,-0.26017705031748,0.0,22,10000,[6873.885565690778],[167.58176393668163],[0.4258169398597689],-20,0.47225383165623097
2382,-0.41446999120778844,0.0,22,10000,[6873.885565690778],[167.58176393668163],[0.4258169398597689],-20,0.47225383165623097
2383,0.4860550045822667,0.0,22,10000,[6873.885565690778],[167.58176393668163],[0.4258169398597689],-20,0.47225383165623097
2384,-0.1844537301040787,0.0,22,10000,[6873.885565690778],[167.58176393668163],[0.4258169398597689],-20,0.47225383165623097
2385,0.27463291480125845,0.0,22,10000,[6873.885565690778],[167.58176393668163],[0.4258169398597689],-20,0.47225383165623097
2386,-0.07645442880967525,0.0,22,10000,[6873.885565690778],[167.58176393668163],[0.4258169398597689],-20,0.47225383165623097
2387,-0.35318245310069213,0.0,22,10000,[6873.885565690778],[167.58176393668163],[0.4258169398597689],-20,0.47225383165623097
2388,-0.12657823001994645,0.0,22,10000,[6873.885565690778],[167.58176393668163],[0.4258169398597689],-20,0.47225383165623097
2389,0.48762510738217335,0.0,22,10000,[6873.885565690778],[167.58176393668163],[0.4258169398597689],-20,0.47225383165623097
2390,-0.700287175093785,0.0,22,10000,[6873.885565690778],[167.58176393668163],[0.4258169398597689],-20,0.47225383165623097
2391,-0.12233475071568473,0.0,22,10000,[6873.885565690778],[167.58176393668163],[0.4258169398597689],-20,0.47225383165623097
2392,-0.8009587944203224,0.0,22,10000,[6873.885565690778],[167.58176393668163],[0.4258169398597689],-20,0.47225383165623097
2393,-0.5163219353815329,0.0,22,10000,[6873.885565690778],[167.58176393668163],[0.4258169398597689],-20,0.47225383165623097
2394,0.9497000243238047,0.0,22,10000,[6873.885565690778],[167.58176393668163],[0.4258169398597689],-20,0.47225383165623097
2395,-0.2747428872403402,0.0,22,10000,[6873.885565690778],[167.58176393668163],[0.4258169398597689],-20,0.47225383165623097
2396,-0.36781267765020237,0.0,22,10000,[6873.885565690778],[167.58176393668163],[0.4258169398597689],-20,0.47225383165623097
2397,-0.13565717506109862,0.0,22,10000,[6873.885565690778],[167.58176393668163],[0.4258169398597689],-20,0.47225383165623097
2398,-0.5454168127952708,0.0,22,10000,[6873.885565690778],[167.58176393668163],[0.4258169398597689],-20,0.47225383165623097
2399,-0.3571698157136952,0.0,22,10000,[6873.885565690778],[167.58176393668163],[0.4258169398597689],-20,0.47225383165623097
2400,0.2648737541120447,0.0,22,10000,[6873.885565690778],[167.58176393668163],[0.4258169398597689],-20,0.47225383165623097
2401,-0.2062151914446938,0.0,22,10000,[6873.885565690778],[167.58176393668163],[0.4258169398597689],-20,0.47225383165623097
2402,-0.2321391720982449,0.0,22,10000,[6873.885565690778],[167.58176393668163],[0.4258169398597689],-20,0.47225383165623097
2403,-0.5020869386066755,0.0,22,10000,[6873.885565690778],[167.58176393668163],[0.4258169398597689],-20,0.47225383165623097
2404,-0.34706075735726083,0.0,22,10000,[6873.885565690778],[167.58176393668163],[0.4258169398597689],-20,0.47225383165623097
2405,0.4073742766779469,0.0,22,10000,[6873.885565690778],[167.58176393668163],[0.4258169398597689],-20,0.47225383165623097
2406,-0.31995949670435714,0.0,22,10000,[6873.885565690778],[167.58176393668163],[0.4258169398597689],-20,0.47225383165623097
2407,-0.7518049353362667,0.0,22,10000,[6873.885565690778],[167.58176393668163],[0.4258169398597689],-20,0.47225383165623097
2408,0.5801037721990198,0.0,22,10000,[6873.885565690778],[167.58176393668163],[0.4258169398597689],-20,0.47225383165623097
2409,0.20443023654149062,0.0,22,10000,[6873.885565690778],[167.58176393668163],[0.4258169398597689],-20,0.47225383165623097
2410,-0.33053948204058653,0.0,22,10000,[6873.885565690778],[167.58176393668163],[0.4258169398597689],-20,0.47225383165623097
2411,-0.4955973505903409,0.0,22,10000,[6873.885565690778],[167.58176393668163],[0.4258169398597689],-20,0.47225383165623097
2412,0.5713548089297297,0.0,22,10000,[6873.885565690778],[167.58176393668163],[0.4258169398597689],-20,0.47225383165623097
2413,0.5914675160312564,0.0,22,10000,[6873.885565690778],[167.58176393668163],[0.4258169398597689],-20,0.47225383165623097
2414,0.48103353329217896,0.0,22,10000,[6873.885565690778],[167.58176393668163],[0.4258169398597689],-20,0.47225383165623097
2415,-0.008802273588875942,0.0,22,10000,[6873.885565690778],[167.58176393668163],[0.4258169398597689],-20,0.47225383165623097
2416,0.6447365079260022,0.0,22,10000,[6873.885565690778],[167.58176393668163],[0.4258169398597689],-20,0.47225383165623097
2417,-0.05027430607005224,0.0,22,10000,[6873.885565690778],[167.58176393668163],[0.4258169398597689],-20,0.47225383165623097
2418,0.5558136107856262,0.0,22,10000,[6873.885565690778],[167.58176393668163],[0.4258169398597689],-20,0.47225383165623097
2419,-0.05601133664046261,0.0,22,10000,[6873.885565690778],[167.58176393668163],[0.4258169398597689],-20,0.47225383165623097
2420,-0.20237269632796978,0.0,22,10000,[6873.885565690778],[167.58176393668163],[0.4258169398597689],-20,0.47225383165623097
2421,-0.125634100769927,0.0,22,10000,[6873.885565690778],[167.58176393668163],[0.4258169398597689],-20,0.47225383165623097
2422,0.1435820009533417,0.0,22,10000,[6873.885565690778],[167.58176393668163],[0.4258169398597689],-20,0.47225383165623097
2423,0.03070420114905905,0.0,22,10000,[6873.885565690778],[167.58176393668163],[0.4258169398597689],-20,0.47225383165623097
2424,0.029300312172541684,0.0,22,10000,[6873.885565690778],[167.58176393668163],[0.4258169398597689],-20,0.47225383165623097
2425,0.3114281418104469,0.0,22,10000,[6873.885565690778],[167.58176393668163],[0.4258169398597689],-20,0.47225383165623097
2426,0.4314418769848798,0.0,22,10000,[6873.885565690778],[167.58176393668163],[0.4258169398597689],-20,0.47225383165623097
2427,0.012943383874720226,0.0,22,10000,[6873.885565690778],[167.58176393668163],[0.4258169398597689],-20,0.47225383165623097
2428,0.41006762993535056,0.0,22,10000,[6873.885565690778],[167.58176393668163],[0.4258169398597689],-20,0.47225383165623097
2429,0.15873222181474536,0.0,22,10000,[6873.885565690778],[167.58176393668163],[0.4258169398597689],-20,0.47225383165623097
2430,-0.10913605814461119,0.0,22,10000,[6873.885565690778],[167.58176393668163],[0.4258169398597689],-20,0.47225383165623097
2431,-0.40591247429040994,0.0,22,10000,[6873.885565690778],[167.58176393668163],[0.4258169398597689],-20,0.47225383165623097
2432,0.4029224698981962,0.0,22,10000,[6873.885565690778],[167.58176393668163],[0.4258169398597689],-20,0.47225383165623097
2433,-0.4299587261251689,0.0,22,10000,[6873.885565690778],[167.58176393668163],[0.4258169398597689],-20,0.47225383165623097
2434,0.07587281515039719,0.0,22,10000,[6873.885565690778],[167.58176393668163],[0.4258169398597689],-20,0.47225383165623097
2435,-0.5704894514861374,0.0,22,10000,[6873.885565690778],[167.58176393668163],[0.4258169398597689],-20,0.47225383165623097
2436,0.19603628491822145,0.0,22,10000,[6873.885565690778],[167.58176393668163],[0.4258169398597689],-20,0.47225383165623097
2437,-0.2115906108837837,0.0,22,10000,[6873.885565690778],[167.58176393668163],[0.4258169398597689],-20,0.47225383165623097
2438,0.41681123833041445,0.0,22,10000,[6873.885565690778],[167.58176393668163],[0.4258169398597689],-20,0.47225383165623097
2439,-0.47537338231469733,0.0,22,10000,[6873.885565690778],[167.58176393668163],[0.4258169398597689],-20,0.47225383165623097
2440,-0.11961961945326677,0.0,22,10000,[6873.885565690778],[167.58176393668163],[0.4258169398597689],-20,0.47225383165623097
2441,-0.03457540649362359,0.0,22,10000,[6873.885565690778],[167.58176393668163],[0.4258169398597689],-20,0.47225383165623097
2442,0.1025912327951956,0.0,22,10000,[6873.885565690778],[167.58176393668163],[0.4258169398597689],-20,0.47225383165623097
2443,-0.24404254673364698,0.0,22,10000,[6873.885565690778],[167.58176393668163],[0.4258169398597689],-20,0.47225383165623097
2444,0.3600138815326148,0.0,22,10000,[6873.885565690778],[167.58176393668163],[0.4258169398597689],-20,0.47225383165623097
2445,-0.12442692080460144,0.0,22,10000,[6873.885565690778],[167.58176393668163],[0.4258169398597689],-20,0.47225383165623097
2446,-0.17861309963173075,0.0,22,10000,[6873.885565690778],[167.58176393668163],[0.4258169398597689],-20,0.47225383165623097
2447,-0.19234055083139012,0.0,22,10000,[6873.885565690778],[167.58176393668163],[0.4258169398597689],-20,0.47225383165623097
2448,-0.4384231585102411,0.0,22,10000,[6873.885565690778],[167.58176393668163],[0.4258169398597689],-20,0.47225383165623097
2449,0.18969046040686507,0.0,22,10000,[6873.885565690778],[167.58176393668163],[0.4258169398597689],-20,0.47225383165623097
2450,0.49839963470726306,0.0,22,10000,[6873.885565690778],[167.58176393668163],[0.4258169398597689],-20,0.47225383165623097
2451,0.2851379163160936,0.0,22,10000,[6873.885565690778],[167.58176393668163],[0.4258169398597689],-20,0.47225383165623097
2452,-0.2746255786818086,0.0,22,10000,[6873.885565690778],[167.58176393668163],[0.4258169398597689],-20,0.47225383165623097
2453,-0.5404270041501408,0.0,22,10000,[6873.885565690778],[167.58176393668163],[0.4258169398597689],-20,0.47225383165623097
2454,0.7179122032062653,0.0,22,10000,[6873.885565690778],[167.58176393668163],[0.4258169398597689],-20,0.47225383165623097
2455,-1.1561498164420263,0.0,22,10000,[6873.885565690778],[167.58176393668163],[0.4258169398597689],-20,0.47225383165623097
2456,-0.6807837580894741,0.0,22,10000,[6873.885565690778],[167.58176393668163],[0.4258169398597689],-20,0.47225383165623097
2457,-0.14760376396416222,0.0,22,10000,[6873.885565690778],[167.58176393668163],[0.4258169398597689],-20,0.47225383165623097
2458,-0.042154079069561735,0.0,22,10000,[6873.885565690778],[167.58176393668163],[0.4258169398597689],-20,0.47225383165623097
2459,0.24455621132640976,0.0,22,10000,[6873.885565690778],[167.58176393668163],[0.4258169398597689],-20,0.47225383165623097
2460,0.34291423126940845,0.0,22,10000,[6873.885565690778],[167.58176393668163],[0.4258169398597689],-20,0.47225383165623097
2461,-0.2883052332067866,0.0,22,10000,[6873.885565690778],[167.58176393668163],[0.4258169398597689],-20,0.47225383165623097
2462,0.47578837474654373,0.0,22,10000,[6873.885565690778],[167.58176393668163],[0.4258169398597689],-20,0.47225383165623097
2463,0.3243705658236607,0.0,22,10000,[6873.885565690778],[167.58176393668163],[0.4258169398597689],-20,0.47225383165623097
2464,-0.40722558500717837,0.0,22,10000,[6873.885565690778],[167.58176393668163],[0.4258169398597689],-20,0.47225383165623097
2465,-0.2659024402399918,0.0,22,10000,[6873.885565690778],[167.58176393668163],[0.4258169398597689],-20,0.47225383165623097
2466,0.7153410316405812,0.0,22,10000,[6873.885565690778],[167.58176393668163],[0.4258169398597689],-20,0.47225383165623097
2467,0.6245912387925434,0.0,22,10000,[6873.885565690778],[167.58176393668163],[0.4258169398597689],-20,0.47225383165623097
2468,0.5118934738799913,0.0,22,10000,[6873.885565690778],[167.58176393668163],[0.4258169398597689],-20,0.47225383165623097
2469,0.20661918786674807,0.0,22,10000,[6873.885565690778],[167.58176393668163],[0.4258169398597689],-20,0.47225383165623097
2470,-0.026561525031994403,0.0,22,10000,[6873.885565690778],[167.58176393668163],[0.4258169398597689],-20,0.47225383165623097
2471,-0.42930166381908896,0.0,22,10000,[6873.885565690778],[167.58176393668163],[0.4258169398597689],-20,0.47225383165623097
2472,0.12210160041349992,0.0,22,10000,[6873.885565690778],[167.58176393668163],[0.4258169398597689],-20,0.47225383165623097
2473,0.22144238022773347,0.0,22,10000,[6873.885565690778],[167.58176393668163],[0.4258169398597689],-20,0.47225383165623097
2474,-0.6372480029605363,0.0,22,10000,[6873.885565690778],[167.58176393668163],[0.4258169398597689],-20,0.47225383165623097
2475,-0.41102458659502616,0.0,22,10000,[6873.885565690778],[167.58176393668163],[0.4258169398597689],-20,0.47225383165623097
2476,-0.04877579579258504,0.0,22,10000,[6873.885565690778],[167.58176393668163],[0.4258169398597689],-20,0.47225383165623097
2477,0.26414171950725684,0.0,22,10000,[6873.885565690778],[167.58176393668163],[0.4258169398597689],-20,0.47225383165623097
2478,-0.5473938491561346,0.0,22,10000,[6873.885565690778],[167.58176393668163],[0.4258169398597689],-20,0.47225383165623097
2479,-0.09845203337380673,0.0,22,10000,[6873.885565690778],[167.58176393668163],[0.4258169398597689],-20,0.47225383165623097
2480,0.2036523149933208,0.0,22,10000,[6873.885565690778],[167.58176393668163],[0.4258169398597689],-20,0.47225383165623097
2481,0.34293128572148773,0.0,22,10000,[6873.885565690778],[167.58176393668163],[0.4258169398597689],-20,0.47225383165623097
2482,0.7398817090774862,0.0,22,10000,[6873.885565690778],[167.58176393668163],[0.4258169398597689],-20,0.47225383165623097
2483,0.19369609767692195,0.0,22,10000,[6873.885565690778],[167.58176393668163],[0.4258169398597689],-20,0.47225383165623097
2484,0.21206455644931704,0.0,22,10000,[6873.885565690778],[167.58176393668163],[0.4258169398597689],-20,0.47225383165623097
2485,0.49212459780060064,0.0,22,10000,[6873.885565690778],[167.58176393668163],[0.4258169398597689],-20,0.47225383165623097
2486,-0.5566532824631345,0.0,22,10000,[6873.885565690778],[167.58176393668163],[0.4258169398597689],-20,0.47225383165623097
2487,-0.00717496694477107,0.0,22,10000,[6873.885565690778],[167.58176393668163],[0.4258169398597689],-20,0.47225383165623097
2488,-0.49069209654233487,0.0,22,10000,[6873.885565690778],[167.58176393668163],[0.4258169398597689],-20,0.47225383165623097
2489,0.7090422326615085,0.0,22,10000,[6873.885565690778],[167.58176393668163],[0.4258169398597689],-20,0.47225383165623097
2490,-0.767279285204313,0.0,22,10000,[6873.885565690778],[167.58176393668163],[0.4258169398597689],-20,0.47225383165623097
2491,0.6596053967757242,0.0,22,10000,[6873.885565690778],[167.58176393668163],[0.4258169398597689],-20,0.47225383165623097
2492,-0.22889417073389237,0.0,22,10000,[6873.885565690778],[167.58176393668163],[0.4258169398597689],-20,0.47225383165623097
2493,-0.2451190625287092,0.0,22,10000,[6873.885565690778],[167.58176393668163],[0.4258169398597689],-20,0.47225383165623097
2494,-0.32647008578684406,0.0,22,10000,[6873.885565690778],[167.58176393668163],[0.4258169398597689],-20,0.47225383165623097
2495,-0.4489835781347637,0.0,22,10000,[6873.885565690778],[167.58176393668163],[0.4258169398597689],-20,0.47225383165623097
2496,0.7706675481468235,0.0,22,10000,[6873.885565690778],[167.58176393668163],[0.4258169398597689],-20,0.47225383165623097
2497,0.824769779069626,0.0,22,10000,[6873.885565690778],[167.58176393668163],[0.4258169398597689],-20,0.47225383165623097
2498,0.4150399927015954,0.0,22,10000,[6873.885565690778],[167.58176393668163],[0.4258169398597689],-20,0.47225383165623097
2499,-0.08924952968527645,0.0,22,10000,[6873.885565690778],[167.58176393668163],[0.4258169398597689],-20,0.47225383165623097
2500,-0.42260505971675383,0.0,22,10000,[6873.885565690778],[167.58176393668163],[0.4258169398597689],-20,0.47225383165623097
2501,0.22112984156197346,0.0,22,10000,[6873.885565690778],[167.58176393668163],[0.4258169398597689],-20,0.47225383165623097
2502,-0.2924156425984693,0.0,22,10000,[6873.885565690778],[167.58176393668163],[0.4258169398597689],-20,0.47225383165623097
2503,-0.8052814927055878,0.0,22,10000,[6873.885565690778],[167.58176393668163],[0.4258169398597689],-20,0.47225383165623097
2504,-0.5239482700097629,0.0,22,10000,[6873.885565690778],[167.58176393668163],[0.4258169398597689],-20,0.47225383165623097
2505,0.39323802026420807,0.0,22,10000,[6873.885565690778],[167.58176393668163],[0.4258169398597689],-20,0.47225383165623097
2506,-0.3753977296285487,0.0,22,10000,[6873.885565690778],[167.58176393668163],[0.4258169398597689],-20,0.47225383165623097
2507,-1.0150892138780605,0.0,22,10000,[6873.885565690778],[167.58176393668163],[0.4258169398597689],-20,0.47225383165623097
2508,-0.5363033598343628,0.0,22,10000,[6873.885565690778],[167.58176393668163],[0.4258169398597689],-20,0.47225383165623097
2509,-0.0928640163059712,0.0,22,10000,[6873.885565690778],[167.58176393668163],[0.4258169398597689],-20,0.47225383165623097
2510,-0.0982483905753943,0.0,22,10000,[6873.885565690778],[167.58176393668163],[0.4258169398597689],-20,0.47225383165623097
2511,-0.13705652535426827,0.0,22,10000,[6873.885565690778],[167.58176393668163],[0.4258169398597689],-20,0.47225383165623097
2512,0.8239772552279028,0.0,22,10000,[6873.885565690778],[167.58176393668163],[0.4258169398597689],-20,0.47225383165623097
2513,0.027585320933980268,0.0,22,10000,[6873.885565690778],[167.58176393668163],[0.4258169398597689],-20,0.47225383165623097
2514,0.7092605890132749,0.0,22,10000,[6873.885565690778],[167.58176393668163],[0.4258169398597689],-20,0.47225383165623097
2515,0.14823618960171203,0.0,22,10000,[6873.885565690778],[167.58176393668163],[0.4258169398597689],-20,0.47225383165623097
2516,0.07738459032959712,0.0,22,10000,[6873.885565690778],[167.58176393668163],[0.4258169398597689],-20,0.47225383165623097
2517,0.23297426099690724,0.0,22,10000,[6873.885565690778],[167.58176393668163],[0.4258169398597689],-20,0.47225383165623097
2518,0.34869138701606445,0.0,22,10000,[6873.885565690778],[167.58176393668163],[0.4258169398597689],-20,0.47225383165623097
2519,0.25856823231085746,0.0,22,10000,[6873.885565690778],[167.58176393668163],[0.4258169398597689],-20,0.47225383165623097
2520,-0.3105369972142804,0.0,22,10000,[6873.885565690778],[167.58176393668163],[0.4258169398597689],-20,0.47225383165623097
2521,-0.5814177142108639,0.0,22,10000,[6873.885565690778],[167.58176393668163],[0.4258169398597689],-20,0.47225383165623097
2522,-0.3840346121390072,0.0,22,10000,[6873.885565690778],[167.58176393668163],[0.4258169398597689],-20,0.47225383165623097
2523,0.25647151869501117,0.0,22,10000,[6873.885565690778],[167.58176393668163],[0.4258169398597689],-20,0.47225383165623097
2524,0.5155447447463612,0.0,22,10000,[6873.885565690778],[167.58176393668163],[0.4258169398597689],-20,0.47225383165623097
2525,-0.5465534737855419,0.0,22,10000,[6873.885565690778],[167.58176393668163],[0.4258169398597689],-20,0.47225383165623097
2526,0.552269357161579,0.0,22,10000,[6873.885565690778],[167.58176393668163],[0.4258169398597689],-20,0.47225383165623097
2527,0.5680112905193963,0.0,22,10000,[6873.885565690778],[167.58176393668163],[0.4258169398597689],-20,0.47225383165623097
2528,0.7176231818894974,0.0,22,10000,[6873.885565690778],[167.58176393668163],[0.4258169398597689],-20,0.47225383165623097
2529,-0.8489039948381483,0.0,22,10000,[6873.885565690778],[167.58176393668163],[0.4258169398597689],-20,0.47225383165623097
2530,-1.81536230664441,0.0,22,10000,[6873.885565690778],[167.58176393668163],[0.4258169398597689],-20,0.47225383165623097
2531,0.20503129242020074,0.0,22,10000,[6873.885565690778],[167.58176393668163],[0.4258169398597689],-20,0.47225383165623097
2532,0.650541833255493,0.0,22,10000,[6873.885565690778],[167.58176393668163],[0.4258169398597689],-20,0.47225383165623097
2533,0.2265010796152003,0.0,22,10000,[6873.885565690778],[167.58176393668163],[0.4258169398597689],-20,0.47225383165623097
2534,-0.463565194336785,0.0,22,10000,[6873.885565690778],[167.58176393668163],[0.4258169398597689],-20,0.47225383165623097
2535,0.34222235362357256,0.0,22,10000,[6873.885565690778],[167.58176393668163],[0.4258169398597689],-20,0.47225383165623097
2536,0.1663556872175851,0.0,22,10000,[6873.885565690778],[167.58176393668163],[0.4258169398597689],-20,0.47225383165623097
2537,0.33240289223479563,0.0,22,10000,[6873.885565690778],[167.58176393668163],[0.4258169398597689],-20,0.47225383165623097
2538,-0.08365179945485433,0.0,22,10000,[6873.885565690778],[167.58176393668163],[0.4258169398597689],-20,0.47225383165623097
2539,-0.037539642939404795,0.0,22,10000,[6873.885565690778],[167.58176393668163],[0.4258169398597689],-20,0.47225383165623097
2540,-0.5131798334723937,0.0,22,10000,[6873.885565690778],[167.58176393668163],[0.4258169398597689],-20,0.47225383165623097
2541,-0.3465666595294543,0.0,22,10000,[6873.885565690778],[167.58176393668163],[0.4258169398597689],-20,0.47225383165623097
2542,-0.359072053363335,0.0,22,10000,[6873.885565690778],[167.58176393668163],[0.4258169398597689],-20,0.47225383165623097
2543,-0.059823807744533566,0.0,22,10000,[6873.885565690778],[167.58176393668163],[0.4258169398597689],-20,0.47225383165623097
2544,0.6031367183196316,0.0,22,10000,[6873.885565690778],[167.58176393668163],[0.4258169398597689],-20,0.47225383165623097
2545,-0.10147645206639222,0.0,22,10000,[6873.885565690778],[167.58176393668163],[0.4258169398597689],-20,0.47225383165623097
2546,0.07768604275751646,0.0,22,10000,[6873.885565690778],[167.58176393668163],[0.4258169398597689],-20,0.47225383165623097
2547,0.09568751416617029,0.0,22,10000,[6873.885565690778],[167.58176393668163],[0.4258169398597689],-20,0.47225383165623097
2548,0.010156680398949852,0.0,22,10000,[6873.885565690778],[167.58176393668163],[0.4258169398597689],-20,0.47225383165623097
2549,-0.6986305925453575,0.0,22,10000,[6873.885565690778],[167.58176393668163],[0.4258169398597689],-20,0.47225383165623097
2550,-0.28914918609833457,0.0,22,10000,[6873.885565690778],[167.58176393668163],[0.4258169398597689],-20,0.47225383165623097
2551,0.4724273158639296,0.0,22,10000,[6873.885565690778],[167.58176393668163],[0.4258169398597689],-20,0.47225383165623097
2552,0.44644623853403115,0.0,22,10000,[6873.885565690778],[167.58176393668163],[0.4258169398597689],-20,0.47225383165623097
2553,0.5731293439581642,0.0,22,10000,[6873.885565690778],[167.58176393668163],[0.4258169398597689],-20,0.47225383165623097
2554,1.1947115990474715,0.0,22,10000,[6873.885565690778],[167.58176393668163],[0.4258169398597689],-20,0.47225383165623097
2555,0.5236434726409286,0.0,22,10000,[6873.885565690778],[167.58176393668163],[0.4258169398597689],-20,0.47225383165623097
2556,-0.630185773273315,0.0,22,10000,[6873.885565690778],[167.58176393668163],[0.4258169398597689],-20,0.47225383165623097
2557,-0.501143145812061,0.0,22,10000,[6873.885565690778],[167.58176393668163],[0.4258169398597689],-20,0.47225383165623097
2558,-0.3301551272339515,0.0,22,10000,[6873.885565690778],[167.58176393668163],[0.4258169398597689],-20,0.47225383165623097
2559,-0.7924577478760583,0.0,22,10000,[6873.885565690778],[167.58176393668163],[0.4258169398597689],-20,0.47225383165623097
2560,-0.7222757398211954,0.0,22,10000,[6873.885565690778],[167.58176393668163],[0.4258169398597689],-20,0.47225383165623097
2561,-0.3000834051554032,0.0,22,10000,[6873.885565690778],[167.58176393668163],[0.4258169398597689],-20,0.47225383165623097
2562,-0.829630181354267,0.0,22,10000,[6873.885565690778],[167.58176393668163],[0.4258169398597689],-20,0.47225383165623097
2563,0.339375325062816,0.0,22,10000,[6873.885565690778],[167.58176393668163],[0.4258169398597689],-20,0.47225383165623097
2564,0.6288610499860956,0.0,22,10000,[6873.885565690778],[167.58176393668163],[0.4258169398597689],-20,0.47225383165623097
2565,0.31551129395622923,0.0,22,10000,[6873.885565690778],[167.58176393668163],[0.4258169398597689],-20,0.47225383165623097
2566,-0.25830788848675607,0.0,22,10000,[6873.885565690778],[167.58176393668163],[0.4258169398597689],-20,0.47225383165623097
2567,0.5777107489544346,0.0,22,10000,[6873.885565690778],[167.58176393668163],[0.4258169398597689],-20,0.47225383165623097
2568,0.18369936455108826,0.0,22,10000,[6873.885565690778],[167.58176393668163],[0.4258169398597689],-20,0.47225383165623097
2569,-0.46496388334205124,0.0,22,10000,[6873.885565690778],[167.58176393668163],[0.4258169398597689],-20,0.47225383165623097
2570,-0.13554632873959394,0.0,22,10000,[6873.885565690778],[167.58176393668163],[0.4258169398597689],-20,0.47225383165623097
2571,-0.5912629772052884,0.0,22,10000,[6873.885565690778],[167.58176393668163],[0.4258169398597689],-20,0.47225383165623097
2572,-0.04752939699357826,0.0,22,10000,[6873.885565690778],[167.58176393668163],[0.4258169398597689],-20,0.47225383165623097
2573,0.14040807006380707,0.0,22,10000,[6873.885565690778],[167.58176393668163],[0.4258169398597689],-20,0.47225383165623097
2574,-0.0949000783641295,0.0,22,10000,[6873.885565690778],[167.58176393668163],[0.4258169398597689],-20,0.47225383165623097
2575,0.15814747617456643,0.0,22,10000,[6873.885565690778],[167.58176393668163],[0.4258169398597689],-20,0.47225383165623097
2576,0.025526450743262496,0.0,22,10000,[6873.885565690778],[167.58176393668163],[0.4258169398597689],-20,0.47225383165623097
2577,-0.976385709607376,0.0,22,10000,[6873.885565690778],[167.58176393668163],[0.4258169398597689],-20,0.47225383165623097
2578,0.3629960708073695,0.0,22,10000,[6873.885565690778],[167.58176393668163],[0.4258169398597689],-20,0.47225383165623097
2579,1.0070734528240208,0.0,22,10000,[6873.885565690778],[167.58176393668163],[0.4258169398597689],-20,0.47225383165623097
2580,-0.2759458882385469,0.0,22,10000,[6873.885565690778],[167.58176393668163],[0.4258169398597689],-20,0.47225383165623097
2581,-0.4642556206475255,0.0,22,10000,[6873.885565690778],[167.58176393668163],[0.4258169398597689],-20,0.47225383165623097
2582,0.6802754190069062,0.0,22,10000,[6873.885565690778],[167.58176393668163],[0.4258169398597689],-20,0.47225383165623097
2583,0.9321816377707608,0.0,22,10000,[6873.885565690778],[167.58176393668163],[0.4258169398597689],-20,0.47225383165623097
2584,-0.09283034169526105,0.0,22,10000,[6873.885565690778],[167.58176393668163],[0.4258169398597689],-20,0.47225383165623097
2585,-0.19101221749663796,0.0,22,10000,[6873.885565690778],[167.58176393668163],[0.4258169398597689],-20,0.47225383165623097
2586,1.4010981712007557,0.0,22,10000,[6873.885565690778],[167.58176393668163],[0.4258169398597689],-20,0.47225383165623097
2587,-0.5788220466957535,0.0,22,10000,[6873.885565690778],[167.58176393668163],[0.4258169398597689],-20,0.47225383165623097
2588,-0.5745339235848111,0.0,22,10000,[6873.885565690778],[167.58176393668163],[0.4258169398597689],-20,0.47225383165623097
2589,0.17479893123282775,0.0,22,10000,[6873.885565690778],[167.58176393668163],[0.4258169398597689],-20,0.47225383165623097
2590,0.3692771588520598,0.0,22,10000,[6873.885565690778],[167.58176393668163],[0.4258169398597689],-20,0.47225383165623097
2591,0.41654567724800884,0.0,22,10000,[6873.885565690778],[167.58176393668163],[0.4258169398597689],-20,0.47225383165623097
2592,-0.2928410494515537,0.0,22,10000,[6873.885565690778],[167.58176393668163],[0.4258169398597689],-20,0.47225383165623097
2593,0.7852404224241283,0.0,22,10000,[6873.885565690778],[167.58176393668163],[0.4258169398597689],-20,0.47225383165623097
2594,0.26532741385720443,0.0,22,10000,[6873.885565690778],[167.58176393668163],[0.4258169398597689],-20,0.47225383165623097
2595,0.30222602410966776,0.0,22,10000,[6873.885565690778],[167.58176393668163],[0.4258169398597689],-20,0.47225383165623097
2596,-0.4443520100382205,0.0,22,10000,[6873.885565690778],[167.58176393668163],[0.4258169398597689],-20,0.47225383165623097
2597,-0.18783264418863715,0.0,22,10000,[6873.885565690778],[167.58176393668163],[0.4258169398597689],-20,0.47225383165623097
2598,0.12902680535505257,0.0,22,10000,[6873.885565690778],[167.58176393668163],[0.4258169398597689],-20,0.47225383165623097
2599,-0.9596586288447435,0.0,22,10000,[6873.885565690778],[167.58176393668163],[0.4258169398597689],-20,0.47225383165623097
2600,0.27975924661053797,0.0,22,10000,[6873.885565690778],[167.58176393668163],[0.4258169398597689],-20,0.47225383165623097
2601,0.09265922434060442,0.0,22,10000,[6873.885565690778],[167.58176393668163],[0.4258169398597689],-20,0.47225383165623097
2602,0.8546950362116128,0.0,22,10000,[6873.885565690778],[167.58176393668163],[0.4258169398597689],-20,0.47225383165623097
2603,-0.643652130512363,0.0,22,10000,[6873.885565690778],[167.58176393668163],[0.4258169398597689],-20,0.47225383165623097
2604,-0.11161520011328571,0.0,22,10000,[6873.885565690778],[167.58176393668163],[0.4258169398597689],-20,0.47225383165623097
2605,-0.4843005949416867,0.0,22,10000,[6873.885565690778],[167.58176393668163],[0.4258169398597689],-20,0.47225383165623097
2606,-0.7740649406755838,0.0,22,10000,[6873.885565690778],[167.58176393668163],[0.4258169398597689],-20,0.47225383165623097
2607,-0.745503804806213,0.0,22,10000,[6873.885565690778],[167.58176393668163],[0.4258169398597689],-20,0.47225383165623097
2608,-0.04152084432230956,0.0,22,10000,[6873.885565690778],[167.58176393668163],[0.4258169398597689],-20,0.47225383165623097
2609,-0.003573499576859266,0.0,22,10000,[6873.885565690778],[167.58176393668163],[0.4258169398597689],-20,0.47225383165623097
2610,-0.6996889761967033,0.0,22,10000,[6873.885565690778],[167.58176393668163],[0.4258169398597689],-20,0.47225383165623097
2611,-0.7980947972847038,0.0,22,10000,[6873.885565690778],[167.58176393668163],[0.4258169398597689],-20,0.47225383165623097
2612,0.011737683529600357,0.0,22,10000,[6873.885565690778],[167.58176393668163],[0.4258169398597689],-20,0.47225383165623097
2613,-0.02637252470262021,0.0,22,10000,[6873.885565690778],[167.58176393668163],[0.4258169398597689],-20,0.47225383165623097
2614,-0.032134070686565895,0.0,22,10000,[6873.885565690778],[167.58176393668163],[0.4258169398597689],-20,0.47225383165623097
2615,0.3800043354499236,0.0,22,10000,[6873.885565690778],[167.58176393668163],[0.4258169398597689],-20,0.47225383165623097
2616,-0.5749707529109926,0.0,22,10000,[6873.885565690778],[167.58176393668163],[0.4258169398597689],-20,0.47225383165623097
2617,-0.44651778456369906,0.0,22,10000,[6873.885565690778],[167.58176393668163],[0.4258169398597689],-20,0.47225383165623097
2618,0.2564377022792483,0.0,22,10000,[6873.885565690778],[167.58176393668163],[0.4258169398597689],-20,0.47225383165623097
2619,-0.18859984065773983,0.0,22,10000,[6873.885565690778],[167.58176393668163],[0.4258169398597689],-20,0.47225383165623097
2620,0.1741060140544854,0.0,22,10000,[6873.885565690778],[167.58176393668163],[0.4258169398597689],-20,0.47225383165623097
2621,0.5532746974772829,0.0,22,10000,[6873.885565690778],[167.58176393668163],[0.4258169398597689],-20,0.47225383165623097
2622,0.18196606861017753,0.0,22,10000,[6873.885565690778],[167.58176393668163],[0.4258169398597689],-20,0.47225383165623097
2623,-0.42741198310358874,0.0,22,10000,[6873.885565690778],[167.58176393668163],[0.4258169398597689],-20,0.47225383165623097
2624,-0.6248920909894401,0.0,22,10000,[6873.885565690778],[167.58176393668163],[0.4258169398597689],-20,0.47225383165623097
2625,0.17612987279643327,0.0,22,10000,[6873.885565690778],[167.58176393668163],[0.4258169398597689],-20,0.47225383165623097
2626,-0.11061730860517846,0.0,22,10000,[6873.885565690778],[167.58176393668163],[0.4258169398597689],-20,0.47225383165623097
2627,-0.390562168067418,0.0,22,10000,[6873.885565690778],[167.58176393668163],[0.4258169398597689],-20,0.47225383165623097
2628,0.1726963995248381,0.0,22,10000,[6873.885565690778],[167.58176393668163],[0.4258169398597689],-20,0.47225383165623097
2629,-0.4484305764400151,0.0,22,10000,[6873.885565690778],[167.58176393668163],[0.4258169398597689],-20,0.47225383165623097
2630,0.10520869725000749,0.0,22,10000,[6873.885565690778],[167.58176393668163],[0.4258169398597689],-20,0.47225383165623097
2631,0.6246178072128684,0.0,22,10000,[6873.885565690778],[167.58176393668163],[0.4258169398597689],-20,0.47225383165623097
2632,-0.08574320593219527,0.0,22,10000,[6873.885565690778],[167.58176393668163],[0.4258169398597689],-20,0.47225383165623097
2633,-0.41034712349588753,0.0,22,10000,[6873.885565690778],[167.58176393668163],[0.4258169398597689],-20,0.47225383165623097
2634,-0.23665740464781915,0.0,22,10000,[6873.885565690778],[167.58176393668163],[0.4258169398597689],-20,0.47225383165623097
2635,-0.2890453513671022,0.0,22,10000,[6873.885565690778],[167.58176393668163],[0.4258169398597689],-20,0.47225383165623097
2636,-0.7482797664369415,0.0,22,10000,[6873.885565690778],[167.58176393668163],[0.4258169398597689],-20,0.47225383165623097
2637,-0.20275843480434388,0.0,22,10000,[6873.885565690778],[167.58176393668163],[0.4258169398597689],-20,0.47225383165623097
2638,0.5660832842836636,0.0,22,10000,[6873.885565690778],[167.58176393668163],[0.4258169398597689],-20,0.47225383165623097
2639,0.35275288634387314,0.0,22,10000,[6873.885565690778],[167.58176393668163],[0.4258169398597689],-20,0.47225383165623097
2640,-0.17197053123215572,0.0,22,10000,[6873.885565690778],[167.58176393668163],[0.4258169398597689],-20,0.47225383165623097
2641,-0.2758432590498843,0.0,22,10000,[6873.885565690778],[167.58176393668163],[0.4258169398597689],-20,0.47225383165623097
2642,-0.3348811029438914,0.0,22,10000,[6873.885565690778],[167.58176393668163],[0.4258169398597689],-20,0.47225383165623097
2643,0.4273559921011348,0.0,22,10000,[6873.885565690778],[167.58176393668163],[0.4258169398597689],-20,0.47225383165623097
2644,-0.7097237377932845,0.0,22,10000,[6873.885565690778],[167.58176393668163],[0.4258169398597689],-20,0.47225383165623097
2645,0.25474256840507964,0.0,22,10000,[6873.885565690778],[167.58176393668163],[0.4258169398597689],-20,0.47225383165623097
2646,0.0860147070882742,0.0,22,10000,[6873.885565690778],[167.58176393668163],[0.4258169398597689],-20,0.47225383165623097
2647,-0.41790987008987607,0.0,22,10000,[6873.885565690778],[167.58176393668163],[0.4258169398597689],-20,0.47225383165623097
2648,0.3457589864582371,0.0,22,10000,[6873.885565690778],[167.58176393668163],[0.4258169398597689],-20,0.47225383165623097
2649,0.16225050130210042,0.0,22,10000,[6873.885565690778],[167.58176393668163],[0.4258169398597689],-20,0.47225383165623097
2650,0.18882013797585123,0.0,22,10000,[6873.885565690778],[167.58176393668163],[0.4258169398597689],-20,0.47225383165623097
2651,-0.68469803766826,0.0,22,10000,[6873.885565690778],[167.58176393668163],[0.4258169398597689],-20,0.47225383165623097
2652,0.6930567810864392,0.0,22,10000,[6873.885565690778],[167.58176393668163],[0.4258169398597689],-20,0.47225383165623097
2653,0.6497902163562833,0.0,22,10000,[6873.885565690778],[167.58176393668163],[0.4258169398597689],-20,0.47225383165623097
2654,0.8454621231192953,0.0,22,10000,[6873.885565690778],[167.58176393668163],[0.4258169398597689],-20,0.47225383165623097
2655,-0.19846755315606845,0.0,22,10000,[6873.885565690778],[167.58176393668163],[0.4258169398597689],-20,0.47225383165623097
2656,0.056915514219058966,0.0,22,10000,[6873.885565690778],[167.58176393668163],[0.4258169398597689],-20,0.47225383165623097
2657,1.097335915407007,0.0,22,10000,[6873.885565690778],[167.58176393668163],[0.4258169398597689],-20,0.47225383165623097
2658,-0.6305713489738807,0.0,22,10000,[6873.885565690778],[167.58176393668163],[0.4258169398597689],-20,0.47225383165623097
2659,0.17949071299237468,0.0,22,10000,[6873.885565690778],[167.58176393668163],[0.4258169398597689],-20,0.47225383165623097
2660,-0.2965984842029359,0.0,22,10000,[6873.885565690778],[167.58176393668163],[0.4258169398597689],-20,0.47225383165623097
2661,1.0579964290582182,0.0,22,10000,[6873.885565690778],[167.58176393668163],[0.4258169398597689],-20,0.47225383165623097
2662,0.0360486040056212,0.0,22,10000,[6873.885565690778],[167.58176393668163],[0.4258169398597689],-20,0.47225383165623097
2663,-0.06445566894843152,0.0,22,10000,[6873.885565690778],[167.58176393668163],[0.4258169398597689],-20,0.47225383165623097
2664,-0.2997078246020153,0.0,22,10000,[6873.885565690778],[167.58176393668163],[0.4258169398597689],-20,0.47225383165623097
2665,-0.571914115473556,0.0,22,10000,[6873.885565690778],[167.58176393668163],[0.4258169398597689],-20,0.47225383165623097
2666,0.6148441583872049,0.0,22,10000,[6873.885565690778],[167.58176393668163],[0.4258169398597689],-20,0.47225383165623097
2667,0.28756675153313527,0.0,22,10000,[6873.885565690778],[167.58176393668163],[0.4258169398597689],-20,0.47225383165623097
2668,-0.0922438406655624,0.0,22,10000,[6873.885565690778],[167.58176393668163],[0.4258169398597689],-20,0.47225383165623097
2669,0.09898359963101684,0.0,22,10000,[6873.885565690778],[167.58176393668163],[0.4258169398597689],-20,0.47225383165623097
2670,0.26133610727943213,0.0,22,10000,[6873.885565690778],[167.58176393668163],[0.4258169398597689],-20,0.47225383165623097
2671,-0.722756194796211,0.0,22,10000,[6873.885565690778],[167.58176393668163],[0.4258169398597689],-20,0.47225383165623097
2672,0.7726017885858123,0.0,22,10000,[6873.885565690778],[167.58176393668163],[0.4258169398597689],-20,0.47225383165623097
2673,-0.5263955998355975,0.0,22,10000,[6873.885565690778],[167.58176393668163],[0.4258169398597689],-20,0.47225383165623097
2674,-0.36008989358012183,0.0,22,10000,[6873.885565690778],[167.58176393668163],[0.4258169398597689],-20,0.47225383165623097
2675,-0.6835693875467461,0.0,22,10000,[6873.885565690778],[167.58176393668163],[0.4258169398597689],-20,0.47225383165623097
2676,0.34490932706033917,0.0,22,10000,[6873.885565690778],[167.58176393668163],[0.4258169398597689],-20,0.47225383165623097
2677,0.6341699118992231,0.0,22,10000,[6873.885565690778],[167.58176393668163],[0.4258169398597689],-20,0.47225383165623097
2678,0.08450182855067137,0.0,22,10000,[6873.885565690778],[167.58176393668163],[0.4258169398597689],-20,0.47225383165623097
2679,-0.8042159655289478,0.0,22,10000,[6873.885565690778],[167.58176393668163],[0.4258169398597689],-20,0.47225383165623097
2680,0.12220619067528594,0.0,22,10000,[6873.885565690778],[167.58176393668163],[0.4258169398597689],-20,0.47225383165623097
2681,-0.43422299324990143,0.0,22,10000,[6873.885565690778],[167.58176393668163],[0.4258169398597689],-20,0.47225383165623097
2682,-0.02426834589414841,0.0,22,10000,[6873.885565690778],[167.58176393668163],[0.4258169398597689],-20,0.47225383165623097
2683,-0.5118601778752333,0.0,22,10000,[6873.885565690778],[167.58176393668163],[0.4258169398597689],-20,0.47225383165623097
2684,0.5947413952257813,0.0,22,10000,[6873.885565690778],[167.58176393668163],[0.4258169398597689],-20,0.47225383165623097
2685,0.9628861098602844,0.0,22,10000,[6873.885565690778],[167.58176393668163],[0.4258169398597689],-20,0.47225383165623097
2686,-0.22860196251682846,0.0,22,10000,[6873.885565690778],[167.58176393668163],[0.4258169398597689],-20,0.47225383165623097
2687,0.019258200829413655,0.0,22,10000,[6873.885565690778],[167.58176393668163],[0.4258169398597689],-20,0.47225383165623097
2688,-0.1297591381609044,0.0,22,10000,[6873.885565690778],[167.58176393668163],[0.4258169398597689],-20,0.47225383165623097
2689,0.41919659974450957,0.0,22,10000,[6873.885565690778],[167.58176393668163],[0.4258169398597689],-20,0.47225383165623097
2690,-0.04466795360764745,0.0,22,10000,[6873.885565690778],[167.58176393668163],[0.4258169398597689],-20,0.47225383165623097
2691,0.8109173222044812,0.0,22,10000,[6873.885565690778],[167.58176393668163],[0.4258169398597689],-20,0.47225383165623097
2692,-0.14229663902593126,0.0,22,10000,[6873.885565690778],[167.58176393668163],[0.4258169398597689],-20,0.47225383165623097
2693,-0.448809027543269,0.0,22,10000,[6873.885565690778],[167.58176393668163],[0.4258169398597689],-20,0.47225383165623097
2694,-0.46899737304235783,0.0,22,10000,[6873.885565690778],[167.58176393668163],[0.4258169398597689],-20,0.47225383165623097
2695,0.3701016138555481,0.0,22,10000,[6873.885565690778],[167.58176393668163],[0.4258169398597689],-20,0.47225383165623097
2696,-0.039157755916621455,0.0,22,10000,[6873.885565690778],[167.58176393668163],[0.4258169398597689],-20,0.47225383165623097
2697,-0.2658133909395358,0.0,22,10000,[6873.885565690778],[167.58176393668163],[0.4258169398597689],-20,0.47225383165623097
2698,0.6418705382417507,0.0,22,10000,[6873.885565690778],[167.58176393668163],[0.4258169398597689],-20,0.47225383165623097
2699,0.20119588551997714,0.0,22,10000,[6873.885565690778],[167.58176393668163],[0.4258169398597689],-20,0.47225383165623097
2700,0.4594007835613653,0.0,22,10000,[6873.885565690778],[167.58176393668163],[0.4258169398597689],-20,0.47225383165623097
2701,1.0285631714755,0.0,22,10000,[6873.885565690778],[167.58176393668163],[0.4258169398597689],-20,0.47225383165623097
2702,-0.17639188893645905,0.0,22,10000,[6873.885565690778],[167.58176393668163],[0.4258169398597689],-20,0.47225383165623097
2703,-0.6499347758058287,0.0,22,10000,[6873.885565690778],[167.58176393668163],[0.4258169398597689],-20,0.47225383165623097
2704,0.3347643472521345,0.0,22,10000,[6873.885565690778],[167.58176393668163],[0.4258169398597689],-20,0.47225383165623097
2705,0.48118007452794,0.0,22,10000,[6873.885565690778],[167.58176393668163],[0.4258169398597689],-20,0.47225383165623097
2706,-0.02098106881098045,0.0,22,10000,[6873.885565690778],[167.58176393668163],[0.4258169398597689],-20,0.47225383165623097
2707,-0.46757390195182125,0.0,22,10000,[6873.885565690778],[167.58176393668163],[0.4258169398597689],-20,0.47225383165623097
2708,-0.009278370083112969,0.0,22,10000,[6873.885565690778],[167.58176393668163],[0.4258169398597689],-20,0.47225383165623097
2709,0.5420059189979406,0.0,22,10000,[6873.885565690778],[167.58176393668163],[0.4258169398597689],-20,0.47225383165623097
2710,-0.1085413070070199,0.0,22,10000,[6873.885565690778],[167.58176393668163],[0.4258169398597689],-20,0.47225383165623097
2711,0.9909162811356341,0.0,22,10000,[6873.885565690778],[167.58176393668163],[0.4258169398597689],-20,0.47225383165623097
2712,-0.46836725198710927,0.0,22,10000,[6873.885565690778],[167.58176393668163],[0.4258169398597689],-20,0.47225383165623097
2713,0.4991016700707401,0.0,22,10000,[6873.885565690778],[167.58176393668163],[0.4258169398597689],-20,0.47225383165623097
2714,-0.15860246791661328,0.0,22,10000,[6873.885565690778],[167.58176393668163],[0.4258169398597689],-20,0.47225383165623097
2715,-0.5602804100166038,0.0,22,10000,[6873.885565690778],[167.58176393668163],[0.4258169398597689],-20,0.47225383165623097
2716,0.16227049059248377,0.0,22,10000,[6873.885565690778],[167.58176393668163],[0.4258169398597689],-20,0.47225383165623097
2717,0.05037598912554537,0.0,22,10000,[6873.885565690778],[167.58176393668163],[0.4258169398597689],-20,0.47225383165623097
2718,0.250235985557763,0.0,22,10000,[6873.885565690778],[167.58176393668163],[0.4258169398597689],-20,0.47225383165623097
2719,-0.019903171900639012,0.0,22,10000,[6873.885565690778],[167.58176393668163],[0.4258169398597689],-20,0.47225383165623097
2720,0.02300826042548712,0.0,22,10000,[6873.885565690778],[167.58176393668163],[0.4258169398597689],-20,0.47225383165623097
2721,-0.5440500570543277,0.0,22,10000,[6873.885565690778],[167.58176393668163],[0.4258169398597689],-20,0.47225383165623097
2722,1.0558177709982053,0.0,22,10000,[6873.885565690778],[167.58176393668163],[0.4258169398597689],-20,0.47225383165623097
2723,-0.957994386400058,0.0,22,10000,[6873.885565690778],[167.58176393668163],[0.4258169398597689],-20,0.47225383165623097
2724,0.5161904098430066,0.0,22,10000,[6873.885565690778],[167.58176393668163],[0.4258169398597689],-20,0.47225383165623097
2725,1.0203394587883718,0.0,22,10000,[6873.885565690778],[167.58176393668163],[0.4258169398597689],-20,0.47225383165623097
2726,-0.33010376542487396,0.0,22,10000,[6873.885565690778],[167.58176393668163],[0.4258169398597689],-20,0.47225383165623097
2727,0.1512453231845706,0.0,22,10000,[6873.885565690778],[167.58176393668163],[0.4258169398597689],-20,0.47225383165623097
2728,0.5015325905984656,0.0,22,10000,[6873.885565690778],[167.58176393668163],[0.4258169398597689],-20,0.47225383165623097
2729,-0.5105146619517261,0.0,22,10000,[6873.885565690778],[167.58176393668163],[0.4258169398597689],-20,0.47225383165623097
2730,0.0725425933192612,0.0,22,10000,[6873.885565690778],[167.58176393668163],[0.4258169398597689],-20,0.47225383165623097
2731,-0.20885883144730183,0.0,22,10000,[6873.885565690778],[167.58176393668163],[0.4258169398597689],-20,0.47225383165623097
2732,-0.13065453513316094,0.0,22,10000,[6873.885565690778],[167.58176393668163],[0.4258169398597689],-20,0.47225383165623097
2733,0.41901359912609226,0.0,22,10000,[6873.885565690778],[167.58176393668163],[0.4258169398597689],-20,0.47225383165623097
2734,-0.18924482770504492,0.0,22,10000,[6873.885565690778],[167.58176393668163],[0.4258169398597689],-20,0.47225383165623097
2735,-0.20861287725202027,0.0,22,10000,[6873.885565690778],[167.58176393668163],[0.4258169398597689],-20,0.47225383165623097
2736,0.1811446887004764,0.0,22,10000,[6873.885565690778],[167.58176393668163],[0.4258169398597689],-20,0.47225383165623097
2737,0.5904921266182243,0.0,22,10000,[6873.885565690778],[167.58176393668163],[0.4258169398597689],-20,0.47225383165623097
2738,-0.13016883077001748,0.0,22,10000,[6873.885565690778],[167.58176393668163],[0.4258169398597689],-20,0.47225383165623097
2739,-0.8092361117436582,0.0,22,10000,[6873.885565690778],[167.58176393668163],[0.4258169398597689],-20,0.47225383165623097
2740,-0.7970765521828277,0.0,22,10000,[6873.885565690778],[167.58176393668163],[0.4258169398597689],-20,0.47225383165623097
2741,-0.2575796147970082,0.0,22,10000,[6873.885565690778],[167.58176393668163],[0.4258169398597689],-20,0.47225383165623097
2742,0.4425170202363592,0.0,22,10000,[6873.885565690778],[167.58176393668163],[0.4258169398597689],-20,0.47225383165623097
2743,-0.09211137676643373,0.0,22,10000,[6873.885565690778],[167.58176393668163],[0.4258169398597689],-20,0.47225383165623097
2744,0.6458987005490789,0.0,22,10000,[6873.885565690778],[167.58176393668163],[0.4258169398597689],-20,0.47225383165623097
2745,0.3576003253324299,0.0,22,10000,[6873.885565690778],[167.58176393668163],[0.4258169398597689],-20,0.47225383165623097
2746,0.023811152858652873,0.0,22,10000,[6873.885565690778],[167.58176393668163],[0.4258169398597689],-20,0.47225383165623097
2747,0.585610563979263,0.0,22,10000,[6873.885565690778],[167.58176393668163],[0.4258169398597689],-20,0.47225383165623097
2748,-1.233521848106175,0.0,22,10000,[6873.885565690778],[167.58176393668163],[0.4258169398597689],-20,0.47225383165623097
2749,-0.04223144200102398,0.0,22,10000,[6873.885565690778],[167.58176393668163],[0.4258169398597689],-20,0.47225383165623097
2750,0.34959286544389273,0.0,22,10000,[6873.885565690778],[167.58176393668163],[0.4258169398597689],-20,0.47225383165623097
2751,-0.6191100576613776,0.0,22,10000,[6873.885565690778],[167.58176393668163],[0.4258169398597689],-20,0.47225383165623097
2752,0.4297511359191278,0.0,22,10000,[6873.885565690778],[167.58176393668163],[0.4258169398597689],-20,0.47225383165623097
2753,-0.38271147243975373,0.0,22,10000,[6873.885565690778],[167.58176393668163],[0.4258169398597689],-20,0.47225383165623097
2754,0.17543332233379716,0.0,22,10000,[6873.885565690778],[167.58176393668163],[0.4258169398597689],-20,0.47225383165623097
2755,0.06708065866758507,0.0,22,10000,[6873.885565690778],[167.58176393668163],[0.4258169398597689],-20,0.47225383165623097
2756,-0.6692448491850337,0.0,22,10000,[6873.885565690778],[167.58176393668163],[0.4258169398597689],-20,0.47225383165623097
2757,0.33400608528946235,0.0,22,10000,[6873.885565690778],[167.58176393668163],[0.4258169398597689],-20,0.47225383165623097
2758,-0.19501855621875014,0.0,22,10000,[6873.885565690778],[167.58176393668163],[0.4258169398597689],-20,0.47225383165623097
2759,1.151613904171408,0.0,22,10000,[6873.885565690778],[167.58176393668163],[0.4258169398597689],-20,0.47225383165623097
2760,0.2722201295394665,0.0,22,10000,[6873.885565690778],[167.58176393668163],[0.4258169398597689],-20,0.47225383165623097
2761,0.7496408851921417,0.0,22,10000,[6873.885565690778],[167.58176393668163],[0.4258169398597689],-20,0.47225383165623097
2762,-0.3523012487528415,0.0,22,10000,[6873.885565690778],[167.58176393668163],[0.4258169398597689],-20,0.47225383165623097
2763,-0.12832939969911977,0.0,22,10000,[6873.885565690778],[167.58176393668163],[0.4258169398597689],-20,0.47225383165623097
2764,0.16578650189089966,0.0,22,10000,[6873.885565690778],[167.58176393668163],[0.4258169398597689],-20,0.47225383165623097
2765,0.23210486582785494,0.0,22,10000,[6873.885565690778],[167.58176393668163],[0.4258169398597689],-20,0.47225383165623097
2766,0.09009801289228693,0.0,22,10000,[6873.885565690778],[167.58176393668163],[0.4258169398597689],-20,0.47225383165623097
2767,-0.0031109021502050806,0.0,22,10000,[6873.885565690778],[167.58176393668163],[0.4258169398597689],-20,0.47225383165623097
2768,0.02909692510471156,0.0,22,10000,[6873.885565690778],[167.58176393668163],[0.4258169398597689],-20,0.47225383165623097
2769,0.27782469985675073,0.0,22,10000,[6873.885565690778],[167.58176393668163],[0.4258169398597689],-20,0.47225383165623097
2770,-0.3089495332908224,0.0,22,10000,[6873.885565690778],[167.58176393668163],[0.4258169398597689],-20,0.47225383165623097
2771,0.892564741475372,0.0,22,10000,[6873.885565690778],[167.58176393668163],[0.4258169398597689],-20,0.47225383165623097
2772,0.09351791336523346,0.0,22,10000,[6873.885565690778],[167.58176393668163],[0.4258169398597689],-20,0.47225383165623097
2773,-0.24500142363028155,0.0,22,10000,[6873.885565690778],[167.58176393668163],[0.4258169398597689],-20,0.47225383165623097
2774,0.3288825727732959,0.0,22,10000,[6873.885565690778],[167.58176393668163],[0.4258169398597689],-20,0.47225383165623097
2775,0.19124156819645335,0.0,22,10000,[6873.885565690778],[167.58176393668163],[0.4258169398597689],-20,0.47225383165623097
2776,-0.3872725741335972,0.0,22,10000,[6873.885565690778],[167.58176393668163],[0.4258169398597689],-20,0.47225383165623097
2777,0.09606359902272125,0.0,22,10000,[6873.885565690778],[167.58176393668163],[0.4258169398597689],-20,0.47225383165623097
2778,0.19853879399179603,0.0,22,10000,[6873.885565690778],[167.58176393668163],[0.4258169398597689],-20,0.47225383165623097
2779,0.06343311818561875,0.0,22,10000,[6873.885565690778],[167.58176393668163],[0.4258169398597689],-20,0.47225383165623097
2780,-0.14968141061744025,0.0,22,10000,[6873.885565690778],[167.58176393668163],[0.4258169398597689],-20,0.47225383165623097
2781,0.07892168562396203,0.0,22,10000,[6873.885565690778],[167.58176393668163],[0.4258169398597689],-20,0.47225383165623097
2782,0.6894003790187099,0.0,22,10000,[6873.885565690778],[167.58176393668163],[0.4258169398597689],-20,0.47225383165623097
2783,-0.06590936056662837,0.0,22,10000,[6873.885565690778],[167.58176393668163],[0.4258169398597689],-20,0.47225383165623097
2784,0.30199222106782153,0.0,22,10000,[6873.885565690778],[167.58176393668163],[0.4258169398597689],-20,0.47225383165623097
2785,0.18276706597633233,0.0,22,10000,[6873.885565690778],[167.58176393668163],[0.4258169398597689],-20,0.47225383165623097
2786,-0.34051667662146684,0.0,22,10000,[6873.885565690778],[167.58176393668163],[0.4258169398597689],-20,0.47225383165623097
2787,0.14195547403284764,0.0,22,10000,[6873.885565690778],[167.58176393668163],[0.4258169398597689],-20,0.47225383165623097
2788,0.03400445410206387,0.0,22,10000,[6873.885565690778],[167.58176393668163],[0.4258169398597689],-20,0.47225383165623097
2789,-0.8920516584117694,0.0,22,10000,[6873.885565690778],[167.58176393668163],[0.4258169398597689],-20,0.47225383165623097
2790,-1.0101291292321912,0.0,22,10000,[6873.885565690778],[167.58176393668163],[0.4258169398597689],-20,0.47225383165623097
2791,0.4594312524191884,0.0,22,10000,[6873.885565690778],[167.58176393668163],[0.4258169398597689],-20,0.47225383165623097
2792,0.3402676026758298,0.0,22,10000,[6873.885565690778],[167.58176393668163],[0.4258169398597689],-20,0.47225383165623097
2793,0.03399721113964262,0.0,22,10000,[6873.885565690778],[167.58176393668163],[0.4258169398597689],-20,0.47225383165623097
2794,0.45222559521358857,0.0,22,10000,[6873.885565690778],[167.58176393668163],[0.4258169398597689],-20,0.47225383165623097
2795,-0.7005713293915669,0.0,22,10000,[6873.885565690778],[167.58176393668163],[0.4258169398597689],-20,0.47225383165623097
2796,0.01327479177103772,0.0,22,10000,[6873.885565690778],[167.58176393668163],[0.4258169398597689],-20,0.47225383165623097
2797,0.3605052508765502,0.0,22,10000,[6873.885565690778],[167.58176393668163],[0.4258169398597689],-20,0.47225383165623097
2798,-0.09435812956054249,0.0,22,10000,[6873.885565690778],[167.58176393668163],[0.4258169398597689],-20,0.47225383165623097
2799,-1.12783244925995,0.0,22,10000,[6873.885565690778],[167.58176393668163],[0.4258169398597689],-20,0.47225383165623097
2800,1.0082735375285983,0.0,22,10000,[6873.885565690778],[167.58176393668163],[0.4258169398597689],-20,0.47225383165623097
2801,-0.22092023544392383,0.0,22,10000,[6873.885565690778],[167.58176393668163],[0.4258169398597689],-20,0.47225383165623097
2802,-0.12504361172258244,0.0,22,10000,[6873.885565690778],[167.58176393668163],[0.4258169398597689],-20,0.47225383165623097
2803,-0.4014181776229044,0.0,22,10000,[6873.885565690778],[167.58176393668163],[0.4258169398597689],-20,0.47225383165623097
2804,0.3248861525797461,0.0,22,10000,[6873.885565690778],[167.58176393668163],[0.4258169398597689],-20,0.47225383165623097
2805,-0.4859688938777704,0.0,22,10000,[6873.885565690778],[167.58176393668163],[0.4258169398597689],-20,0.47225383165623097
2806,-0.44049910777783674,0.0,22,10000,[6873.885565690778],[167.58176393668163],[0.4258169398597689],-20,0.47225383165623097
2807,-0.31055255404115,0.0,22,10000,[6873.885565690778],[167.58176393668163],[0.4258169398597689],-20,0.47225383165623097
2808,0.337283508771476,0.0,22,10000,[6873.885565690778],[167.58176393668163],[0.4258169398597689],-20,0.47225383165623097
2809,-0.38712205505650465,0.0,22,10000,[6873.885565690778],[167.58176393668163],[0.4258169398597689],-20,0.47225383165623097
2810,-1.531737491462795,0.0,22,10000,[6873.885565690778],[167.58176393668163],[0.4258169398597689],-20,0.47225383165623097
2811,0.3264217069751067,0.0,22,10000,[6873.885565690778],[167.58176393668163],[0.4258169398597689],-20,0.47225383165623097
2812,-0.5322934877909266,0.0,22,10000,[6873.885565690778],[167.58176393668163],[0.4258169398597689],-20,0.47225383165623097
2813,-0.29619930332375716,0.0,22,10000,[6873.885565690778],[167.58176393668163],[0.4258169398597689],-20,0.47225383165623097
2814,-0.9169773781863289,0.0,22,10000,[6873.885565690778],[167.58176393668163],[0.4258169398597689],-20,0.47225383165623097
2815,0.4157301432828749,0.0,22,10000,[6873.885565690778],[167.58176393668163],[0.4258169398597689],-20,0.47225383165623097
2816,-0.23151708393520484,0.0,22,10000,[6873.885565690778],[167.58176393668163],[0.4258169398597689],-20,0.47225383165623097
2817,-0.07316350303042624,0.0,22,10000,[6873.885565690778],[167.58176393668163],[0.4258169398597689],-20,0.47225383165623097
2818,-0.26009982470382115,0.0,22,10000,[6873.885565690778],[167.58176393668163],[0.4258169398597689],-20,0.47225383165623097
2819,0.44135443921816336,0.0,22,10000,[6873.885565690778],[167.58176393668163],[0.4258169398597689],-20,0.47225383165623097
2820,-0.10791723413473833,0.0,22,10000,[6873.885565690778],[167.58176393668163],[0.4258169398597689],-20,0.47225383165623097
2821,0.03806296243375342,0.0,22,10000,[6873.885565690778],[167.58176393668163],[0.4258169398597689],-20,0.47225383165623097
2822,-0.616071880243249,0.0,22,10000,[6873.885565690778],[167.58176393668163],[0.4258169398597689],-20,0.47225383165623097
2823,0.1018373243184593,0.0,22,10000,[6873.885565690778],[167.58176393668163],[0.4258169398597689],-20,0.47225383165623097
2824,0.1352332595243838,0.0,22,10000,[6873.885565690778],[167.58176393668163],[0.4258169398597689],-20,0.47225383165623097
2825,0.2512635659273334,0.0,22,10000,[6873.885565690778],[167.58176393668163],[0.4258169398597689],-20,0.47225383165623097
2826,0.9016936963643951,0.0,22,10000,[6873.885565690778],[167.58176393668163],[0.4258169398597689],-20,0.47225383165623097
2827,1.0966538630219298,0.0,22,10000,[6873.885565690778],[167.58176393668163],[0.4258169398597689],-20,0.47225383165623097
2828,-0.04243002783911333,0.0,22,10000,[6873.885565690778],[167.58176393668163],[0.4258169398597689],-20,0.47225383165623097
2829,0.5573190538366123,0.0,22,10000,[6873.885565690778],[167.58176393668163],[0.4258169398597689],-20,0.47225383165623097
2830,0.6056120085134242,0.0,22,10000,[6873.885565690778],[167.58176393668163],[0.4258169398597689],-20,0.47225383165623097
2831,0.027867742328049724,0.0,22,10000,[6873.885565690778],[167.58176393668163],[0.4258169398597689],-20,0.47225383165623097
2832,0.5820434551239191,0.0,22,10000,[6873.885565690778],[167.58176393668163],[0.4258169398597689],-20,0.47225383165623097
2833,-0.08854454137381382,0.0,22,10000,[6873.885565690778],[167.58176393668163],[0.4258169398597689],-20,0.47225383165623097
2834,-0.05491195565661809,0.0,22,10000,[6873.885565690778],[167.58176393668163],[0.4258169398597689],-20,0.47225383165623097
2835,0.3410422266001293,0.0,22,10000,[6873.885565690778],[167.58176393668163],[0.4258169398597689],-20,0.47225383165623097
2836,-0.11352004437527731,0.0,22,10000,[6873.885565690778],[167.58176393668163],[0.4258169398597689],-20,0.47225383165623097
2837,-0.3096679313931928,0.0,22,10000,[6873.885565690778],[167.58176393668163],[0.4258169398597689],-20,0.47225383165623097
2838,0.16086296477616138,0.0,22,10000,[6873.885565690778],[167.58176393668163],[0.4258169398597689],-20,0.47225383165623097
2839,-0.022594097734530878,0.0,22,10000,[6873.885565690778],[167.58176393668163],[0.4258169398597689],-20,0.47225383165623097
2840,-0.1210253635870767,0.0,22,10000,[6873.885565690778],[167.58176393668163],[0.4258169398597689],-20,0.47225383165623097
2841,-0.24793747646630335,0.0,22,10000,[6873.885565690778],[167.58176393668163],[0.4258169398597689],-20,0.47225383165623097
2842,0.27441540402993914,0.0,22,10000,[6873.885565690778],[167.58176393668163],[0.4258169398597689],-20,0.47225383165623097
2843,-0.042071147297278844,0.0,22,10000,[6873.885565690778],[167.58176393668163],[0.4258169398597689],-20,0.47225383165623097
2844,-0.7832247116836639,0.0,22,10000,[6873.885565690778],[167.58176393668163],[0.4258169398597689],-20,0.47225383165623097
2845,-0.37903138496323796,0.0,22,10000,[6873.885565690778],[167.58176393668163],[0.4258169398597689],-20,0.47225383165623097
2846,0.48839947281370294,0.0,22,10000,[6873.885565690778],[167.58176393668163],[0.4258169398597689],-20,0.47225383165623097
2847,0.9230366958058144,0.0,22,10000,[6873.885565690778],[167.58176393668163],[0.4258169398597689],-20,0.47225383165623097
2848,-0.01236564510071481,0.0,22,10000,[6873.885565690778],[167.58176393668163],[0.4258169398597689],-20,0.47225383165623097
2849,-0.10576883004992024,0.0,22,10000,[6873.885565690778],[167.58176393668163],[0.4258169398597689],-20,0.47225383165623097
2850,-0.5657885682885422,0.0,22,10000,[6873.885565690778],[167.58176393668163],[0.4258169398597689],-20,0.47225383165623097
2851,0.09275343887126528,0.0,22,10000,[6873.885565690778],[167.58176393668163],[0.4258169398597689],-20,0.47225383165623097
2852,-0.4174312338062096,0.0,22,10000,[6873.885565690778],[167.58176393668163],[0.4258169398597689],-20,0.47225383165623097
2853,0.31294339110920816,0.0,22,10000,[6873.885565690778],[167.58176393668163],[0.4258169398597689],-20,0.47225383165623097
2854,-0.20098803808515806,0.0,22,10000,[6873.885565690778],[167.58176393668163],[0.4258169398597689],-20,0.47225383165623097
2855,-0.20979077617779185,0.0,22,10000,[6873.885565690778],[167.58176393668163],[0.4258169398597689],-20,0.47225383165623097
2856,0.8040686480214421,0.0,22,10000,[6873.885565690778],[167.58176393668163],[0.4258169398597689],-20,0.47225383165623097
2857,0.20425231295224947,0.0,22,10000,[6873.885565690778],[167.58176393668163],[0.4258169398597689],-20,0.47225383165623097
2858,0.21126856100758099,0.0,22,10000,[6873.885565690778],[167.58176393668163],[0.4258169398597689],-20,0.47225383165623097
2859,-0.51407665991251,0.0,22,10000,[6873.885565690778],[167.58176393668163],[0.4258169398597689],-20,0.47225383165623097
2860,-0.038212059247355025,0.0,22,10000,[6873.885565690778],[167.58176393668163],[0.4258169398597689],-20,0.47225383165623097
2861,-0.21273532816459548,0.0,22,10000,[6873.885565690778],[167.58176393668163],[0.4258169398597689],-20,0.47225383165623097
2862,0.2451504926612137,0.0,22,10000,[6873.885565690778],[167.58176393668163],[0.4258169398597689],-20,0.47225383165623097
2863,0.21541562489397745,0.0,22,10000,[6873.885565690778],[167.58176393668163],[0.4258169398597689],-20,0.47225383165623097
2864,-0.48496330929621984,0.0,22,10000,[6873.885565690778],[167.58176393668163],[0.4258169398597689],-20,0.47225383165623097
2865,0.06882920657482738,0.0,22,10000,[6873.885565690778],[167.58176393668163],[0.4258169398597689],-20,0.47225383165623097
2866,-0.2910841928103357,0.0,22,10000,[6873.885565690778],[167.58176393668163],[0.4258169398597689],-20,0.47225383165623097
2867,0.5432764173503154,0.0,22,10000,[6873.885565690778],[167.58176393668163],[0.4258169398597689],-20,0.47225383165623097
2868,0.4496623358568933,0.0,22,10000,[6873.885565690778],[167.58176393668163],[0.4258169398597689],-20,0.47225383165623097
2869,0.035672319206969824,0.0,22,10000,[6873.885565690778],[167.58176393668163],[0.4258169398597689],-20,0.47225383165623097
2870,0.15655111649132078,0.0,22,10000,[6873.885565690778],[167.58176393668163],[0.4258169398597689],-20,0.47225383165623097
2871,0.22821132646119097,0.0,22,10000,[6873.885565690778],[167.58176393668163],[0.4258169398597689],-20,0.47225383165623097
2872,-0.223815079493138,0.0,22,10000,[6873.885565690778],[167.58176393668163],[0.4258169398597689],-20,0.47225383165623097
2873,-0.5692316852805435,0.0,22,10000,[6873.885565690778],[167.58176393668163],[0.4258169398597689],-20,0.47225383165623097
2874,-7.277259437216236e-05,0.0,22,10000,[6873.885565690778],[167.58176393668163],[0.4258169398597689],-20,0.47225383165623097
2875,0.21308424011488925,0.0,22,10000,[6873.885565690778],[167.58176393668163],[0.4258169398597689],-20,0.47225383165623097
2876,-0.12977473519572758,0.0,22,10000,[6873.885565690778],[167.58176393668163],[0.4258169398597689],-20,0.47225383165623097
2877,-0.04816988955700216,0.0,22,10000,[6873.885565690778],[167.58176393668163],[0.4258169398597689],-20,0.47225383165623097
2878,0.3379335992720118,0.0,22,10000,[6873.885565690778],[167.58176393668163],[0.4258169398597689],-20,0.47225383165623097
2879,-0.1722900476623809,0.0,22,10000,[6873.885565690778],[167.58176393668163],[0.4258169398597689],-20,0.47225383165623097
2880,-0.25260968952586604,0.0,22,10000,[6873.885565690778],[167.58176393668163],[0.4258169398597689],-20,0.47225383165623097
2881,-0.15068838903803958,0.0,22,10000,[6873.885565690778],[167.58176393668163],[0.4258169398597689],-20,0.47225383165623097
2882,0.17877382467651948,0.0,22,10000,[6873.885565690778],[167.58176393668163],[0.4258169398597689],-20,0.47225383165623097
2883,-0.10249785093573896,0.0,22,10000,[6873.885565690778],[167.58176393668163],[0.4258169398597689],-20,0.47225383165623097
2884,0.19646379790244567,0.0,22,10000,[6873.885565690778],[167.58176393668163],[0.4258169398597689],-20,0.47225383165623097
2885,1.298596509800073,0.0,22,10000,[6873.885565690778],[167.58176393668163],[0.4258169398597689],-20,0.47225383165623097
2886,0.4241304370875331,0.0,22,10000,[6873.885565690778],[167.58176393668163],[0.4258169398597689],-20,0.47225383165623097
2887,0.6392629307023241,0.0,22,10000,[6873.885565690778],[167.58176393668163],[0.4258169398597689],-20,0.47225383165623097
2888,-0.12131347930876013,0.0,22,10000,[6873.885565690778],[167.58176393668163],[0.4258169398597689],-20,0.47225383165623097
2889,-0.006824810039261842,0.0,22,10000,[6873.885565690778],[167.58176393668163],[0.4258169398597689],-20,0.47225383165623097
2890,0.5679049279075555,0.0,22,10000,[6873.885565690778],[167.58176393668163],[0.4258169398597689],-20,0.47225383165623097
2891,0.3540407382704253,0.0,22,10000,[6873.885565690778],[167.58176393668163],[0.4258169398597689],-20,0.47225383165623097
2892,0.555045290271978,0.0,22,10000,[6873.885565690778],[167.58176393668163],[0.4258169398597689],-20,0.47225383165623097
2893,-0.1712735607404772,0.0,22,10000,[6873.885565690778],[167.58176393668163],[0.4258169398597689],-20,0.47225383165623097
2894,0.5367628548109157,0.0,22,10000,[6873.885565690778],[167.58176393668163],[0.4258169398597689],-20,0.47225383165623097
2895,-0.9569106213248377,0.0,22,10000,[6873.885565690778],[167.58176393668163],[0.4258169398597689],-20,0.47225383165623097
2896,0.08933445227177847,0.0,22,10000,[6873.885565690778],[167.58176393668163],[0.4258169398597689],-20,0.47225383165623097
2897,0.570775224475858,0.0,22,10000,[6873.885565690778],[167.58176393668163],[0.4258169398597689],-20,0.47225383165623097
2898,0.5868598548233471,0.0,22,10000,[6873.885565690778],[167.58176393668163],[0.4258169398597689],-20,0.47225383165623097
2899,-0.6144006010002153,0.0,22,10000,[6873.885565690778],[167.58176393668163],[0.4258169398597689],-20,0.47225383165623097
2900,0.2191987071685125,0.0,22,10000,[6873.885565690778],[167.58176393668163],[0.4258169398597689],-20,0.47225383165623097
2901,-0.6040607295240744,0.0,22,10000,[6873.885565690778],[167.58176393668163],[0.4258169398597689],-20,0.47225383165623097
2902,0.3439453417883456,0.0,22,10000,[6873.885565690778],[167.58176393668163],[0.4258169398597689],-20,0.47225383165623097
2903,-0.24682842996453527,0.0,22,10000,[6873.885565690778],[167.58176393668163],[0.4258169398597689],-20,0.47225383165623097
2904,-0.44442246840961014,0.0,22,10000,[6873.885565690778],[167.58176393668163],[0.4258169398597689],-20,0.47225383165623097
2905,-0.36147895724676926,0.0,22,10000,[6873.885565690778],[167.58176393668163],[0.4258169398597689],-20,0.47225383165623097
2906,0.41824447224321576,0.0,22,10000,[6873.885565690778],[167.58176393668163],[0.4258169398597689],-20,0.47225383165623097
2907,-0.42092879277541034,0.0,22,10000,[6873.885565690778],[167.58176393668163],[0.4258169398597689],-20,0.47225383165623097
2908,-0.36288207204443446,0.0,22,10000,[6873.885565690778],[167.58176393668163],[0.4258169398597689],-20,0.47225383165623097
2909,0.14863986643256358,0.0,22,10000,[6873.885565690778],[167.58176393668163],[0.4258169398597689],-20,0.47225383165623097
2910,0.09151600199495369,0.0,22,10000,[6873.885565690778],[167.58176393668163],[0.4258169398597689],-20,0.47225383165623097
2911,-0.2211011469895539,0.0,22,10000,[6873.885565690778],[167.58176393668163],[0.4258169398597689],-20,0.47225383165623097
2912,0.010539646323645213,0.0,22,10000,[6873.885565690778],[167.58176393668163],[0.4258169398597689],-20,0.47225383165623097
2913,-0.8722338955491267,0.0,22,10000,[6873.885565690778],[167.58176393668163],[0.4258169398597689],-20,0.47225383165623097
2914,-0.08124927694356206,0.0,22,10000,[6873.885565690778],[167.58176393668163],[0.4258169398597689],-20,0.47225383165623097
2915,0.653064428161283,0.0,22,10000,[6873.885565690778],[167.58176393668163],[0.4258169398597689],-20,0.47225383165623097
2916,-0.08139323437489251,0.0,22,10000,[6873.885565690778],[167.58176393668163],[0.4258169398597689],-20,0.47225383165623097
2917,-0.7137587405491614,0.0,22,10000,[6873.885565690778],[167.58176393668163],[0.4258169398597689],-20,0.47225383165623097
2918,0.11335240962288982,0.0,22,10000,[6873.885565690778],[167.58176393668163],[0.4258169398597689],-20,0.47225383165623097
2919,-0.16770916734532404,0.0,22,10000,[6873.885565690778],[167.58176393668163],[0.4258169398597689],-20,0.47225383165623097
2920,0.16842388594543423,0.0,22,10000,[6873.885565690778],[167.58176393668163],[0.4258169398597689],-20,0.47225383165623097
2921,-0.21090161491122164,0.0,22,10000,[6873.885565690778],[167.58176393668163],[0.4258169398597689],-20,0.47225383165623097
2922,0.02531756060024347,0.0,22,10000,[6873.885565690778],[167.58176393668163],[0.4258169398597689],-20,0.47225383165623097
2923,-0.25900628341159293,0.0,22,10000,[6873.885565690778],[167.58176393668163],[0.4258169398597689],-20,0.47225383165623097
2924,0.09276578031427803,0.0,22,10000,[6873.885565690778],[167.58176393668163],[0.4258169398597689],-20,0.47225383165623097
2925,-0.2066246979969355,0.0,22,10000,[6873.885565690778],[167.58176393668163],[0.4258169398597689],-20,0.47225383165623097
2926,-0.023684401654245596,0.0,22,10000,[6873.885565690778],[167.58176393668163],[0.4258169398597689],-20,0.47225383165623097
2927,-0.003949864838258814,0.0,22,10000,[6873.885565690778],[167.58176393668163],[0.4258169398597689],-20,0.47225383165623097
2928,0.15807196075969,0.0,22,10000,[6873.885565690778],[167.58176393668163],[0.4258169398597689],-20,0.47225383165623097
2929,-0.15869023586576056,0.0,22,10000,[6873.885565690778],[167.58176393668163],[0.4258169398597689],-20,0.47225383165623097
2930,-0.726586533327681,0.0,22,10000,[6873.885565690778],[167.58176393668163],[0.4258169398597689],-20,0.47225383165623097
2931,-0.802867690177534,0.0,22,10000,[6873.885565690778],[167.58176393668163],[0.4258169398597689],-20,0.47225383165623097
2932,-0.5089986563020034,0.0,22,10000,[6873.885565690778],[167.58176393668163],[0.4258169398597689],-20,0.47225383165623097
2933,0.007205705797152457,0.0,22,10000,[6873.885565690778],[167.58176393668163],[0.4258169398597689],-20,0.47225383165623097
2934,1.2877088685984341,0.0,22,10000,[6873.885565690778],[167.58176393668163],[0.4258169398597689],-20,0.47225383165623097
2935,0.4278080575501321,0.0,22,10000,[6873.885565690778],[167.58176393668163],[0.4258169398597689],-20,0.47225383165623097
2936,0.40695463472936727,0.0,22,10000,[6873.885565690778],[167.58176393668163],[0.4258169398597689],-20,0.47225383165623097
2937,0.5255886098003681,0.0,22,10000,[6873.885565690778],[167.58176393668163],[0.4258169398597689],-20,0.47225383165623097
2938,-0.4431059092905397,0.0,22,10000,[6873.885565690778],[167.58176393668163],[0.4258169398597689],-20,0.47225383165623097
2939,0.27135015134905666,0.0,22,10000,[6873.885565690778],[167.58176393668163],[0.4258169398597689],-20,0.47225383165623097
2940,-0.477726277920408,0.0,22,10000,[6873.885565690778],[167.58176393668163],[0.4258169398597689],-20,0.47225383165623097
2941,0.03794311192035103,0.0,22,10000,[6873.885565690778],[167.58176393668163],[0.4258169398597689],-20,0.47225383165623097
2942,0.19659057877234348,0.0,22,10000,[6873.885565690778],[167.58176393668163],[0.4258169398597689],-20,0.47225383165623097
2943,0.40107367126121607,0.0,22,10000,[6873.885565690778],[167.58176393668163],[0.4258169398597689],-20,0.47225383165623097
2944,0.19337480778450852,0.0,22,10000,[6873.885565690778],[167.58176393668163],[0.4258169398597689],-20,0.47225383165623097
2945,0.299273346898102,0.0,22,10000,[6873.885565690778],[167.58176393668163],[0.4258169398597689],-20,0.47225383165623097
2946,-0.6555267405547638,0.0,22,10000,[6873.885565690778],[167.58176393668163],[0.4258169398597689],-20,0.47225383165623097
2947,0.008893927257777892,0.0,22,10000,[6873.885565690778],[167.58176393668163],[0.4258169398597689],-20,0.47225383165623097
2948,0.03728411137185389,0.0,22,10000,[6873.885565690778],[167.58176393668163],[0.4258169398597689],-20,0.47225383165623097
2949,-0.23224011971954867,0.0,22,10000,[6873.885565690778],[167.58176393668163],[0.4258169398597689],-20,0.47225383165623097
2950,0.2853308386983733,0.0,22,10000,[6873.885565690778],[167.58176393668163],[0.4258169398597689],-20,0.47225383165623097
2951,0.18025725815664528,0.0,22,10000,[6873.885565690778],[167.58176393668163],[0.4258169398597689],-20,0.47225383165623097
2952,-0.0002826309162475899,0.0,22,10000,[6873.885565690778],[167.58176393668163],[0.4258169398597689],-20,0.47225383165623097
2953,0.2648984312529095,0.0,22,10000,[6873.885565690778],[167.58176393668163],[0.4258169398597689],-20,0.47225383165623097
2954,-0.988378760323627,0.0,22,10000,[6873.885565690778],[167.58176393668163],[0.4258169398597689],-20,0.47225383165623097
2955,-0.006380446690544536,0.0,22,10000,[6873.885565690778],[167.58176393668163],[0.4258169398597689],-20,0.47225383165623097
2956,-0.4003648729080072,0.0,22,10000,[6873.885565690778],[167.58176393668163],[0.4258169398597689],-20,0.47225383165623097
2957,-0.37627438813261466,0.0,22,10000,[6873.885565690778],[167.58176393668163],[0.4258169398597689],-20,0.47225383165623097
2958,-0.015065540539395135,0.0,22,10000,[6873.885565690778],[167.58176393668163],[0.4258169398597689],-20,0.47225383165623097
2959,-0.19983513031950736,0.0,22,10000,[6873.885565690778],[167.58176393668163],[0.4258169398597689],-20,0.47225383165623097
2960,-0.13123814402257694,0.0,22,10000,[6873.885565690778],[167.58176393668163],[0.4258169398597689],-20,0.47225383165623097
2961,1.3620803138566107,0.0,22,10000,[6873.885565690778],[167.58176393668163],[0.4258169398597689],-20,0.47225383165623097
2962,-0.21742980155192085,0.0,22,10000,[6873.885565690778],[167.58176393668163],[0.4258169398597689],-20,0.47225383165623097
2963,0.18028220428848277,0.0,22,10000,[6873.885565690778],[167.58176393668163],[0.4258169398597689],-20,0.47225383165623097
2964,-0.0748231049785507,0.0,22,10000,[6873.885565690778],[167.58176393668163],[0.4258169398597689],-20,0.47225383165623097
2965,0.44545557348642506,0.0,22,10000,[6873.885565690778],[167.58176393668163],[0.4258169398597689],-20,0.47225383165623097
2966,-0.34678179441105833,0.0,22,10000,[6873.885565690778],[167.58176393668163],[0.4258169398597689],-20,0.47225383165623097
2967,0.49090715985127853,0.0,22,10000,[6873.885565690778],[167.58176393668163],[0.4258169398597689],-20,0.47225383165623097
2968,1.0475844772533245,0.0,22,10000,[6873.885565690778],[167.58176393668163],[0.4258169398597689],-20,0.47225383165623097
2969,-0.13385940836328228,0.0,22,10000,[6873.885565690778],[167.58176393668163],[0.4258169398597689],-20,0.47225383165623097
2970,-0.040608669901650345,0.0,22,10000,[6873.885565690778],[167.58176393668163],[0.4258169398597689],-20,0.47225383165623097
2971,-0.36478023331487963,0.0,22,10000,[6873.885565690778],[167.58176393668163],[0.4258169398597689],-20,0.47225383165623097
2972,-0.48211843804272264,0.0,22,10000,[6873.885565690778],[167.58176393668163],[0.4258169398597689],-20,0.47225383165623097
2973,-0.7696821293306116,0.0,22,10000,[6873.885565690778],[167.58176393668163],[0.4258169398597689],-20,0.47225383165623097
2974,0.10784562355943327,0.0,22,10000,[6873.885565690778],[167.58176393668163],[0.4258169398597689],-20,0.47225383165623097
2975,0.07277835307831773,0.0,22,10000,[6873.885565690778],[167.58176393668163],[0.4258169398597689],-20,0.47225383165623097
2976,0.06077273946678758,0.0,22,10000,[6873.885565690778],[167.58176393668163],[0.4258169398597689],-20,0.47225383165623097
2977,-0.3215589789864124,0.0,22,10000,[6873.885565690778],[167.58176393668163],[0.4258169398597689],-20,0.47225383165623097
2978,-0.373027738726466,0.0,22,10000,[6873.885565690778],[167.58176393668163],[0.4258169398597689],-20,0.47225383165623097
2979,-0.7546112564436454,0.0,22,10000,[6873.885565690778],[167.58176393668163],[0.4258169398597689],-20,0.47225383165623097
2980,0.14003523229716613,0.0,22,10000,[6873.885565690778],[167.58176393668163],[0.4258169398597689],-20,0.47225383165623097
2981,0.08502365382357044,0.0,22,10000,[6873.885565690778],[167.58176393668163],[0.4258169398597689],-20,0.47225383165623097
2982,-0.7228616369032099,0.0,22,10000,[6873.885565690778],[167.58176393668163],[0.4258169398597689],-20,0.47225383165623097
2983,-0.3156756284699412,0.0,22,10000,[6873.885565690778],[167.58176393668163],[0.4258169398597689],-20,0.47225383165623097
2984,-0.09995438665305373,0.0,22,10000,[6873.885565690778],[167.58176393668163],[0.4258169398597689],-20,0.47225383165623097
2985,-0.2556961202063313,0.0,22,10000,[6873.885565690778],[167.58176393668163],[0.4258169398597689],-20,0.47225383165623097
2986,-0.3137066201865246,0.0,22,10000,[6873.885565690778],[167.58176393668163],[0.4258169398597689],-20,0.47225383165623097
2987,0.012916239314999946,0.0,22,10000,[6873.885565690778],[167.58176393668163],[0.4258169398597689],-20,0.47225383165623097
2988,-0.12132807674346954,0.0,22,10000,[6873.885565690778],[167.58176393668163],[0.4258169398597689],-20,0.47225383165623097
2989,-0.1922215912475863,0.0,22,10000,[6873.885565690778],[167.58176393668163],[0.4258169398597689],-20,0.47225383165623097
2990,-0.864138621605778,0.0,22,10000,[6873.885565690778],[167.58176393668163],[0.4258169398597689],-20,0.47225383165623097
2991,0.006562344954240176,0.0,22,10000,[6873.885565690778],[167.58176393668163],[0.4258169398597689],-20,0.47225383165623097
2992,0.4509978344659063,0.0,22,10000,[6873.885565690778],[167.58176393668163],[0.4258169398597689],-20,0.47225383165623097
2993,-0.37864993696291394,0.0,22,10000,[6873.885565690778],[167.58176393668163],[0.4258169398597689],-20,0.47225383165623097
2994,0.7279787984537114,0.0,22,10000,[6873.885565690778],[167.58176393668163],[0.4258169398597689],-20,0.47225383165623097
2995,-0.36094128611528903,0.0,22,10000,[6873.885565690778],[167.58176393668163],[0.4258169398597689],-20,0.47225383165623097
2996,0.27428303458172704,0.0,22,10000,[6873.885565690778],[167.58176393668163],[0.4258169398597689],-20,0.47225383165623097
2997,0.31958997127190963,0.0,22,10000,[6873.885565690778],[167.58176393668163],[0.4258169398597689],-20,0.47225383165623097
2998,-0.6112671096714466,0.0,22,10000,[6873.885565690778],[167.58176393668163],[0.4258169398597689],-20,0.47225383165623097
2999,-0.4032903535590197,0.0,22,10000,[6873.885565690778],[167.58176393668163],[0.4258169398597689],-20,0.47225383165623097
3000,-0.34729698830266226,0.0,22,10000,[6873.885565690778],[167.58176393668163],[0.4258169398597689],-20,0.47225383165623097
3001,0.36624610681976943,0.0,22,10000,[6873.885565690778],[167.58176393668163],[0.4258169398597689],-20,0.47225383165623097
3002,0.16553202815947538,0.0,22,10000,[6873.885565690778],[167.58176393668163],[0.4258169398597689],-20,0.47225383165623097
3003,0.6443411256454489,0.0,22,10000,[6873.885565690778],[167.58176393668163],[0.4258169398597689],-20,0.47225383165623097
3004,0.739728737708163,0.0,22,10000,[6873.885565690778],[167.58176393668163],[0.4258169398597689],-20,0.47225383165623097
3005,-0.6279036232471318,0.0,22,10000,[6873.885565690778],[167.58176393668163],[0.4258169398597689],-20,0.47225383165623097
3006,0.5652970426530955,0.0,22,10000,[6873.885565690778],[167.58176393668163],[0.4258169398597689],-20,0.47225383165623097
3007,-0.6055459541929112,0.0,22,10000,[6873.885565690778],[167.58176393668163],[0.4258169398597689],-20,0.47225383165623097
3008,0.14781060179809563,0.0,22,10000,[6873.885565690778],[167.58176393668163],[0.4258169398597689],-20,0.47225383165623097
3009,0.24966868653719912,0.0,22,10000,[6873.885565690778],[167.58176393668163],[0.4258169398597689],-20,0.47225383165623097
3010,-0.05360473552874014,0.0,22,10000,[6873.885565690778],[167.58176393668163],[0.4258169398597689],-20,0.47225383165623097
3011,0.3237286981465961,0.0,22,10000,[6873.885565690778],[167.58176393668163],[0.4258169398597689],-20,0.47225383165623097
3012,0.03950989626291868,0.0,22,10000,[6873.885565690778],[167.58176393668163],[0.4258169398597689],-20,0.47225383165623097
3013,-0.8702002917660654,0.0,22,10000,[6873.885565690778],[167.58176393668163],[0.4258169398597689],-20,0.47225383165623097
3014,0.21196564027813433,0.0,22,10000,[6873.885565690778],[167.58176393668163],[0.4258169398597689],-20,0.47225383165623097
3015,-0.1995955022145756,0.0,22,10000,[6873.885565690778],[167.58176393668163],[0.4258169398597689],-20,0.47225383165623097
3016,-0.4913600807638072,0.0,22,10000,[6873.885565690778],[167.58176393668163],[0.4258169398597689],-20,0.47225383165623097
3017,-0.14742358052971652,0.0,22,10000,[6873.885565690778],[167.58176393668163],[0.4258169398597689],-20,0.47225383165623097
3018,0.4397208881148029,0.0,22,10000,[6873.885565690778],[167.58176393668163],[0.4258169398597689],-20,0.47225383165623097
3019,-0.4714777085886099,0.0,22,10000,[6873.885565690778],[167.58176393668163],[0.4258169398597689],-20,0.47225383165623097
3020,0.5550829477528441,0.0,22,10000,[6873.885565690778],[167.58176393668163],[0.4258169398597689],-20,0.47225383165623097
3021,-0.5228325696116433,0.0,22,10000,[6873.885565690778],[167.58176393668163],[0.4258169398597689],-20,0.47225383165623097
3022,0.3238617333167139,0.0,22,10000,[6873.885565690778],[167.58176393668163],[0.4258169398597689],-20,0.47225383165623097
3023,-0.4529003456491161,0.0,22,10000,[6873.885565690778],[167.58176393668163],[0.4258169398597689],-20,0.47225383165623097
3024,-0.2535986537661645,0.0,22,10000,[6873.885565690778],[167.58176393668163],[0.4258169398597689],-20,0.47225383165623097
3025,-0.049321575245589666,0.0,22,10000,[6873.885565690778],[167.58176393668163],[0.4258169398597689],-20,0.47225383165623097
3026,-0.41953012088313457,0.0,22,10000,[6873.885565690778],[167.58176393668163],[0.4258169398597689],-20,0.47225383165623097
3027,-0.16538701247115037,0.0,22,10000,[6873.885565690778],[167.58176393668163],[0.4258169398597689],-20,0.47225383165623097
3028,-0.37443171713127443,0.0,22,10000,[6873.885565690778],[167.58176393668163],[0.4258169398597689],-20,0.47225383165623097
3029,0.23491391159081734,0.0,22,10000,[6873.885565690778],[167.58176393668163],[0.4258169398597689],-20,0.47225383165623097
3030,-0.0037567129566362205,0.0,22,10000,[6873.885565690778],[167.58176393668163],[0.4258169398597689],-20,0.47225383165623097
3031,-0.06084415092275825,0.0,22,10000,[6873.885565690778],[167.58176393668163],[0.4258169398597689],-20,0.47225383165623097
3032,-0.280482177626464,0.0,22,10000,[6873.885565690778],[167.58176393668163],[0.4258169398597689],-20,0.47225383165623097
3033,0.3739803843895781,0.0,22,10000,[6873.885565690778],[167.58176393668163],[0.4258169398597689],-20,0.47225383165623097
3034,0.7668471599708587,0.0,22,10000,[6873.885565690778],[167.58176393668163],[0.4258169398597689],-20,0.47225383165623097
3035,0.3481767619449229,0.0,22,10000,[6873.885565690778],[167.58176393668163],[0.4258169398597689],-20,0.47225383165623097
3036,-0.0003427000223449106,0.0,22,10000,[6873.885565690778],[167.58176393668163],[0.4258169398597689],-20,0.47225383165623097
3037,-0.323743266812841,0.0,22,10000,[6873.885565690778],[167.58176393668163],[0.4258169398597689],-20,0.47225383165623097
3038,-0.20128610543672573,0.0,22,10000,[6873.885565690778],[167.58176393668163],[0.4258169398597689],-20,0.47225383165623097
3039,0.2639925816207181,0.0,22,10000,[6873.885565690778],[167.58176393668163],[0.4258169398597689],-20,0.47225383165623097
3040,0.2631700600406963,0.0,22,10000,[6873.885565690778],[167.58176393668163],[0.4258169398597689],-20,0.47225383165623097
3041,0.08658350011311547,0.0,22,10000,[6873.885565690778],[167.58176393668163],[0.4258169398597689],-20,0.47225383165623097
3042,0.15002223735074718,0.0,22,10000,[6873.885565690778],[167.58176393668163],[0.4258169398597689],-20,0.47225383165623097
3043,0.3280297395734791,0.0,22,10000,[6873.885565690778],[167.58176393668163],[0.4258169398597689],-20,0.47225383165623097
3044,-0.22102853633151712,0.0,22,10000,[6873.885565690778],[167.58176393668163],[0.4258169398597689],-20,0.47225383165623097
3045,0.5841236773726667,0.0,22,10000,[6873.885565690778],[167.58176393668163],[0.4258169398597689],-20,0.47225383165623097
3046,-0.5708173711322716,0.0,22,10000,[6873.885565690778],[167.58176393668163],[0.4258169398597689],-20,0.47225383165623097
3047,0.6690764599896678,0.0,22,10000,[6873.885565690778],[167.58176393668163],[0.4258169398597689],-20,0.47225383165623097
3048,0.2216771610800915,0.0,22,10000,[6873.885565690778],[167.58176393668163],[0.4258169398597689],-20,0.47225383165623097
3049,0.29085079051332,0.0,22,10000,[6873.885565690778],[167.58176393668163],[0.4258169398597689],-20,0.47225383165623097
3050,-0.10251387115054106,0.0,22,10000,[6873.885565690778],[167.58176393668163],[0.4258169398597689],-20,0.47225383165623097
3051,-0.13974663718632985,0.0,22,10000,[6873.885565690778],[167.58176393668163],[0.4258169398597689],-20,0.47225383165623097
3052,-0.9041468644393504,0.0,22,10000,[6873.885565690778],[167.58176393668163],[0.4258169398597689],-20,0.47225383165623097
3053,0.5506673062932812,0.0,22,10000,[6873.885565690778],[167.58176393668163],[0.4258169398597689],-20,0.47225383165623097
3054,0.4158791047612901,0.0,22,10000,[6873.885565690778],[167.58176393668163],[0.4258169398597689],-20,0.47225383165623097
3055,-0.08113184046835936,0.0,22,10000,[6873.885565690778],[167.58176393668163],[0.4258169398597689],-20,0.47225383165623097
3056,0.3549410554646685,0.0,22,10000,[6873.885565690778],[167.58176393668163],[0.4258169398597689],-20,0.47225383165623097
3057,0.45199122361223387,0.0,22,10000,[6873.885565690778],[167.58176393668163],[0.4258169398597689],-20,0.47225383165623097
3058,-0.6277315971574948,0.0,22,10000,[6873.885565690778],[167.58176393668163],[0.4258169398597689],-20,0.47225383165623097
3059,-0.2562173599787339,0.0,22,10000,[6873.885565690778],[167.58176393668163],[0.4258169398597689],-20,0.47225383165623097
3060,0.4277354927449152,0.0,22,10000,[6873.885565690778],[167.58176393668163],[0.4258169398597689],-20,0.47225383165623097
3061,0.007672748688817152,0.0,22,10000,[6873.885565690778],[167.58176393668163],[0.4258169398597689],-20,0.47225383165623097
3062,-0.42071867771900606,0.0,22,10000,[6873.885565690778],[167.58176393668163],[0.4258169398597689],-20,0.47225383165623097
3063,-0.3422740264339137,0.0,22,10000,[6873.885565690778],[167.58176393668163],[0.4258169398597689],-20,0.47225383165623097
3064,-0.7668559838410027,0.0,22,10000,[6873.885565690778],[167.58176393668163],[0.4258169398597689],-20,0.47225383165623097
3065,-0.02119376215018283,0.0,22,10000,[6873.885565690778],[167.58176393668163],[0.4258169398597689],-20,0.47225383165623097
3066,-0.34311491034731306,0.0,22,10000,[6873.885565690778],[167.58176393668163],[0.4258169398597689],-20,0.47225383165623097
3067,0.6991601189103798,0.0,22,10000,[6873.885565690778],[167.58176393668163],[0.4258169398597689],-20,0.47225383165623097
3068,0.054742336691290645,0.0,22,10000,[6873.885565690778],[167.58176393668163],[0.4258169398597689],-20,0.47225383165623097
3069,0.3346561860420155,0.0,22,10000,[6873.885565690778],[167.58176393668163],[0.4258169398597689],-20,0.47225383165623097
3070,0.9349051607884069,0.0,22,10000,[6873.885565690778],[167.58176393668163],[0.4258169398597689],-20,0.47225383165623097
3071,0.1399196584598241,0.0,22,10000,[6873.885565690778],[167.58176393668163],[0.4258169398597689],-20,0.47225383165623097
3072,-0.30558859184821524,0.0,22,10000,[6873.885565690778],[167.58176393668163],[0.4258169398597689],-20,0.47225383165623097
3073,-0.43556908519838694,0.0,22,10000,[6873.885565690778],[167.58176393668163],[0.4258169398597689],-20,0.47225383165623097
3074,0.04750803874287607,0.0,22,10000,[6873.885565690778],[167.58176393668163],[0.4258169398597689],-20,0.47225383165623097
3075,-0.1584661732256502,0.0,22,10000,[6873.885565690778],[167.58176393668163],[0.4258169398597689],-20,0.47225383165623097
3076,0.3841142979464087,0.0,22,10000,[6873.885565690778],[167.58176393668163],[0.4258169398597689],-20,0.47225383165623097
3077,-0.13698388065010378,0.0,22,10000,[6873.885565690778],[167.58176393668163],[0.4258169398597689],-20,0.47225383165623097
3078,-0.28361086445241485,0.0,22,10000,[6873.885565690778],[167.58176393668163],[0.4258169398597689],-20,0.47225383165623097
3079,0.025244874659323072,0.0,22,10000,[6873.885565690778],[167.58176393668163],[0.4258169398597689],-20,0.47225383165623097
3080,0.43370451444907987,0.0,22,10000,[6873.885565690778],[167.58176393668163],[0.4258169398597689],-20,0.47225383165623097
3081,0.3611299171162755,0.0,22,10000,[6873.885565690778],[167.58176393668163],[0.4258169398597689],-20,0.47225383165623097
3082,-1.771224836993995,0.0,22,10000,[6873.885565690778],[167.58176393668163],[0.4258169398597689],-20,0.47225383165623097
3083,-0.35901093352797003,0.0,22,10000,[6873.885565690778],[167.58176393668163],[0.4258169398597689],-20,0.47225383165623097
3084,0.1988271970305024,0.0,22,10000,[6873.885565690778],[167.58176393668163],[0.4258169398597689],-20,0.47225383165623097
3085,-0.29250755101789616,0.0,22,10000,[6873.885565690778],[167.58176393668163],[0.4258169398597689],-20,0.47225383165623097
3086,-0.4226960097722172,0.0,22,10000,[6873.885565690778],[167.58176393668163],[0.4258169398597689],-20,0.47225383165623097
3087,-0.7765079054112362,0.0,22,10000,[6873.885565690778],[167.58176393668163],[0.4258169398597689],-20,0.47225383165623097
3088,0.7222681298620095,0.0,22,10000,[6873.885565690778],[167.58176393668163],[0.4258169398597689],-20,0.47225383165623097
3089,-0.36612913481703374,0.0,22,10000,[6873.885565690778],[167.58176393668163],[0.4258169398597689],-20,0.47225383165623097
3090,-0.3822002915306881,0.0,22,10000,[6873.885565690778],[167.58176393668163],[0.4258169398597689],-20,0.47225383165623097
3091,-0.07364498140371085,0.0,22,10000,[6873.885565690778],[167.58176393668163],[0.4258169398597689],-20,0.47225383165623097
3092,0.34297949599025035,0.0,22,10000,[6873.885565690778],[167.58176393668163],[0.4258169398597689],-20,0.47225383165623097
3093,0.6701698758714602,0.0,22,10000,[6873.885565690778],[167.58176393668163],[0.4258169398597689],-20,0.47225383165623097
3094,0.11141835973811921,0.0,22,10000,[6873.885565690778],[167.58176393668163],[0.4258169398597689],-20,0.47225383165623097
3095,-0.7352170826366535,0.0,22,10000,[6873.885565690778],[167.58176393668163],[0.4258169398597689],-20,0.47225383165623097
3096,0.5780663555267849,0.0,22,10000,[6873.885565690778],[167.58176393668163],[0.4258169398597689],-20,0.47225383165623097
3097,0.4296697342679607,0.0,22,10000,[6873.885565690778],[167.58176393668163],[0.4258169398597689],-20,0.47225383165623097
3098,-0.05317932501388,0.0,22,10000,[6873.885565690778],[167.58176393668163],[0.4258169398597689],-20,0.47225383165623097
3099,0.12671347956888793,0.0,22,10000,[6873.885565690778],[167.58176393668163],[0.4258169398597689],-20,0.47225383165623097
3100,-0.29515364094896823,0.0,22,10000,[6873.885565690778],[167.58176393668163],[0.4258169398597689],-20,0.47225383165623097
3101,0.0463257817605403,0.0,22,10000,[6873.885565690778],[167.58176393668163],[0.4258169398597689],-20,0.47225383165623097
3102,0.3832450715208943,0.0,22,10000,[6873.885565690778],[167.58176393668163],[0.4258169398597689],-20,0.47225383165623097
3103,-0.3974346058535827,0.0,22,10000,[6873.885565690778],[167.58176393668163],[0.4258169398597689],-20,0.47225383165623097
3104,0.4554525166310391,0.0,22,10000,[6873.885565690778],[167.58176393668163],[0.4258169398597689],-20,0.47225383165623097
3105,0.17617877466547036,0.0,22,10000,[6873.885565690778],[167.58176393668163],[0.4258169398597689],-20,0.47225383165623097
3106,-0.7673659915639899,0.0,22,10000,[6873.885565690778],[167.58176393668163],[0.4258169398597689],-20,0.47225383165623097
3107,-0.15239981345759301,0.0,22,10000,[6873.885565690778],[167.58176393668163],[0.4258169398597689],-20,0.47225383165623097
3108,-0.4013421366469122,0.0,22,10000,[6873.885565690778],[167.58176393668163],[0.4258169398597689],-20,0.47225383165623097
3109,-0.4853922228857551,0.0,22,10000,[6873.885565690778],[167.58176393668163],[0.4258169398597689],-20,0.47225383165623097
3110,0.37807388574145345,0.0,22,10000,[6873.885565690778],[167.58176393668163],[0.4258169398597689],-20,0.47225383165623097
3111,-0.46070849038808503,0.0,22,10000,[6873.885565690778],[167.58176393668163],[0.4258169398597689],-20,0.47225383165623097
3112,-0.19153151961118212,0.0,22,10000,[6873.885565690778],[167.58176393668163],[0.4258169398597689],-20,0.47225383165623097
3113,-1.1361063471975987,0.0,22,10000,[6873.885565690778],[167.58176393668163],[0.4258169398597689],-20,0.47225383165623097
3114,0.06708935982970303,0.0,22,10000,[6873.885565690778],[167.58176393668163],[0.4258169398597689],-20,0.47225383165623097
3115,0.08336440615674792,0.0,22,10000,[6873.885565690778],[167.58176393668163],[0.4258169398597689],-20,0.47225383165623097
3116,0.2944778513534603,0.0,22,10000,[6873.885565690778],[167.58176393668163],[0.4258169398597689],-20,0.47225383165623097
3117,0.4126762845206452,0.0,22,10000,[6873.885565690778],[167.58176393668163],[0.4258169398597689],-20,0.47225383165623097
3118,0.6183513522666152,0.0,22,10000,[6873.885565690778],[167.58176393668163],[0.4258169398597689],-20,0.47225383165623097
3119,0.10295059407349703,0.0,22,10000,[6873.885565690778],[167.58176393668163],[0.4258169398597689],-20,0.47225383165623097
3120,0.0749625556041878,0.0,22,10000,[6873.885565690778],[167.58176393668163],[0.4258169398597689],-20,0.47225383165623097
3121,0.11828941339357463,0.0,22,10000,[6873.885565690778],[167.58176393668163],[0.4258169398597689],-20,0.47225383165623097
3122,0.25494585124656616,0.0,22,10000,[6873.885565690778],[167.58176393668163],[0.4258169398597689],-20,0.47225383165623097
3123,-0.06431299321308794,0.0,22,10000,[6873.885565690778],[167.58176393668163],[0.4258169398597689],-20,0.47225383165623097
3124,0.11359597208187708,0.0,22,10000,[6873.885565690778],[167.58176393668163],[0.4258169398597689],-20,0.47225383165623097
3125,0.5483024709226162,0.0,22,10000,[6873.885565690778],[167.58176393668163],[0.4258169398597689],-20,0.47225383165623097
3126,-0.12607335277293089,0.0,22,10000,[6873.885565690778],[167.58176393668163],[0.4258169398597689],-20,0.47225383165623097
3127,-0.08144203139521147,0.0,22,10000,[6873.885565690778],[167.58176393668163],[0.4258169398597689],-20,0.47225383165623097
3128,0.5588231044766024,0.0,22,10000,[6873.885565690778],[167.58176393668163],[0.4258169398597689],-20,0.47225383165623097
3129,-0.8998399506826036,0.0,22,10000,[6873.885565690778],[167.58176393668163],[0.4258169398597689],-20,0.47225383165623097
3130,0.6404846448749018,0.0,22,10000,[6873.885565690778],[167.58176393668163],[0.4258169398597689],-20,0.47225383165623097
3131,0.07432551853157728,0.0,22,10000,[6873.885565690778],[167.58176393668163],[0.4258169398597689],-20,0.47225383165623097
3132,-0.4494047406001246,0.0,22,10000,[6873.885565690778],[167.58176393668163],[0.4258169398597689],-20,0.47225383165623097
3133,0.12490155574067939,0.0,22,10000,[6873.885565690778],[167.58176393668163],[0.4258169398597689],-20,0.47225383165623097
3134,0.14132959444260568,0.0,22,10000,[6873.885565690778],[167.58176393668163],[0.4258169398597689],-20,0.47225383165623097
3135,0.2745470766250334,0.0,22,10000,[6873.885565690778],[167.58176393668163],[0.4258169398597689],-20,0.47225383165623097
3136,0.050415842629460014,0.0,22,10000,[6873.885565690778],[167.58176393668163],[0.4258169398597689],-20,0.47225383165623097
3137,-0.7331057035936732,0.0,22,10000,[6873.885565690778],[167.58176393668163],[0.4258169398597689],-20,0.47225383165623097
3138,0.21285380951571187,0.0,22,10000,[6873.885565690778],[167.58176393668163],[0.4258169398597689],-20,0.47225383165623097
3139,-0.5901264072457814,0.0,22,10000,[6873.885565690778],[167.58176393668163],[0.4258169398597689],-20,0.47225383165623097
3140,0.4924649168765196,0.0,22,10000,[6873.885565690778],[167.58176393668163],[0.4258169398597689],-20,0.47225383165623097
3141,0.1865773300064036,0.0,22,10000,[6873.885565690778],[167.58176393668163],[0.4258169398597689],-20,0.47225383165623097
3142,0.08487631517705727,0.0,22,10000,[6873.885565690778],[167.58176393668163],[0.4258169398597689],-20,0.47225383165623097
3143,-0.5584018289106749,0.0,22,10000,[6873.885565690778],[167.58176393668163],[0.4258169398597689],-20,0.47225383165623097
3144,-0.17108379771953644,0.0,22,10000,[6873.885565690778],[167.58176393668163],[0.4258169398597689],-20,0.47225383165623097
3145,0.3672146433736342,0.0,22,10000,[6873.885565690778],[167.58176393668163],[0.4258169398597689],-20,0.47225383165623097
3146,0.509870093571809,0.0,22,10000,[6873.885565690778],[167.58176393668163],[0.4258169398597689],-20,0.47225383165623097
3147,-0.05911592673169979,0.0,22,10000,[6873.885565690778],[167.58176393668163],[0.4258169398597689],-20,0.47225383165623097
3148,-0.6833214939124249,0.0,22,10000,[6873.885565690778],[167.58176393668163],[0.4258169398597689],-20,0.47225383165623097
3149,0.17704443284237056,0.0,22,10000,[6873.885565690778],[167.58176393668163],[0.4258169398597689],-20,0.47225383165623097
3150,-0.3671110569274681,0.0,22,10000,[6873.885565690778],[167.58176393668163],[0.4258169398597689],-20,0.47225383165623097
3151,-0.6405420665202431,0.0,22,10000,[6873.885565690778],[167.58176393668163],[0.4258169398597689],-20,0.47225383165623097
3152,0.11953274301073938,0.0,22,10000,[6873.885565690778],[167.58176393668163],[0.4258169398597689],-20,0.47225383165623097
3153,-0.33916167688469456,0.0,22,10000,[6873.885565690778],[167.58176393668163],[0.4258169398597689],-20,0.47225383165623097
3154,-0.5545371015821061,0.0,22,10000,[6873.885565690778],[167.58176393668163],[0.4258169398597689],-20,0.47225383165623097
3155,-0.07928741115192192,0.0,22,10000,[6873.885565690778],[167.58176393668163],[0.4258169398597689],-20,0.47225383165623097
3156,-0.3477013402066341,0.0,22,10000,[6873.885565690778],[167.58176393668163],[0.4258169398597689],-20,0.47225383165623097
3157,0.5130780743782838,0.0,22,10000,[6873.885565690778],[167.58176393668163],[0.4258169398597689],-20,0.47225383165623097
3158,0.5023190480494396,0.0,22,10000,[6873.885565690778],[167.58176393668163],[0.4258169398597689],-20,0.47225383165623097
3159,0.6135570034435818,0.0,22,10000,[6873.885565690778],[167.58176393668163],[0.4258169398597689],-20,0.47225383165623097
3160,-0.32689416497728907,0.0,22,10000,[6873.885565690778],[167.58176393668163],[0.4258169398597689],-20,0.47225383165623097
3161,-0.5790698113933265,0.0,22,10000,[6873.885565690778],[167.58176393668163],[0.4258169398597689],-20,0.47225383165623097
3162,0.05256041349490056,0.0,22,10000,[6873.885565690778],[167.58176393668163],[0.4258169398597689],-20,0.47225383165623097
3163,-0.7231946027958688,0.0,22,10000,[6873.885565690778],[167.58176393668163],[0.4258169398597689],-20,0.47225383165623097
3164,0.34963433772615715,0.0,22,10000,[6873.885565690778],[167.58176393668163],[0.4258169398597689],-20,0.47225383165623097
3165,0.30544665915828256,0.0,22,10000,[6873.885565690778],[167.58176393668163],[0.4258169398597689],-20,0.47225383165623097
3166,0.5150557870954986,0.0,22,10000,[6873.885565690778],[167.58176393668163],[0.4258169398597689],-20,0.47225383165623097
3167,-0.15456718416639703,0.0,22,10000,[6873.885565690778],[167.58176393668163],[0.4258169398597689],-20,0.47225383165623097
3168,0.2521982442393269,0.0,22,10000,[6873.885565690778],[167.58176393668163],[0.4258169398597689],-20,0.47225383165623097
3169,0.049423346440952406,0.0,22,10000,[6873.885565690778],[167.58176393668163],[0.4258169398597689],-20,0.47225383165623097
3170,-0.030687262896626908,0.0,22,10000,[6873.885565690778],[167.58176393668163],[0.4258169398597689],-20,0.47225383165623097
3171,-0.5871149134770042,0.0,22,10000,[6873.885565690778],[167.58176393668163],[0.4258169398597689],-20,0.47225383165623097
3172,-0.5076453308534568,0.0,22,10000,[6873.885565690778],[167.58176393668163],[0.4258169398597689],-20,0.47225383165623097
3173,0.04302936911033066,0.0,22,10000,[6873.885565690778],[167.58176393668163],[0.4258169398597689],-20,0.47225383165623097
3174,0.02792748814092725,0.0,22,10000,[6873.885565690778],[167.58176393668163],[0.4258169398597689],-20,0.47225383165623097
3175,1.0496824927166761,0.0,22,10000,[6873.885565690778],[167.58176393668163],[0.4258169398597689],-20,0.47225383165623097
3176,-0.20718080980210454,0.0,22,10000,[6873.885565690778],[167.58176393668163],[0.4258169398597689],-20,0.47225383165623097
3177,0.1703576528689976,0.0,22,10000,[6873.885565690778],[167.58176393668163],[0.4258169398597689],-20,0.47225383165623097
3178,-0.48493678718014654,0.0,22,10000,[6873.885565690778],[167.58176393668163],[0.4258169398597689],-20,0.47225383165623097
3179,0.1122466138884838,0.0,22,10000,[6873.885565690778],[167.58176393668163],[0.4258169398597689],-20,0.47225383165623097
3180,-0.49659032662115987,0.0,22,10000,[6873.885565690778],[167.58176393668163],[0.4258169398597689],-20,0.47225383165623097
3181,0.13535025022170957,0.0,22,10000,[6873.885565690778],[167.58176393668163],[0.4258169398597689],-20,0.47225383165623097
3182,0.7535776021713131,0.0,22,10000,[6873.885565690778],[167.58176393668163],[0.4258169398597689],-20,0.47225383165623097
3183,0.34651927917391323,0.0,22,10000,[6873.885565690778],[167.58176393668163],[0.4258169398597689],-20,0.47225383165623097
3184,0.09788832182984318,0.0,22,10000,[6873.885565690778],[167.58176393668163],[0.4258169398597689],-20,0.47225383165623097
3185,-0.24149052302754298,0.0,22,10000,[6873.885565690778],[167.58176393668163],[0.4258169398597689],-20,0.47225383165623097
3186,-1.2363108132715228,0.0,22,10000,[6873.885565690778],[167.58176393668163],[0.4258169398597689],-20,0.47225383165623097
3187,-0.7168580045344359,0.0,22,10000,[6873.885565690778],[167.58176393668163],[0.4258169398597689],-20,0.47225383165623097
3188,-0.050261803851133706,0.0,22,10000,[6873.885565690778],[167.58176393668163],[0.4258169398597689],-20,0.47225383165623097
3189,-0.36057061530560336,0.0,22,10000,[6873.885565690778],[167.58176393668163],[0.4258169398597689],-20,0.47225383165623097
3190,0.07178802130771368,0.0,22,10000,[6873.885565690778],[167.58176393668163],[0.4258169398597689],-20,0.47225383165623097
3191,-0.19368489525422186,0.0,22,10000,[6873.885565690778],[167.58176393668163],[0.4258169398597689],-20,0.47225383165623097
3192,0.11944867380243641,0.0,22,10000,[6873.885565690778],[167.58176393668163],[0.4258169398597689],-20,0.47225383165623097
3193,0.725529593104214,0.0,22,10000,[6873.885565690778],[167.58176393668163],[0.4258169398597689],-20,0.47225383165623097
3194,-0.8681382590392069,0.0,22,10000,[6873.885565690778],[167.58176393668163],[0.4258169398597689],-20,0.47225383165623097
3195,0.4566721076948955,0.0,22,10000,[6873.885565690778],[167.58176393668163],[0.4258169398597689],-20,0.47225383165623097
3196,0.015134631869391353,0.0,22,10000,[6873.885565690778],[167.58176393668163],[0.4258169398597689],-20,0.47225383165623097
3197,-0.016038776769548437,0.0,22,10000,[6873.885565690778],[167.58176393668163],[0.4258169398597689],-20,0.47225383165623097
3198,-0.09882385560621895,0.0,22,10000,[6873.885565690778],[167.58176393668163],[0.4258169398597689],-20,0.47225383165623097
3199,-0.20607774758965047,0.0,22,10000,[6873.885565690778],[167.58176393668163],[0.4258169398597689],-20,0.47225383165623097
3200,0.2703086028661862,0.0,22,10000,[6873.885565690778],[167.58176393668163],[0.4258169398597689],-20,0.47225383165623097
3201,0.171411519181288,0.0,22,10000,[6873.885565690778],[167.58176393668163],[0.4258169398597689],-20,0.47225383165623097
3202,0.11111427319314908,0.0,22,10000,[6873.885565690778],[167.58176393668163],[0.4258169398597689],-20,0.47225383165623097
3203,-0.8141490862794194,0.0,22,10000,[6873.885565690778],[167.58176393668163],[0.4258169398597689],-20,0.47225383165623097
3204,-0.18599131485959355,0.0,22,10000,[6873.885565690778],[167.58176393668163],[0.4258169398597689],-20,0.47225383165623097
3205,-0.211329324455547,0.0,22,10000,[6873.885565690778],[167.58176393668163],[0.4258169398597689],-20,0.47225383165623097
3206,-0.36918906432246473,0.0,22,10000,[6873.885565690778],[167.58176393668163],[0.4258169398597689],-20,0.47225383165623097
3207,-0.13654111644864142,0.0,22,10000,[6873.885565690778],[167.58176393668163],[0.4258169398597689],-20,0.47225383165623097
3208,0.2392538108694555,0.0,22,10000,[6873.885565690778],[167.58176393668163],[0.4258169398597689],-20,0.47225383165623097
3209,-0.3166786596600212,0.0,22,10000,[6873.885565690778],[167.58176393668163],[0.4258169398597689],-20,0.47225383165623097
3210,0.6877049012175119,0.0,22,10000,[6873.885565690778],[167.58176393668163],[0.4258169398597689],-20,0.47225383165623097
3211,-0.2578965653535533,0.0,22,10000,[6873.885565690778],[167.58176393668163],[0.4258169398597689],-20,0.47225383165623097
3212,0.7617948655819702,0.0,22,10000,[6873.885565690778],[167.58176393668163],[0.4258169398597689],-20,0.47225383165623097
3213,-0.2889492387262302,0.0,22,10000,[6873.885565690778],[167.58176393668163],[0.4258169398597689],-20,0.47225383165623097
3214,-0.125126025139557,0.0,22,10000,[6873.885565690778],[167.58176393668163],[0.4258169398597689],-20,0.47225383165623097
3215,0.07067155996862734,0.0,22,10000,[6873.885565690778],[167.58176393668163],[0.4258169398597689],-20,0.47225383165623097
3216,-0.26982363146756877,0.0,22,10000,[6873.885565690778],[167.58176393668163],[0.4258169398597689],-20,0.47225383165623097
3217,0.11987689427105891,0.0,22,10000,[6873.885565690778],[167.58176393668163],[0.4258169398597689],-20,0.47225383165623097
3218,-0.3056108962781535,0.0,22,10000,[6873.885565690778],[167.58176393668163],[0.4258169398597689],-20,0.47225383165623097
3219,-0.8355829114306772,0.0,22,10000,[6873.885565690778],[167.58176393668163],[0.4258169398597689],-20,0.47225383165623097
3220,-0.6115281377395965,0.0,22,10000,[6873.885565690778],[167.58176393668163],[0.4258169398597689],-20,0.47225383165623097
3221,-0.05492956717971852,0.0,22,10000,[6873.885565690778],[167.58176393668163],[0.4258169398597689],-20,0.47225383165623097
3222,0.4137590050170886,0.0,22,10000,[6873.885565690778],[167.58176393668163],[0.4258169398597689],-20,0.47225383165623097
3223,-0.19315901439333574,0.0,22,10000,[6873.885565690778],[167.58176393668163],[0.4258169398597689],-20,0.47225383165623097
3224,0.2942951646415569,0.0,22,10000,[6873.885565690778],[167.58176393668163],[0.4258169398597689],-20,0.47225383165623097
3225,-0.44675300851250427,0.0,22,10000,[6873.885565690778],[167.58176393668163],[0.4258169398597689],-20,0.47225383165623097
3226,0.49755477948029575,0.0,22,10000,[6873.885565690778],[167.58176393668163],[0.4258169398597689],-20,0.47225383165623097
3227,-0.29056054852360824,0.0,22,10000,[6873.885565690778],[167.58176393668163],[0.4258169398597689],-20,0.47225383165623097
3228,-0.5968397546750788,0.0,22,10000,[6873.885565690778],[167.58176393668163],[0.4258169398597689],-20,0.47225383165623097
3229,0.19023783106534287,0.0,22,10000,[6873.885565690778],[167.58176393668163],[0.4258169398597689],-20,0.47225383165623097
3230,0.33207070137136696,0.0,22,10000,[6873.885565690778],[167.58176393668163],[0.4258169398597689],-20,0.47225383165623097
3231,0.01741038572145562,0.0,22,10000,[6873.885565690778],[167.58176393668163],[0.4258169398597689],-20,0.47225383165623097
3232,0.6695592118330747,0.0,22,10000,[6873.885565690778],[167.58176393668163],[0.4258169398597689],-20,0.47225383165623097
3233,-0.7308352050350165,0.0,22,10000,[6873.885565690778],[167.58176393668163],[0.4258169398597689],-20,0.47225383165623097
3234,-0.2251021418022705,0.0,22,10000,[6873.885565690778],[167.58176393668163],[0.4258169398597689],-20,0.47225383165623097
3235,-0.20368330517672248,0.0,22,10000,[6873.885565690778],[167.58176393668163],[0.4258169398597689],-20,0.47225383165623097
3236,-0.39850040433524514,0.0,22,10000,[6873.885565690778],[167.58176393668163],[0.4258169398597689],-20,0.47225383165623097
3237,-0.7665493046181119,0.0,22,10000,[6873.885565690778],[167.58176393668163],[0.4258169398597689],-20,0.47225383165623097
3238,1.0969177341865786,0.0,22,10000,[6873.885565690778],[167.58176393668163],[0.4258169398597689],-20,0.47225383165623097
3239,-0.24598354358552058,0.0,22,10000,[6873.885565690778],[167.58176393668163],[0.4258169398597689],-20,0.47225383165623097
3240,-0.7944236506576664,0.0,22,10000,[6873.885565690778],[167.58176393668163],[0.4258169398597689],-20,0.47225383165623097
3241,-0.31513306198118196,0.0,22,10000,[6873.885565690778],[167.58176393668163],[0.4258169398597689],-20,0.47225383165623097
3242,-0.5951967462184743,0.0,22,10000,[6873.885565690778],[167.58176393668163],[0.4258169398597689],-20,0.47225383165623097
3243,0.4703409423184095,0.0,22,10000,[6873.885565690778],[167.58176393668163],[0.4258169398597689],-20,0.47225383165623097
3244,0.564360922262653,0.0,22,10000,[6873.885565690778],[167.58176393668163],[0.4258169398597689],-20,0.47225383165623097
3245,-0.4812460479171911,0.0,22,10000,[6873.885565690778],[167.58176393668163],[0.4258169398597689],-20,0.47225383165623097
3246,-0.17185493435031948,0.0,22,10000,[6873.885565690778],[167.58176393668163],[0.4258169398597689],-20,0.47225383165623097
3247,-0.2873373901633202,0.0,22,10000,[6873.885565690778],[167.58176393668163],[0.4258169398597689],-20,0.47225383165623097
3248,0.23827295714274652,0.0,22,10000,[6873.885565690778],[167.58176393668163],[0.4258169398597689],-20,0.47225383165623097
3249,-0.6323271027468716,0.0,22,10000,[6873.885565690778],[167.58176393668163],[0.4258169398597689],-20,0.47225383165623097
3250,-0.3111727159170395,0.0,22,10000,[6873.885565690778],[167.58176393668163],[0.4258169398597689],-20,0.47225383165623097
3251,-0.6606215076473071,0.0,22,10000,[6873.885565690778],[167.58176393668163],[0.4258169398597689],-20,0.47225383165623097
3252,-0.18139648435514225,0.0,22,10000,[6873.885565690778],[167.58176393668163],[0.4258169398597689],-20,0.47225383165623097
3253,-0.7974140094555391,0.0,22,10000,[6873.885565690778],[167.58176393668163],[0.4258169398597689],-20,0.47225383165623097
3254,-0.2772869092915479,0.0,22,10000,[6873.885565690778],[167.58176393668163],[0.4258169398597689],-20,0.47225383165623097
3255,0.07720706547186368,0.0,22,10000,[6873.885565690778],[167.58176393668163],[0.4258169398597689],-20,0.47225383165623097
3256,-0.12742615602146318,0.0,22,10000,[6873.885565690778],[167.58176393668163],[0.4258169398597689],-20,0.47225383165623097
3257,-0.3021432565197889,0.0,22,10000,[6873.885565690778],[167.58176393668163],[0.4258169398597689],-20,0.47225383165623097
3258,0.20902554809247706,0.0,22,10000,[6873.885565690778],[167.58176393668163],[0.4258169398597689],-20,0.47225383165623097
3259,0.31675502595109417,0.0,22,10000,[6873.885565690778],[167.58176393668163],[0.4258169398597689],-20,0.47225383165623097
3260,1.2308504460887266,0.0,22,10000,[6873.885565690778],[167.58176393668163],[0.4258169398597689],-20,0.47225383165623097
3261,0.24273623576590583,0.0,22,10000,[6873.885565690778],[167.58176393668163],[0.4258169398597689],-20,0.47225383165623097
3262,0.19745522952851208,0.0,22,10000,[6873.885565690778],[167.58176393668163],[0.4258169398597689],-20,0.47225383165623097
3263,0.7217000729487275,0.0,22,10000,[6873.885565690778],[167.58176393668163],[0.4258169398597689],-20,0.47225383165623097
3264,-0.24380567629488217,0.0,22,10000,[6873.885565690778],[167.58176393668163],[0.4258169398597689],-20,0.47225383165623097
3265,-0.03919342628353234,0.0,22,10000,[6873.885565690778],[167.58176393668163],[0.4258169398597689],-20,0.47225383165623097
3266,-0.9367480909579609,0.0,22,10000,[6873.885565690778],[167.58176393668163],[0.4258169398597689],-20,0.47225383165623097
3267,0.22239606630433856,0.0,22,10000,[6873.885565690778],[167.58176393668163],[0.4258169398597689],-20,0.47225383165623097
3268,0.15664055078700567,0.0,22,10000,[6873.885565690778],[167.58176393668163],[0.4258169398597689],-20,0.47225383165623097
3269,-0.06153393594593652,0.0,22,10000,[6873.885565690778],[167.58176393668163],[0.4258169398597689],-20,0.47225383165623097
3270,-0.5471296072745081,0.0,22,10000,[6873.885565690778],[167.58176393668163],[0.4258169398597689],-20,0.47225383165623097
3271,-0.5597665147614089,0.0,22,10000,[6873.885565690778],[167.58176393668163],[0.4258169398597689],-20,0.47225383165623097
3272,-0.28250036704783715,0.0,22,10000,[6873.885565690778],[167.58176393668163],[0.4258169398597689],-20,0.47225383165623097
3273,-0.6571812220235209,0.0,22,10000,[6873.885565690778],[167.58176393668163],[0.4258169398597689],-20,0.47225383165623097
3274,0.16814074733620718,0.0,22,10000,[6873.885565690778],[167.58176393668163],[0.4258169398597689],-20,0.47225383165623097
3275,0.10626323128307638,0.0,22,10000,[6873.885565690778],[167.58176393668163],[0.4258169398597689],-20,0.47225383165623097
3276,-0.5412486970554105,0.0,22,10000,[6873.885565690778],[167.58176393668163],[0.4258169398597689],-20,0.47225383165623097
3277,-1.2338582978896377,0.0,22,10000,[6873.885565690778],[167.58176393668163],[0.4258169398597689],-20,0.47225383165623097
3278,0.5800539715376416,0.0,22,10000,[6873.885565690778],[167.58176393668163],[0.4258169398597689],-20,0.47225383165623097
3279,0.2061463325907488,0.0,22,10000,[6873.885565690778],[167.58176393668163],[0.4258169398597689],-20,0.47225383165623097
3280,0.11330719123864247,0.0,22,10000,[6873.885565690778],[167.58176393668163],[0.4258169398597689],-20,0.47225383165623097
3281,0.016765308302659574,0.0,22,10000,[6873.885565690778],[167.58176393668163],[0.4258169398597689],-20,0.47225383165623097
3282,-0.2512009619823091,0.0,22,10000,[6873.885565690778],[167.58176393668163],[0.4258169398597689],-20,0.47225383165623097
3283,-0.18946398411556697,0.0,22,10000,[6873.885565690778],[167.58176393668163],[0.4258169398597689],-20,0.47225383165623097
3284,0.6020408797312309,0.0,22,10000,[6873.885565690778],[167.58176393668163],[0.4258169398597689],-20,0.47225383165623097
3285,0.7187683044447929,0.0,22,10000,[6873.885565690778],[167.58176393668163],[0.4258169398597689],-20,0.47225383165623097
3286,0.4428543183812404,0.0,22,10000,[6873.885565690778],[167.58176393668163],[0.4258169398597689],-20,0.47225383165623097
3287,-0.8523898496971222,0.0,22,10000,[6873.885565690778],[167.58176393668163],[0.4258169398597689],-20,0.47225383165623097
3288,-0.6817683896174034,0.0,22,10000,[6873.885565690778],[167.58176393668163],[0.4258169398597689],-20,0.47225383165623097
3289,-0.8065830317447606,0.0,22,10000,[6873.885565690778],[167.58176393668163],[0.4258169398597689],-20,0.47225383165623097
3290,-0.6068312799386539,0.0,22,10000,[6873.885565690778],[167.58176393668163],[0.4258169398597689],-20,0.47225383165623097
3291,-0.20408644888680666,0.0,22,10000,[6873.885565690778],[167.58176393668163],[0.4258169398597689],-20,0.47225383165623097
3292,-0.028621177006303636,0.0,22,10000,[6873.885565690778],[167.58176393668163],[0.4258169398597689],-20,0.47225383165623097
3293,-0.9295871298785043,0.0,22,10000,[6873.885565690778],[167.58176393668163],[0.4258169398597689],-20,0.47225383165623097
3294,0.25972832240298627,0.0,22,10000,[6873.885565690778],[167.58176393668163],[0.4258169398597689],-20,0.47225383165623097
3295,0.28816228656700393,0.0,22,10000,[6873.885565690778],[167.58176393668163],[0.4258169398597689],-20,0.47225383165623097
3296,0.5907433045923564,0.0,22,10000,[6873.885565690778],[167.58176393668163],[0.4258169398597689],-20,0.47225383165623097
3297,-0.1662171820003113,0.0,22,10000,[6873.885565690778],[167.58176393668163],[0.4258169398597689],-20,0.47225383165623097
3298,0.22506111376054022,0.0,22,10000,[6873.885565690778],[167.58176393668163],[0.4258169398597689],-20,0.47225383165623097
3299,0.19897222805203457,0.0,22,10000,[6873.885565690778],[167.58176393668163],[0.4258169398597689],-20,0.47225383165623097
3300,-0.21910677936013045,0.0,22,10000,[6873.885565690778],[167.58176393668163],[0.4258169398597689],-20,0.47225383165623097
3301,0.35477160685296555,0.0,22,10000,[6873.885565690778],[167.58176393668163],[0.4258169398597689],-20,0.47225383165623097
3302,-1.3350670701518446,0.0,22,10000,[6873.885565690778],[167.58176393668163],[0.4258169398597689],-20,0.47225383165623097
3303,-0.10804034233922682,0.0,22,10000,[6873.885565690778],[167.58176393668163],[0.4258169398597689],-20,0.47225383165623097
3304,-0.9379151176319404,0.0,22,10000,[6873.885565690778],[167.58176393668163],[0.4258169398597689],-20,0.47225383165623097
3305,0.1710804105477341,0.0,22,10000,[6873.885565690778],[167.58176393668163],[0.4258169398597689],-20,0.47225383165623097
3306,-0.6826243022253853,0.0,22,10000,[6873.885565690778],[167.58176393668163],[0.4258169398597689],-20,0.47225383165623097
3307,0.2344176977398712,0.0,22,10000,[6873.885565690778],[167.58176393668163],[0.4258169398597689],-20,0.47225383165623097
3308,-0.2154204734051471,0.0,22,10000,[6873.885565690778],[167.58176393668163],[0.4258169398597689],-20,0.47225383165623097
3309,-0.1629879821562999,0.0,22,10000,[6873.885565690778],[167.58176393668163],[0.4258169398597689],-20,0.47225383165623097
3310,0.5723048067500321,0.0,22,10000,[6873.885565690778],[167.58176393668163],[0.4258169398597689],-20,0.47225383165623097
3311,0.03718225942625929,0.0,22,10000,[6873.885565690778],[167.58176393668163],[0.4258169398597689],-20,0.47225383165623097
3312,-0.46156771268565566,0.0,22,10000,[6873.885565690778],[167.58176393668163],[0.4258169398597689],-20,0.47225383165623097
3313,-0.11498748238709516,0.0,22,10000,[6873.885565690778],[167.58176393668163],[0.4258169398597689],-20,0.47225383165623097
3314,-0.4646473458586066,0.0,22,10000,[6873.885565690778],[167.58176393668163],[0.4258169398597689],-20,0.47225383165623097
3315,-0.8159077826449375,0.0,22,10000,[6873.885565690778],[167.58176393668163],[0.4258169398597689],-20,0.47225383165623097
3316,-0.6739124740132137,0.0,22,10000,[6873.885565690778],[167.58176393668163],[0.4258169398597689],-20,0.47225383165623097
3317,0.3377572096277717,0.0,22,10000,[6873.885565690778],[167.58176393668163],[0.4258169398597689],-20,0.47225383165623097
3318,0.40287852855694894,0.0,22,10000,[6873.885565690778],[167.58176393668163],[0.4258169398597689],-20,0.47225383165623097
3319,0.33429806381046157,0.0,22,10000,[6873.885565690778],[167.58176393668163],[0.4258169398597689],-20,0.47225383165623097
3320,0.6764313452383375,0.0,22,10000,[6873.885565690778],[167.58176393668163],[0.4258169398597689],-20,0.47225383165623097
3321,0.5212779249698609,0.0,22,10000,[6873.885565690778],[167.58176393668163],[0.4258169398597689],-20,0.47225383165623097
3322,-0.28663065376948493,0.0,22,10000,[6873.885565690778],[167.58176393668163],[0.4258169398597689],-20,0.47225383165623097
3323,0.032539769287192134,0.0,22,10000,[6873.885565690778],[167.58176393668163],[0.4258169398597689],-20,0.47225383165623097
3324,0.08627347094117241,0.0,22,10000,[6873.885565690778],[167.58176393668163],[0.4258169398597689],-20,0.47225383165623097
3325,0.9506823205839766,0.0,22,10000,[6873.885565690778],[167.58176393668163],[0.4258169398597689],-20,0.47225383165623097
3326,-0.32181425787577417,0.0,22,10000,[6873.885565690778],[167.58176393668163],[0.4258169398597689],-20,0.47225383165623097
3327,-0.35064811959036984,0.0,22,10000,[6873.885565690778],[167.58176393668163],[0.4258169398597689],-20,0.47225383165623097
3328,0.40489227115285437,0.0,22,10000,[6873.885565690778],[167.58176393668163],[0.4258169398597689],-20,0.47225383165623097
3329,-0.6829597505601361,0.0,22,10000,[6873.885565690778],[167.58176393668163],[0.4258169398597689],-20,0.47225383165623097
3330,0.23455680399726317,0.0,22,10000,[6873.885565690778],[167.58176393668163],[0.4258169398597689],-20,0.47225383165623097
3331,1.163988985898068,0.0,22,10000,[6873.885565690778],[167.58176393668163],[0.4258169398597689],-20,0.47225383165623097
3332,0.23340944469174224,0.0,22,10000,[6873.885565690778],[167.58176393668163],[0.4258169398597689],-20,0.47225383165623097
3333,-0.2593256874070157,0.0,22,10000,[6873.885565690778],[167.58176393668163],[0.4258169398597689],-20,0.47225383165623097
3334,0.018141563207179346,0.0,22,10000,[6873.885565690778],[167.58176393668163],[0.4258169398597689],-20,0.47225383165623097
3335,0.5792635018251278,0.0,22,10000,[6873.885565690778],[167.58176393668163],[0.4258169398597689],-20,0.47225383165623097
3336,0.26559403933546377,0.0,22,10000,[6873.885565690778],[167.58176393668163],[0.4258169398597689],-20,0.47225383165623097
3337,0.3996301514983784,0.0,22,10000,[6873.885565690778],[167.58176393668163],[0.4258169398597689],-20,0.47225383165623097
3338,0.2413809667722218,0.0,22,10000,[6873.885565690778],[167.58176393668163],[0.4258169398597689],-20,0.47225383165623097
3339,-0.25834743509572483,0.0,22,10000,[6873.885565690778],[167.58176393668163],[0.4258169398597689],-20,0.47225383165623097
3340,0.1482868605226114,0.0,22,10000,[6873.885565690778],[167.58176393668163],[0.4258169398597689],-20,0.47225383165623097
3341,0.20821050710473565,0.0,22,10000,[6873.885565690778],[167.58176393668163],[0.4258169398597689],-20,0.47225383165623097
3342,0.36884469707809614,0.0,22,10000,[6873.885565690778],[167.58176393668163],[0.4258169398597689],-20,0.47225383165623097
3343,-0.2515976102626368,0.0,22,10000,[6873.885565690778],[167.58176393668163],[0.4258169398597689],-20,0.47225383165623097
3344,0.25520379863508047,0.0,22,10000,[6873.885565690778],[167.58176393668163],[0.4258169398597689],-20,0.47225383165623097
3345,0.408931930828032,0.0,22,10000,[6873.885565690778],[167.58176393668163],[0.4258169398597689],-20,0.47225383165623097
3346,0.06747715317599995,0.0,22,10000,[6873.885565690778],[167.58176393668163],[0.4258169398597689],-20,0.47225383165623097
3347,-0.41873294842125564,0.0,22,10000,[6873.885565690778],[167.58176393668163],[0.4258169398597689],-20,0.47225383165623097
3348,0.3968835847734851,0.0,22,10000,[6873.885565690778],[167.58176393668163],[0.4258169398597689],-20,0.47225383165623097
3349,0.5032115727065454,0.0,22,10000,[6873.885565690778],[167.58176393668163],[0.4258169398597689],-20,0.47225383165623097
3350,-0.2730867295520966,0.0,22,10000,[6873.885565690778],[167.58176393668163],[0.4258169398597689],-20,0.47225383165623097
3351,0.44981542431588795,0.0,22,10000,[6873.885565690778],[167.58176393668163],[0.4258169398597689],-20,0.47225383165623097
3352,0.4589262721419493,0.0,22,10000,[6873.885565690778],[167.58176393668163],[0.4258169398597689],-20,0.47225383165623097
3353,-0.4517676176654363,0.0,22,10000,[6873.885565690778],[167.58176393668163],[0.4258169398597689],-20,0.47225383165623097
3354,-0.5321348787564109,0.0,22,10000,[6873.885565690778],[167.58176393668163],[0.4258169398597689],-20,0.47225383165623097
3355,-0.07571392004767714,0.0,22,10000,[6873.885565690778],[167.58176393668163],[0.4258169398597689],-20,0.47225383165623097
3356,-0.27739227626986956,0.0,22,10000,[6873.885565690778],[167.58176393668163],[0.4258169398597689],-20,0.47225383165623097
3357,-0.3608332336070814,0.0,22,10000,[6873.885565690778],[167.58176393668163],[0.4258169398597689],-20,0.47225383165623097
3358,-0.2846038048509073,0.0,22,10000,[6873.885565690778],[167.58176393668163],[0.4258169398597689],-20,0.47225383165623097
3359,-0.09127688927546967,0.0,22,10000,[6873.885565690778],[167.58176393668163],[0.4258169398597689],-20,0.47225383165623097
3360,0.473499158427081,0.0,22,10000,[6873.885565690778],[167.58176393668163],[0.4258169398597689],-20,0.47225383165623097
3361,-0.9145196921991823,0.0,22,10000,[6873.885565690778],[167.58176393668163],[0.4258169398597689],-20,0.47225383165623097
3362,-0.4190281737169856,0.0,22,10000,[6873.885565690778],[167.58176393668163],[0.4258169398597689],-20,0.47225383165623097
3363,-0.008970248218281683,0.0,22,10000,[6873.885565690778],[167.58176393668163],[0.4258169398597689],-20,0.47225383165623097
3364,0.008801762224765539,0.0,22,10000,[6873.885565690778],[167.58176393668163],[0.4258169398597689],-20,0.47225383165623097
3365,-0.6639562363098142,0.0,22,10000,[6873.885565690778],[167.58176393668163],[0.4258169398597689],-20,0.47225383165623097
3366,-0.19685447131909736,0.0,22,10000,[6873.885565690778],[167.58176393668163],[0.4258169398597689],-20,0.47225383165623097
3367,-0.052563130845027096,0.0,22,10000,[6873.885565690778],[167.58176393668163],[0.4258169398597689],-20,0.47225383165623097
3368,0.28592210762106596,0.0,22,10000,[6873.885565690778],[167.58176393668163],[0.4258169398597689],-20,0.47225383165623097
3369,0.10626687301355014,0.0,22,10000,[6873.885565690778],[167.58176393668163],[0.4258169398597689],-20,0.47225383165623097
3370,-0.658029246522187,0.0,22,10000,[6873.885565690778],[167.58176393668163],[0.4258169398597689],-20,0.47225383165623097
3371,-0.20390794950143826,0.0,22,10000,[6873.885565690778],[167.58176393668163],[0.4258169398597689],-20,0.47225383165623097
3372,0.20751018991251516,0.0,22,10000,[6873.885565690778],[167.58176393668163],[0.4258169398597689],-20,0.47225383165623097
3373,0.4168222404703541,0.0,22,10000,[6873.885565690778],[167.58176393668163],[0.4258169398597689],-20,0.47225383165623097
3374,0.06774534206591223,0.0,22,10000,[6873.885565690778],[167.58176393668163],[0.4258169398597689],-20,0.47225383165623097
3375,0.08239204095857174,0.0,22,10000,[6873.885565690778],[167.58176393668163],[0.4258169398597689],-20,0.47225383165623097
3376,-0.07327125728461212,0.0,22,10000,[6873.885565690778],[167.58176393668163],[0.4258169398597689],-20,0.47225383165623097
3377,0.27053412084036876,0.0,22,10000,[6873.885565690778],[167.58176393668163],[0.4258169398597689],-20,0.47225383165623097
3378,0.14635127787064794,0.0,22,10000,[6873.885565690778],[167.58176393668163],[0.4258169398597689],-20,0.47225383165623097
3379,0.8416795387897319,0.0,22,10000,[6873.885565690778],[167.58176393668163],[0.4258169398597689],-20,0.47225383165623097
3380,-0.18907780423900405,0.0,22,10000,[6873.885565690778],[167.58176393668163],[0.4258169398597689],-20,0.47225383165623097
3381,0.5347986325210631,0.0,22,10000,[6873.885565690778],[167.58176393668163],[0.4258169398597689],-20,0.47225383165623097
3382,0.6830110063293922,0.0,22,10000,[6873.885565690778],[167.58176393668163],[0.4258169398597689],-20,0.47225383165623097
3383,-0.4552288218546227,0.0,22,10000,[6873.885565690778],[167.58176393668163],[0.4258169398597689],-20,0.47225383165623097
3384,0.45313737942126303,0.0,22,10000,[6873.885565690778],[167.58176393668163],[0.4258169398597689],-20,0.47225383165623097
3385,-0.08329470601197105,0.0,22,10000,[6873.885565690778],[167.58176393668163],[0.4258169398597689],-20,0.47225383165623097
3386,0.3110057503283025,0.0,22,10000,[6873.885565690778],[167.58176393668163],[0.4258169398597689],-20,0.47225383165623097
3387,-0.19537794961320443,0.0,22,10000,[6873.885565690778],[167.58176393668163],[0.4258169398597689],-20,0.47225383165623097
3388,0.9124001483312596,0.0,22,10000,[6873.885565690778],[167.58176393668163],[0.4258169398597689],-20,0.47225383165623097
3389,-0.3600411930863638,0.0,22,10000,[6873.885565690778],[167.58176393668163],[0.4258169398597689],-20,0.47225383165623097
3390,0.17878971747509403,0.0,22,10000,[6873.885565690778],[167.58176393668163],[0.4258169398597689],-20,0.47225383165623097
3391,0.4498024391015726,0.0,22,10000,[6873.885565690778],[167.58176393668163],[0.4258169398597689],-20,0.47225383165623097
3392,-0.07835251601025649,0.0,22,10000,[6873.885565690778],[167.58176393668163],[0.4258169398597689],-20,0.47225383165623097
3393,0.032150414639163884,0.0,22,10000,[6873.885565690778],[167.58176393668163],[0.4258169398597689],-20,0.47225383165623097
3394,-0.11807931422629428,0.0,22,10000,[6873.885565690778],[167.58176393668163],[0.4258169398597689],-20,0.47225383165623097
3395,-0.43641107626333575,0.0,22,10000,[6873.885565690778],[167.58176393668163],[0.4258169398597689],-20,0.47225383165623097
3396,-0.21161723912007846,0.0,22,10000,[6873.885565690778],[167.58176393668163],[0.4258169398597689],-20,0.47225383165623097
3397,0.5327469114966825,0.0,22,10000,[6873.885565690778],[167.58176393668163],[0.4258169398597689],-20,0.47225383165623097
3398,-0.11668324451932448,0.0,22,10000,[6873.885565690778],[167.58176393668163],[0.4258169398597689],-20,0.47225383165623097
3399,-0.05552431502114996,0.0,22,10000,[6873.885565690778],[167.58176393668163],[0.4258169398597689],-20,0.47225383165623097
3400,-0.18764147181656193,0.0,22,10000,[6873.885565690778],[167.58176393668163],[0.4258169398597689],-20,0.47225383165623097
3401,0.11758247043578512,0.0,22,10000,[6873.885565690778],[167.58176393668163],[0.4258169398597689],-20,0.47225383165623097
3402,-0.7285009974332048,0.0,22,10000,[6873.885565690778],[167.58176393668163],[0.4258169398597689],-20,0.47225383165623097
3403,-0.22405835703769258,0.0,22,10000,[6873.885565690778],[167.58176393668163],[0.4258169398597689],-20,0.47225383165623097
3404,-0.054845529896465434,0.0,22,10000,[6873.885565690778],[167.58176393668163],[0.4258169398597689],-20,0.47225383165623097
3405,-0.261218771642282,0.0,22,10000,[6873.885565690778],[167.58176393668163],[0.4258169398597689],-20,0.47225383165623097
3406,0.042924748968541794,0.0,22,10000,[6873.885565690778],[167.58176393668163],[0.4258169398597689],-20,0.47225383165623097
3407,0.10965616248588779,0.0,22,10000,[6873.885565690778],[167.58176393668163],[0.4258169398597689],-20,0.47225383165623097
3408,0.07430091438845318,0.0,22,10000,[6873.885565690778],[167.58176393668163],[0.4258169398597689],-20,0.47225383165623097
3409,0.05898992047283944,0.0,22,10000,[6873.885565690778],[167.58176393668163],[0.4258169398597689],-20,0.47225383165623097
3410,-0.7505782265606998,0.0,22,10000,[6873.885565690778],[167.58176393668163],[0.4258169398597689],-20,0.47225383165623097
3411,0.5958079703853606,0.0,22,10000,[6873.885565690778],[167.58176393668163],[0.4258169398597689],-20,0.47225383165623097
3412,-0.634715418892622,0.0,22,10000,[6873.885565690778],[167.58176393668163],[0.4258169398597689],-20,0.47225383165623097
3413,-0.21942252224202372,0.0,22,10000,[6873.885565690778],[167.58176393668163],[0.4258169398597689],-20,0.47225383165623097
3414,-0.542978470742067,0.0,22,10000,[6873.885565690778],[167.58176393668163],[0.4258169398597689],-20,0.47225383165623097
3415,0.9378787777376406,0.0,22,10000,[6873.885565690778],[167.58176393668163],[0.4258169398597689],-20,0.47225383165623097
3416,0.7287073977901587,0.0,22,10000,[6873.885565690778],[167.58176393668163],[0.4258169398597689],-20,0.47225383165623097
3417,-0.08777204983970714,0.0,22,10000,[6873.885565690778],[167.58176393668163],[0.4258169398597689],-20,0.47225383165623097
3418,-0.5160797780570737,0.0,22,10000,[6873.885565690778],[167.58176393668163],[0.4258169398597689],-20,0.47225383165623097
3419,-0.3112726042203758,0.0,22,10000,[6873.885565690778],[167.58176393668163],[0.4258169398597689],-20,0.47225383165623097
3420,-0.5471290802878823,0.0,22,10000,[6873.885565690778],[167.58176393668163],[0.4258169398597689],-20,0.47225383165623097
3421,0.01649102832949408,0.0,22,10000,[6873.885565690778],[167.58176393668163],[0.4258169398597689],-20,0.47225383165623097
3422,0.05499142834880948,0.0,22,10000,[6873.885565690778],[167.58176393668163],[0.4258169398597689],-20,0.47225383165623097
3423,-0.7471447949970759,0.0,22,10000,[6873.885565690778],[167.58176393668163],[0.4258169398597689],-20,0.47225383165623097
3424,0.8946012180299009,0.0,22,10000,[6873.885565690778],[167.58176393668163],[0.4258169398597689],-20,0.47225383165623097
3425,0.1854380902580613,0.0,22,10000,[6873.885565690778],[167.58176393668163],[0.4258169398597689],-20,0.47225383165623097
3426,0.3132812777505683,0.0,22,10000,[6873.885565690778],[167.58176393668163],[0.4258169398597689],-20,0.47225383165623097
3427,-0.3306730464807972,0.0,22,10000,[6873.885565690778],[167.58176393668163],[0.4258169398597689],-20,0.47225383165623097
3428,0.1648242664460174,0.0,22,10000,[6873.885565690778],[167.58176393668163],[0.4258169398597689],-20,0.47225383165623097
3429,0.367206936411118,0.0,22,10000,[6873.885565690778],[167.58176393668163],[0.4258169398597689],-20,0.47225383165623097
3430,0.4422244967557775,0.0,22,10000,[6873.885565690778],[167.58176393668163],[0.4258169398597689],-20,0.47225383165623097
3431,-0.4931601216505033,0.0,22,10000,[6873.885565690778],[167.58176393668163],[0.4258169398597689],-20,0.47225383165623097
3432,0.33651324383287057,0.0,22,10000,[6873.885565690778],[167.58176393668163],[0.4258169398597689],-20,0.47225383165623097
3433,0.5008543041487641,0.0,22,10000,[6873.885565690778],[167.58176393668163],[0.4258169398597689],-20,0.47225383165623097
3434,-0.6650070365556747,0.0,22,10000,[6873.885565690778],[167.58176393668163],[0.4258169398597689],-20,0.47225383165623097
3435,0.7650396845446261,0.0,22,10000,[6873.885565690778],[167.58176393668163],[0.4258169398597689],-20,0.47225383165623097
3436,0.9121183912076222,0.0,22,10000,[6873.885565690778],[167.58176393668163],[0.4258169398597689],-20,0.47225383165623097
3437,-0.46627422254722184,0.0,22,10000,[6873.885565690778],[167.58176393668163],[0.4258169398597689],-20,0.47225383165623097
3438,-0.3932960569607496,0.0,22,10000,[6873.885565690778],[167.58176393668163],[0.4258169398597689],-20,0.47225383165623097
3439,0.1700619247187503,0.0,22,10000,[6873.885565690778],[167.58176393668163],[0.4258169398597689],-20,0.47225383165623097
3440,1.0715144543092856,0.0,22,10000,[6873.885565690778],[167.58176393668163],[0.4258169398597689],-20,0.47225383165623097
3441,-0.17948924968684143,0.0,22,10000,[6873.885565690778],[167.58176393668163],[0.4258169398597689],-20,0.47225383165623097
3442,0.21919193050926072,0.0,22,10000,[6873.885565690778],[167.58176393668163],[0.4258169398597689],-20,0.47225383165623097
3443,-0.7654846117751486,0.0,22,10000,[6873.885565690778],[167.58176393668163],[0.4258169398597689],-20,0.47225383165623097
3444,0.6253458347599994,0.0,22,10000,[6873.885565690778],[167.58176393668163],[0.4258169398597689],-20,0.47225383165623097
3445,0.21856285766714445,0.0,22,10000,[6873.885565690778],[167.58176393668163],[0.4258169398597689],-20,0.47225383165623097
3446,0.13478323188786548,0.0,22,10000,[6873.885565690778],[167.58176393668163],[0.4258169398597689],-20,0.47225383165623097
3447,-0.8931255807829046,0.0,22,10000,[6873.885565690778],[167.58176393668163],[0.4258169398597689],-20,0.47225383165623097
3448,0.8915300550980694,0.0,22,10000,[6873.885565690778],[167.58176393668163],[0.4258169398597689],-20,0.47225383165623097
3449,0.26175633287081357,0.0,22,10000,[6873.885565690778],[167.58176393668163],[0.4258169398597689],-20,0.47225383165623097
3450,-0.1155752703810528,0.0,22,10000,[6873.885565690778],[167.58176393668163],[0.4258169398597689],-20,0.47225383165623097
3451,-0.46253180859708015,0.0,22,10000,[6873.885565690778],[167.58176393668163],[0.4258169398597689],-20,0.47225383165623097
3452,0.028907222627883443,0.0,22,10000,[6873.885565690778],[167.58176393668163],[0.4258169398597689],-20,0.47225383165623097
3453,-0.28287205767205326,0.0,22,10000,[6873.885565690778],[167.58176393668163],[0.4258169398597689],-20,0.47225383165623097
3454,-0.02122485875454985,0.0,22,10000,[6873.885565690778],[167.58176393668163],[0.4258169398597689],-20,0.47225383165623097
3455,0.3186088707402358,0.0,22,10000,[6873.885565690778],[167.58176393668163],[0.4258169398597689],-20,0.47225383165623097
3456,0.4092097612587818,0.0,22,10000,[6873.885565690778],[167.58176393668163],[0.4258169398597689],-20,0.47225383165623097
3457,-0.05108807779529821,0.0,22,10000,[6873.885565690778],[167.58176393668163],[0.4258169398597689],-20,0.47225383165623097
3458,0.8870408193114141,0.0,22,10000,[6873.885565690778],[167.58176393668163],[0.4258169398597689],-20,0.47225383165623097
3459,0.1416685766811234,0.0,22,10000,[6873.885565690778],[167.58176393668163],[0.4258169398597689],-20,0.47225383165623097
3460,0.15482819744740753,0.0,22,10000,[6873.885565690778],[167.58176393668163],[0.4258169398597689],-20,0.47225383165623097
3461,-0.014828570743776382,0.0,22,10000,[6873.885565690778],[167.58176393668163],[0.4258169398597689],-20,0.47225383165623097
3462,0.37032062472846305,0.0,22,10000,[6873.885565690778],[167.58176393668163],[0.4258169398597689],-20,0.47225383165623097
3463,-0.04720534726605671,0.0,22,10000,[6873.885565690778],[167.58176393668163],[0.4258169398597689],-20,0.47225383165623097
3464,0.12676025056584928,0.0,22,10000,[6873.885565690778],[167.58176393668163],[0.4258169398597689],-20,0.47225383165623097
3465,0.7941091150703576,0.0,22,10000,[6873.885565690778],[167.58176393668163],[0.4258169398597689],-20,0.47225383165623097
3466,0.16000268172009022,0.0,22,10000,[6873.885565690778],[167.58176393668163],[0.4258169398597689],-20,0.47225383165623097
3467,-0.05987458817854345,0.0,22,10000,[6873.885565690778],[167.58176393668163],[0.4258169398597689],-20,0.47225383165623097
3468,-0.19502542913216736,0.0,22,10000,[6873.885565690778],[167.58176393668163],[0.4258169398597689],-20,0.47225383165623097
3469,0.027983282208638948,0.0,22,10000,[6873.885565690778],[167.58176393668163],[0.4258169398597689],-20,0.47225383165623097
3470,0.029284766525496494,0.0,22,10000,[6873.885565690778],[167.58176393668163],[0.4258169398597689],-20,0.47225383165623097
3471,0.16460869186488608,0.0,22,10000,[6873.885565690778],[167.58176393668163],[0.4258169398597689],-20,0.47225383165623097
3472,-0.16852196521808918,0.0,22,10000,[6873.885565690778],[167.58176393668163],[0.4258169398597689],-20,0.47225383165623097
3473,0.13574301876330666,0.0,22,10000,[6873.885565690778],[167.58176393668163],[0.4258169398597689],-20,0.47225383165623097
3474,-0.2069855567229873,0.0,22,10000,[6873.885565690778],[167.58176393668163],[0.4258169398597689],-20,0.47225383165623097
3475,-0.18271709970376868,0.0,22,10000,[6873.885565690778],[167.58176393668163],[0.4258169398597689],-20,0.47225383165623097
3476,-0.1555659696177733,0.0,22,10000,[6873.885565690778],[167.58176393668163],[0.4258169398597689],-20,0.47225383165623097
3477,-0.07071398982447724,0.0,22,10000,[6873.885565690778],[167.58176393668163],[0.4258169398597689],-20,0.47225383165623097
3478,-0.404572046195305,0.0,22,10000,[6873.885565690778],[167.58176393668163],[0.4258169398597689],-20,0.47225383165623097
3479,0.2812840598223263,0.0,22,10000,[6873.885565690778],[167.58176393668163],[0.4258169398597689],-20,0.47225383165623097
3480,-0.4744148875426513,0.0,22,10000,[6873.885565690778],[167.58176393668163],[0.4258169398597689],-20,0.47225383165623097
3481,-0.6335897983162155,0.0,22,10000,[6873.885565690778],[167.58176393668163],[0.4258169398597689],-20,0.47225383165623097
3482,0.05780799604131316,0.0,22,10000,[6873.885565690778],[167.58176393668163],[0.4258169398597689],-20,0.47225383165623097
3483,0.05944165709824948,0.0,22,10000,[6873.885565690778],[167.58176393668163],[0.4258169398597689],-20,0.47225383165623097
3484,0.49934337203998275,0.0,22,10000,[6873.885565690778],[167.58176393668163],[0.4258169398597689],-20,0.47225383165623097
3485,-0.015717407087925597,0.0,22,10000,[6873.885565690778],[167.58176393668163],[0.4258169398597689],-20,0.47225383165623097
3486,-0.18672519040306296,0.0,22,10000,[6873.885565690778],[167.58176393668163],[0.4258169398597689],-20,0.47225383165623097
3487,0.07342591858002975,0.0,22,10000,[6873.885565690778],[167.58176393668163],[0.4258169398597689],-20,0.47225383165623097
3488,-0.8173236085668794,0.0,22,10000,[6873.885565690778],[167.58176393668163],[0.4258169398597689],-20,0.47225383165623097
3489,0.5749307710591578,0.0,22,10000,[6873.885565690778],[167.58176393668163],[0.4258169398597689],-20,0.47225383165623097
3490,-0.5303991302824568,0.0,22,10000,[6873.885565690778],[167.58176393668163],[0.4258169398597689],-20,0.47225383165623097
3491,-0.2162341468237018,0.0,22,10000,[6873.885565690778],[167.58176393668163],[0.4258169398597689],-20,0.47225383165623097
3492,-0.28241421635021985,0.0,22,10000,[6873.885565690778],[167.58176393668163],[0.4258169398597689],-20,0.47225383165623097
3493,-0.03829671436178069,0.0,22,10000,[6873.885565690778],[167.58176393668163],[0.4258169398597689],-20,0.47225383165623097
3494,0.4278869335448634,0.0,22,10000,[6873.885565690778],[167.58176393668163],[0.4258169398597689],-20,0.47225383165623097
3495,-0.2677859646352372,0.0,22,10000,[6873.885565690778],[167.58176393668163],[0.4258169398597689],-20,0.47225383165623097
3496,0.5537172204453003,0.0,22,10000,[6873.885565690778],[167.58176393668163],[0.4258169398597689],-20,0.47225383165623097
3497,0.7653764373263314,0.0,22,10000,[6873.885565690778],[167.58176393668163],[0.4258169398597689],-20,0.47225383165623097
3498,0.09112673832448799,0.0,22,10000,[6873.885565690778],[167.58176393668163],[0.4258169398597689],-20,0.47225383165623097
3499,-0.5348763854245095,0.0,22,10000,[6873.885565690778],[167.58176393668163],[0.4258169398597689],-20,0.47225383165623097
3500,1.0498418492329953,0.0,22,10000,[6873.885565690778],[167.58176393668163],[0.4258169398597689],-20,0.47225383165623097
3501,-0.02605531907357377,0.0,22,10000,[6873.885565690778],[167.58176393668163],[0.4258169398597689],-20,0.47225383165623097
3502,-0.4538110584942494,0.0,22,10000,[6873.885565690778],[167.58176393668163],[0.4258169398597689],-20,0.47225383165623097
3503,-0.6373002214802602,0.0,22,10000,[6873.885565690778],[167.58176393668163],[0.4258169398597689],-20,0.47225383165623097
3504,0.03148701412506451,0.0,22,10000,[6873.885565690778],[167.58176393668163],[0.4258169398597689],-20,0.47225383165623097
3505,0.14776719410921316,0.0,22,10000,[6873.885565690778],[167.58176393668163],[0.4258169398597689],-20,0.47225383165623097
3506,0.12156026771248409,0.0,22,10000,[6873.885565690778],[167.58176393668163],[0.4258169398597689],-20,0.47225383165623097
3507,-0.39507056730612666,0.0,22,10000,[6873.885565690778],[167.58176393668163],[0.4258169398597689],-20,0.47225383165623097
3508,0.920768297532077,0.0,22,10000,[6873.885565690778],[167.58176393668163],[0.4258169398597689],-20,0.47225383165623097
3509,-0.01837439373390148,0.0,22,10000,[6873.885565690778],[167.58176393668163],[0.4258169398597689],-20,0.47225383165623097
3510,0.16059480097163975,0.0,22,10000,[6873.885565690778],[167.58176393668163],[0.4258169398597689],-20,0.47225383165623097
3511,0.4570451007385481,0.0,22,10000,[6873.885565690778],[167.58176393668163],[0.4258169398597689],-20,0.47225383165623097
3512,-0.7008692672516623,0.0,22,10000,[6873.885565690778],[167.58176393668163],[0.4258169398597689],-20,0.47225383165623097
3513,0.481549511457477,0.0,22,10000,[6873.885565690778],[167.58176393668163],[0.4258169398597689],-20,0.47225383165623097
3514,0.8341326312233542,0.0,22,10000,[6873.885565690778],[167.58176393668163],[0.4258169398597689],-20,0.47225383165623097
3515,-0.17011253163196416,0.0,22,10000,[6873.885565690778],[167.58176393668163],[0.4258169398597689],-20,0.47225383165623097
3516,-0.4195869591172107,0.0,22,10000,[6873.885565690778],[167.58176393668163],[0.4258169398597689],-20,0.47225383165623097
3517,0.39688146315408945,0.0,22,10000,[6873.885565690778],[167.58176393668163],[0.4258169398597689],-20,0.47225383165623097
3518,0.03267750654925361,0.0,22,10000,[6873.885565690778],[167.58176393668163],[0.4258169398597689],-20,0.47225383165623097
3519,0.7349705036690329,0.0,22,10000,[6873.885565690778],[167.58176393668163],[0.4258169398597689],-20,0.47225383165623097
3520,-0.04200124221937146,0.0,22,10000,[6873.885565690778],[167.58176393668163],[0.4258169398597689],-20,0.47225383165623097
3521,-0.5362543401124898,0.0,22,10000,[6873.885565690778],[167.58176393668163],[0.4258169398597689],-20,0.47225383165623097
3522,-0.19403247608981594,0.0,22,10000,[6873.885565690778],[167.58176393668163],[0.4258169398597689],-20,0.47225383165623097
3523,-0.31774011695631105,0.0,22,10000,[6873.885565690778],[167.58176393668163],[0.4258169398597689],-20,0.47225383165623097
3524,0.6378031128685979,0.0,22,10000,[6873.885565690778],[167.58176393668163],[0.4258169398597689],-20,0.47225383165623097
3525,1.671759716462967,0.0,22,10000,[6873.885565690778],[167.58176393668163],[0.4258169398597689],-20,0.47225383165623097
3526,0.1556249702616211,0.0,22,10000,[6873.885565690778],[167.58176393668163],[0.4258169398597689],-20,0.47225383165623097
3527,0.342339394387869,0.0,22,10000,[6873.885565690778],[167.58176393668163],[0.4258169398597689],-20,0.47225383165623097
3528,0.4118873850780323,0.0,22,10000,[6873.885565690778],[167.58176393668163],[0.4258169398597689],-20,0.47225383165623097
3529,0.10271024967145824,0.0,22,10000,[6873.885565690778],[167.58176393668163],[0.4258169398597689],-20,0.47225383165623097
3530,0.174222665678805,0.0,22,10000,[6873.885565690778],[167.58176393668163],[0.4258169398597689],-20,0.47225383165623097
3531,-0.5989784165661777,0.0,22,10000,[6873.885565690778],[167.58176393668163],[0.4258169398597689],-20,0.47225383165623097
3532,-0.3875102531669796,0.0,22,10000,[6873.885565690778],[167.58176393668163],[0.4258169398597689],-20,0.47225383165623097
3533,-0.47180548244150017,0.0,22,10000,[6873.885565690778],[167.58176393668163],[0.4258169398597689],-20,0.47225383165623097
3534,-0.5932853959432,0.0,22,10000,[6873.885565690778],[167.58176393668163],[0.4258169398597689],-20,0.47225383165623097
3535,-0.9159949529184993,0.0,22,10000,[6873.885565690778],[167.58176393668163],[0.4258169398597689],-20,0.47225383165623097
3536,0.1768132121751295,0.0,22,10000,[6873.885565690778],[167.58176393668163],[0.4258169398597689],-20,0.47225383165623097
3537,-0.17563613082033575,0.0,22,10000,[6873.885565690778],[167.58176393668163],[0.4258169398597689],-20,0.47225383165623097
3538,0.02227065454559519,0.0,22,10000,[6873.885565690778],[167.58176393668163],[0.4258169398597689],-20,0.47225383165623097
3539,-0.0015776451975222155,0.0,22,10000,[6873.885565690778],[167.58176393668163],[0.4258169398597689],-20,0.47225383165623097
3540,0.387723055610148,0.0,22,10000,[6873.885565690778],[167.58176393668163],[0.4258169398597689],-20,0.47225383165623097
3541,-0.060396060524703477,0.0,22,10000,[6873.885565690778],[167.58176393668163],[0.4258169398597689],-20,0.47225383165623097
3542,0.013254060762499836,0.0,22,10000,[6873.885565690778],[167.58176393668163],[0.4258169398597689],-20,0.47225383165623097
3543,-0.8205294071095116,0.0,22,10000,[6873.885565690778],[167.58176393668163],[0.4258169398597689],-20,0.47225383165623097
3544,-0.7956995389486519,0.0,22,10000,[6873.885565690778],[167.58176393668163],[0.4258169398597689],-20,0.47225383165623097
3545,-0.5326482815343908,0.0,22,10000,[6873.885565690778],[167.58176393668163],[0.4258169398597689],-20,0.47225383165623097
3546,0.303319583892467,0.0,22,10000,[6873.885565690778],[167.58176393668163],[0.4258169398597689],-20,0.47225383165623097
3547,-0.28004907419571606,0.0,22,10000,[6873.885565690778],[167.58176393668163],[0.4258169398597689],-20,0.47225383165623097
3548,0.1033508885788566,0.0,22,10000,[6873.885565690778],[167.58176393668163],[0.4258169398597689],-20,0.47225383165623097
3549,-0.7260883951777912,0.0,22,10000,[6873.885565690778],[167.58176393668163],[0.4258169398597689],-20,0.47225383165623097
3550,0.05402741289628577,0.0,22,10000,[6873.885565690778],[167.58176393668163],[0.4258169398597689],-20,0.47225383165623097
3551,-0.2487298277364728,0.0,22,10000,[6873.885565690778],[167.58176393668163],[0.4258169398597689],-20,0.47225383165623097
3552,0.5297398432358372,0.0,22,10000,[6873.885565690778],[167.58176393668163],[0.4258169398597689],-20,0.47225383165623097
3553,-0.2406685274981933,0.0,22,10000,[6873.885565690778],[167.58176393668163],[0.4258169398597689],-20,0.47225383165623097
3554,0.11672967353198928,0.0,22,10000,[6873.885565690778],[167.58176393668163],[0.4258169398597689],-20,0.47225383165623097
3555,0.543855390795283,0.0,22,10000,[6873.885565690778],[167.58176393668163],[0.4258169398597689],-20,0.47225383165623097
3556,0.6133423642837069,0.0,22,10000,[6873.885565690778],[167.58176393668163],[0.4258169398597689],-20,0.47225383165623097
3557,-0.44309075774394857,0.0,22,10000,[6873.885565690778],[167.58176393668163],[0.4258169398597689],-20,0.47225383165623097
3558,-0.36551134611684744,0.0,22,10000,[6873.885565690778],[167.58176393668163],[0.4258169398597689],-20,0.47225383165623097
3559,-0.2265875306663461,0.0,22,10000,[6873.885565690778],[167.58176393668163],[0.4258169398597689],-20,0.47225383165623097
3560,0.7456520856842246,0.0,22,10000,[6873.885565690778],[167.58176393668163],[0.4258169398597689],-20,0.47225383165623097
3561,-0.5851294555362184,0.0,22,10000,[6873.885565690778],[167.58176393668163],[0.4258169398597689],-20,0.47225383165623097
3562,0.28727486413037023,0.0,22,10000,[6873.885565690778],[167.58176393668163],[0.4258169398597689],-20,0.47225383165623097
3563,0.5519627197163733,0.0,22,10000,[6873.885565690778],[167.58176393668163],[0.4258169398597689],-20,0.47225383165623097
3564,0.35929649213466025,0.0,22,10000,[6873.885565690778],[167.58176393668163],[0.4258169398597689],-20,0.47225383165623097
3565,-0.22370244466662145,0.0,22,10000,[6873.885565690778],[167.58176393668163],[0.4258169398597689],-20,0.47225383165623097
3566,-0.9960966096272128,0.0,22,10000,[6873.885565690778],[167.58176393668163],[0.4258169398597689],-20,0.47225383165623097
3567,0.23932826426497275,0.0,22,10000,[6873.885565690778],[167.58176393668163],[0.4258169398597689],-20,0.47225383165623097
3568,0.46767635165676175,0.0,22,10000,[6873.885565690778],[167.58176393668163],[0.4258169398597689],-20,0.47225383165623097
3569,0.1310542309687531,0.0,22,10000,[6873.885565690778],[167.58176393668163],[0.4258169398597689],-20,0.47225383165623097
3570,0.12018916087691513,0.0,22,10000,[6873.885565690778],[167.58176393668163],[0.4258169398597689],-20,0.47225383165623097
3571,-0.16884031599593305,0.0,22,10000,[6873.885565690778],[167.58176393668163],[0.4258169398597689],-20,0.47225383165623097
3572,-0.016108885699233837,0.0,22,10000,[6873.885565690778],[167.58176393668163],[0.4258169398597689],-20,0.47225383165623097
3573,-0.06495618946645747,0.0,22,10000,[6873.885565690778],[167.58176393668163],[0.4258169398597689],-20,0.47225383165623097
3574,0.6498235715730838,0.0,22,10000,[6873.885565690778],[167.58176393668163],[0.4258169398597689],-20,0.47225383165623097
3575,0.09126199636955759,0.0,22,10000,[6873.885565690778],[167.58176393668163],[0.4258169398597689],-20,0.47225383165623097
3576,0.25338008383595534,0.0,22,10000,[6873.885565690778],[167.58176393668163],[0.4258169398597689],-20,0.47225383165623097
3577,-0.2508621556007027,0.0,22,10000,[6873.885565690778],[167.58176393668163],[0.4258169398597689],-20,0.47225383165623097
3578,0.2270724480826728,0.0,22,10000,[6873.885565690778],[167.58176393668163],[0.4258169398597689],-20,0.47225383165623097
3579,-0.24981950660392152,0.0,22,10000,[6873.885565690778],[167.58176393668163],[0.4258169398597689],-20,0.47225383165623097
3580,0.3262054547450777,0.0,22,10000,[6873.885565690778],[167.58176393668163],[0.4258169398597689],-20,0.47225383165623097
3581,0.033283467229714384,0.0,22,10000,[6873.885565690778],[167.58176393668163],[0.4258169398597689],-20,0.47225383165623097
3582,-0.28881586040279217,0.0,22,10000,[6873.885565690778],[167.58176393668163],[0.4258169398597689],-20,0.47225383165623097
3583,0.0344532520272493,0.0,22,10000,[6873.885565690778],[167.58176393668163],[0.4258169398597689],-20,0.47225383165623097
3584,0.11327110553416776,0.0,22,10000,[6873.885565690778],[167.58176393668163],[0.4258169398597689],-20,0.47225383165623097
3585,-0.5839197468929492,0.0,22,10000,[6873.885565690778],[167.58176393668163],[0.4258169398597689],-20,0.47225383165623097
3586,-0.3022961238330685,0.0,22,10000,[6873.885565690778],[167.58176393668163],[0.4258169398597689],-20,0.47225383165623097
3587,-0.251120047051922,0.0,22,10000,[6873.885565690778],[167.58176393668163],[0.4258169398597689],-20,0.47225383165623097
3588,0.3603269330500769,0.0,22,10000,[6873.885565690778],[167.58176393668163],[0.4258169398597689],-20,0.47225383165623097
3589,0.13936135126038593,0.0,22,10000,[6873.885565690778],[167.58176393668163],[0.4258169398597689],-20,0.47225383165623097
3590,-0.15819712127524874,0.0,22,10000,[6873.885565690778],[167.58176393668163],[0.4258169398597689],-20,0.47225383165623097
3591,0.15839592434053335,0.0,22,10000,[6873.885565690778],[167.58176393668163],[0.4258169398597689],-20,0.47225383165623097
3592,0.1793602340633315,0.0,22,10000,[6873.885565690778],[167.58176393668163],[0.4258169398597689],-20,0.47225383165623097
3593,0.07422741388195948,0.0,22,10000,[6873.885565690778],[167.58176393668163],[0.4258169398597689],-20,0.47225383165623097
3594,-0.227117010346635,0.0,22,10000,[6873.885565690778],[167.58176393668163],[0.4258169398597689],-20,0.47225383165623097
3595,-0.3933933812353957,0.0,22,10000,[6873.885565690778],[167.58176393668163],[0.4258169398597689],-20,0.47225383165623097
3596,0.25269938441991024,0.0,22,10000,[6873.885565690778],[167.58176393668163],[0.4258169398597689],-20,0.47225383165623097
3597,0.27543577305066236,0.0,22,10000,[6873.885565690778],[167.58176393668163],[0.4258169398597689],-20,0.47225383165623097
3598,0.4637594061584282,0.0,22,10000,[6873.885565690778],[167.58176393668163],[0.4258169398597689],-20,0.47225383165623097
3599,0.8438709630557069,0.0,22,10000,[6873.885565690778],[167.58176393668163],[0.4258169398597689],-20,0.47225383165623097
3600,-0.22023784579516756,0.0,22,10000,[6873.885565690778],[167.58176393668163],[0.4258169398597689],-20,0.47225383165623097
3601,-0.09646499847161594,0.0,22,10000,[6873.885565690778],[167.58176393668163],[0.4258169398597689],-20,0.47225383165623097
3602,-0.20722800041205114,0.0,22,10000,[6873.885565690778],[167.58176393668163],[0.4258169398597689],-20,0.47225383165623097
3603,0.05139401429530046,0.0,22,10000,[6873.885565690778],[167.58176393668163],[0.4258169398597689],-20,0.47225383165623097
3604,0.5171939922683441,0.0,22,10000,[6873.885565690778],[167.58176393668163],[0.4258169398597689],-20,0.47225383165623097
3605,-0.4173664057192505,0.0,22,10000,[6873.885565690778],[167.58176393668163],[0.4258169398597689],-20,0.47225383165623097
3606,-0.25474139469152046,0.0,22,10000,[6873.885565690778],[167.58176393668163],[0.4258169398597689],-20,0.47225383165623097
3607,-0.6164268303162765,0.0,22,10000,[6873.885565690778],[167.58176393668163],[0.4258169398597689],-20,0.47225383165623097
3608,-0.32593058795611823,0.0,22,10000,[6873.885565690778],[167.58176393668163],[0.4258169398597689],-20,0.47225383165623097
3609,1.310956918785398,0.0,22,10000,[6873.885565690778],[167.58176393668163],[0.4258169398597689],-20,0.47225383165623097
3610,0.19096524773590048,0.0,22,10000,[6873.885565690778],[167.58176393668163],[0.4258169398597689],-20,0.47225383165623097
3611,0.31991312801296673,0.0,22,10000,[6873.885565690778],[167.58176393668163],[0.4258169398597689],-20,0.47225383165623097
3612,0.5747623628887506,0.0,22,10000,[6873.885565690778],[167.58176393668163],[0.4258169398597689],-20,0.47225383165623097
3613,-0.06950290175566656,0.0,22,10000,[6873.885565690778],[167.58176393668163],[0.4258169398597689],-20,0.47225383165623097
3614,0.4269659135011773,0.0,22,10000,[6873.885565690778],[167.58176393668163],[0.4258169398597689],-20,0.47225383165623097
3615,0.4403078161513707,0.0,22,10000,[6873.885565690778],[167.58176393668163],[0.4258169398597689],-20,0.47225383165623097
3616,0.7648339595880482,0.0,22,10000,[6873.885565690778],[167.58176393668163],[0.4258169398597689],-20,0.47225383165623097
3617,-0.46460499274496103,0.0,22,10000,[6873.885565690778],[167.58176393668163],[0.4258169398597689],-20,0.47225383165623097
3618,-0.6333858705745278,0.0,22,10000,[6873.885565690778],[167.58176393668163],[0.4258169398597689],-20,0.47225383165623097
3619,0.6040084991553136,0.0,22,10000,[6873.885565690778],[167.58176393668163],[0.4258169398597689],-20,0.47225383165623097
3620,0.8310190447690493,0.0,22,10000,[6873.885565690778],[167.58176393668163],[0.4258169398597689],-20,0.47225383165623097
3621,-0.24979392858499655,0.0,22,10000,[6873.885565690778],[167.58176393668163],[0.4258169398597689],-20,0.47225383165623097
3622,0.1595019288441877,0.0,22,10000,[6873.885565690778],[167.58176393668163],[0.4258169398597689],-20,0.47225383165623097
3623,0.705096394635642,0.0,22,10000,[6873.885565690778],[167.58176393668163],[0.4258169398597689],-20,0.47225383165623097
3624,0.09734127586598008,0.0,22,10000,[6873.885565690778],[167.58176393668163],[0.4258169398597689],-20,0.47225383165623097
3625,-0.49497938900477517,0.0,22,10000,[6873.885565690778],[167.58176393668163],[0.4258169398597689],-20,0.47225383165623097
3626,-0.24344150744941886,0.0,22,10000,[6873.885565690778],[167.58176393668163],[0.4258169398597689],-20,0.47225383165623097
3627,0.7603372011374748,0.0,22,10000,[6873.885565690778],[167.58176393668163],[0.4258169398597689],-20,0.47225383165623097
3628,-0.4493030708846592,0.0,22,10000,[6873.885565690778],[167.58176393668163],[0.4258169398597689],-20,0.47225383165623097
3629,-0.21239965173584407,0.0,22,10000,[6873.885565690778],[167.58176393668163],[0.4258169398597689],-20,0.47225383165623097
3630,0.5929818244638614,0.0,22,10000,[6873.885565690778],[167.58176393668163],[0.4258169398597689],-20,0.47225383165623097
3631,0.15660917954026848,0.0,22,10000,[6873.885565690778],[167.58176393668163],[0.4258169398597689],-20,0.47225383165623097
3632,0.09894580881924404,0.0,22,10000,[6873.885565690778],[167.58176393668163],[0.4258169398597689],-20,0.47225383165623097
3633,0.13539507184317423,0.0,22,10000,[6873.885565690778],[167.58176393668163],[0.4258169398597689],-20,0.47225383165623097
3634,0.10442398813994805,0.0,22,10000,[6873.885565690778],[167.58176393668163],[0.4258169398597689],-20,0.47225383165623097
3635,0.2702983612368066,0.0,22,10000,[6873.885565690778],[167.58176393668163],[0.4258169398597689],-20,0.47225383165623097
3636,0.37509705521687847,0.0,22,10000,[6873.885565690778],[167.58176393668163],[0.4258169398597689],-20,0.47225383165623097
3637,-0.19623394727963447,0.0,22,10000,[6873.885565690778],[167.58176393668163],[0.4258169398597689],-20,0.47225383165623097
3638,-0.1526945472954166,0.0,22,10000,[6873.885565690778],[167.58176393668163],[0.4258169398597689],-20,0.47225383165623097
3639,0.8652957960782581,0.0,22,10000,[6873.885565690778],[167.58176393668163],[0.4258169398597689],-20,0.47225383165623097
3640,-0.46589770215132204,0.0,22,10000,[6873.885565690778],[167.58176393668163],[0.4258169398597689],-20,0.47225383165623097
3641,0.7371044561637317,0.0,22,10000,[6873.885565690778],[167.58176393668163],[0.4258169398597689],-20,0.47225383165623097
3642,0.3703428327839098,0.0,22,10000,[6873.885565690778],[167.58176393668163],[0.4258169398597689],-20,0.47225383165623097
3643,0.15303052403035686,0.0,22,10000,[6873.885565690778],[167.58176393668163],[0.4258169398597689],-20,0.47225383165623097
3644,-0.3983253489780587,0.0,22,10000,[6873.885565690778],[167.58176393668163],[0.4258169398597689],-20,0.47225383165623097
3645,-0.00022736287461628103,0.0,22,10000,[6873.885565690778],[167.58176393668163],[0.4258169398597689],-20,0.47225383165623097
3646,-0.7355187780106157,0.0,22,10000,[6873.885565690778],[167.58176393668163],[0.4258169398597689],-20,0.47225383165623097
3647,0.10771556511244655,0.0,22,10000,[6873.885565690778],[167.58176393668163],[0.4258169398597689],-20,0.47225383165623097
3648,0.118293636774137,0.0,22,10000,[6873.885565690778],[167.58176393668163],[0.4258169398597689],-20,0.47225383165623097
3649,0.07612162500936082,0.0,22,10000,[6873.885565690778],[167.58176393668163],[0.4258169398597689],-20,0.47225383165623097
3650,-1.4071968385062479,0.0,22,10000,[6873.885565690778],[167.58176393668163],[0.4258169398597689],-20,0.47225383165623097
3651,0.17581352558188676,0.0,22,10000,[6873.885565690778],[167.58176393668163],[0.4258169398597689],-20,0.47225383165623097
3652,0.015573914178276704,0.0,22,10000,[6873.885565690778],[167.58176393668163],[0.4258169398597689],-20,0.47225383165623097
3653,0.7047318082303057,0.0,22,10000,[6873.885565690778],[167.58176393668163],[0.4258169398597689],-20,0.47225383165623097
3654,-0.4905921996338166,0.0,22,10000,[6873.885565690778],[167.58176393668163],[0.4258169398597689],-20,0.47225383165623097
3655,-0.6560580806485835,0.0,22,10000,[6873.885565690778],[167.58176393668163],[0.4258169398597689],-20,0.47225383165623097
3656,-0.08666811288373666,0.0,22,10000,[6873.885565690778],[167.58176393668163],[0.4258169398597689],-20,0.47225383165623097
3657,0.045328166133216476,0.0,22,10000,[6873.885565690778],[167.58176393668163],[0.4258169398597689],-20,0.47225383165623097
3658,0.4768142152912925,0.0,22,10000,[6873.885565690778],[167.58176393668163],[0.4258169398597689],-20,0.47225383165623097
3659,-0.054913467145005,0.0,22,10000,[6873.885565690778],[167.58176393668163],[0.4258169398597689],-20,0.47225383165623097
3660,-0.20029260596708884,0.0,22,10000,[6873.885565690778],[167.58176393668163],[0.4258169398597689],-20,0.47225383165623097
3661,0.796201509594992,0.0,22,10000,[6873.885565690778],[167.58176393668163],[0.4258169398597689],-20,0.47225383165623097
3662,0.658056897212922,0.0,22,10000,[6873.885565690778],[167.58176393668163],[0.4258169398597689],-20,0.47225383165623097
3663,-0.10535165842961916,0.0,22,10000,[6873.885565690778],[167.58176393668163],[0.4258169398597689],-20,0.47225383165623097
3664,-0.12691572316406036,0.0,22,10000,[6873.885565690778],[167.58176393668163],[0.4258169398597689],-20,0.47225383165623097
3665,-0.401086075358976,0.0,22,10000,[6873.885565690778],[167.58176393668163],[0.4258169398597689],-20,0.47225383165623097
3666,0.09202571309106954,0.0,22,10000,[6873.885565690778],[167.58176393668163],[0.4258169398597689],-20,0.47225383165623097
3667,0.30843692291412617,0.0,22,10000,[6873.885565690778],[167.58176393668163],[0.4258169398597689],-20,0.47225383165623097
3668,-0.433893926261878,0.0,22,10000,[6873.885565690778],[167.58176393668163],[0.4258169398597689],-20,0.47225383165623097
3669,0.22137981545421762,0.0,22,10000,[6873.885565690778],[167.58176393668163],[0.4258169398597689],-20,0.47225383165623097
3670,0.1291395515488195,0.0,22,10000,[6873.885565690778],[167.58176393668163],[0.4258169398597689],-20,0.47225383165623097
3671,-0.7924102616960514,0.0,22,10000,[6873.885565690778],[167.58176393668163],[0.4258169398597689],-20,0.47225383165623097
3672,-0.21728722919295734,0.0,22,10000,[6873.885565690778],[167.58176393668163],[0.4258169398597689],-20,0.47225383165623097
3673,-0.4228540430547021,0.0,22,10000,[6873.885565690778],[167.58176393668163],[0.4258169398597689],-20,0.47225383165623097
3674,-0.34515418356108296,0.0,22,10000,[6873.885565690778],[167.58176393668163],[0.4258169398597689],-20,0.47225383165623097
3675,-0.4683105778419259,0.0,22,10000,[6873.885565690778],[167.58176393668163],[0.4258169398597689],-20,0.47225383165623097
3676,0.06588123027909658,0.0,22,10000,[6873.885565690778],[167.58176393668163],[0.4258169398597689],-20,0.47225383165623097
3677,0.0971203026657457,0.0,22,10000,[6873.885565690778],[167.58176393668163],[0.4258169398597689],-20,0.47225383165623097
3678,-0.5564589405756613,0.0,22,10000,[6873.885565690778],[167.58176393668163],[0.4258169398597689],-20,0.47225383165623097
3679,0.16061457328334583,0.0,22,10000,[6873.885565690778],[167.58176393668163],[0.4258169398597689],-20,0.47225383165623097
3680,-0.19443980557508525,0.0,22,10000,[6873.885565690778],[167.58176393668163],[0.4258169398597689],-20,0.47225383165623097
3681,0.6480936123213301,0.0,22,10000,[6873.885565690778],[167.58176393668163],[0.4258169398597689],-20,0.47225383165623097
3682,-0.271946437691808,0.0,22,10000,[6873.885565690778],[167.58176393668163],[0.4258169398597689],-20,0.47225383165623097
3683,0.056695220014682024,0.0,22,10000,[6873.885565690778],[167.58176393668163],[0.4258169398597689],-20,0.47225383165623097
3684,0.14064792462586986,0.0,22,10000,[6873.885565690778],[167.58176393668163],[0.4258169398597689],-20,0.47225383165623097
3685,-0.5122651135576735,0.0,22,10000,[6873.885565690778],[167.58176393668163],[0.4258169398597689],-20,0.47225383165623097
3686,0.5101828180410642,0.0,22,10000,[6873.885565690778],[167.58176393668163],[0.4258169398597689],-20,0.47225383165623097
3687,0.39270028935732637,0.0,22,10000,[6873.885565690778],[167.58176393668163],[0.4258169398597689],-20,0.47225383165623097
3688,-0.13058996787387,0.0,22,10000,[6873.885565690778],[167.58176393668163],[0.4258169398597689],-20,0.47225383165623097
3689,-0.4001595938530234,0.0,22,10000,[6873.885565690778],[167.58176393668163],[0.4258169398597689],-20,0.47225383165623097
3690,0.5008821926662801,0.0,22,10000,[6873.885565690778],[167.58176393668163],[0.4258169398597689],-20,0.47225383165623097
3691,0.05945095767667993,0.0,22,10000,[6873.885565690778],[167.58176393668163],[0.4258169398597689],-20,0.47225383165623097
3692,-0.20426499049588895,0.0,22,10000,[6873.885565690778],[167.58176393668163],[0.4258169398597689],-20,0.47225383165623097
3693,-0.24341463941495323,0.0,22,10000,[6873.885565690778],[167.58176393668163],[0.4258169398597689],-20,0.47225383165623097
3694,1.175359112571013,0.0,22,10000,[6873.885565690778],[167.58176393668163],[0.4258169398597689],-20,0.47225383165623097
3695,-0.30840143726689906,0.0,22,10000,[6873.885565690778],[167.58176393668163],[0.4258169398597689],-20,0.47225383165623097
3696,-0.38600539866377065,0.0,22,10000,[6873.885565690778],[167.58176393668163],[0.4258169398597689],-20,0.47225383165623097
3697,-0.4138514387144409,0.0,22,10000,[6873.885565690778],[167.58176393668163],[0.4258169398597689],-20,0.47225383165623097
3698,-0.5274934559414564,0.0,22,10000,[6873.885565690778],[167.58176393668163],[0.4258169398597689],-20,0.47225383165623097
3699,0.5193333344658203,0.0,22,10000,[6873.885565690778],[167.58176393668163],[0.4258169398597689],-20,0.47225383165623097
3700,0.5559187587525535,0.0,22,10000,[6873.885565690778],[167.58176393668163],[0.4258169398597689],-20,0.47225383165623097
3701,0.7040848580365875,0.0,22,10000,[6873.885565690778],[167.58176393668163],[0.4258169398597689],-20,0.47225383165623097
3702,0.10694885590120014,0.0,22,10000,[6873.885565690778],[167.58176393668163],[0.4258169398597689],-20,0.47225383165623097
3703,0.7593570334042861,0.0,22,10000,[6873.885565690778],[167.58176393668163],[0.4258169398597689],-20,0.47225383165623097
3704,0.281956644304657,0.0,22,10000,[6873.885565690778],[167.58176393668163],[0.4258169398597689],-20,0.47225383165623097
3705,-0.4355430693836597,0.0,22,10000,[6873.885565690778],[167.58176393668163],[0.4258169398597689],-20,0.47225383165623097
3706,-1.001957178313489,0.0,22,10000,[6873.885565690778],[167.58176393668163],[0.4258169398597689],-20,0.47225383165623097
3707,0.21350359449487274,0.0,22,10000,[6873.885565690778],[167.58176393668163],[0.4258169398597689],-20,0.47225383165623097
3708,0.9307400061433256,0.0,22,10000,[6873.885565690778],[167.58176393668163],[0.4258169398597689],-20,0.47225383165623097
3709,-0.7091890659029282,0.0,22,10000,[6873.885565690778],[167.58176393668163],[0.4258169398597689],-20,0.47225383165623097
3710,1.2782600929985901,0.0,22,10000,[6873.885565690778],[167.58176393668163],[0.4258169398597689],-20,0.47225383165623097
3711,-0.3057322402983939,0.0,22,10000,[6873.885565690778],[167.58176393668163],[0.4258169398597689],-20,0.47225383165623097
3712,0.3606506975172837,0.0,22,10000,[6873.885565690778],[167.58176393668163],[0.4258169398597689],-20,0.47225383165623097
3713,0.5176202197002889,0.0,22,10000,[6873.885565690778],[167.58176393668163],[0.4258169398597689],-20,0.47225383165623097
3714,-0.27371721394403603,0.0,22,10000,[6873.885565690778],[167.58176393668163],[0.4258169398597689],-20,0.47225383165623097
3715,0.03625886149258686,0.0,22,10000,[6873.885565690778],[167.58176393668163],[0.4258169398597689],-20,0.47225383165623097
3716,-0.5160962184740929,0.0,22,10000,[6873.885565690778],[167.58176393668163],[0.4258169398597689],-20,0.47225383165623097
3717,-0.07302066455471767,0.0,22,10000,[6873.885565690778],[167.58176393668163],[0.4258169398597689],-20,0.47225383165623097
3718,0.572933210281542,0.0,22,10000,[6873.885565690778],[167.58176393668163],[0.4258169398597689],-20,0.47225383165623097
3719,-0.29250281888434865,0.0,22,10000,[6873.885565690778],[167.58176393668163],[0.4258169398597689],-20,0.47225383165623097
3720,0.12439666060369556,0.0,22,10000,[6873.885565690778],[167.58176393668163],[0.4258169398597689],-20,0.47225383165623097
3721,1.2277897029614495,0.0,22,10000,[6873.885565690778],[167.58176393668163],[0.4258169398597689],-20,0.47225383165623097
3722,0.18962360278141382,0.0,22,10000,[6873.885565690778],[167.58176393668163],[0.4258169398597689],-20,0.47225383165623097
3723,-0.5144428459923434,0.0,22,10000,[6873.885565690778],[167.58176393668163],[0.4258169398597689],-20,0.47225383165623097
3724,0.8288718247612781,0.0,22,10000,[6873.885565690778],[167.58176393668163],[0.4258169398597689],-20,0.47225383165623097
3725,0.9960210192308699,0.0,22,10000,[6873.885565690778],[167.58176393668163],[0.4258169398597689],-20,0.47225383165623097
3726,0.718844639233171,0.0,22,10000,[6873.885565690778],[167.58176393668163],[0.4258169398597689],-20,0.47225383165623097
3727,0.1486410067983698,0.0,22,10000,[6873.885565690778],[167.58176393668163],[0.4258169398597689],-20,0.47225383165623097
3728,-0.6134560158359592,0.0,22,10000,[6873.885565690778],[167.58176393668163],[0.4258169398597689],-20,0.47225383165623097
3729,0.9491305936173489,0.0,22,10000,[6873.885565690778],[167.58176393668163],[0.4258169398597689],-20,0.47225383165623097
3730,-0.28879702295469056,0.0,22,10000,[6873.885565690778],[167.58176393668163],[0.4258169398597689],-20,0.47225383165623097
3731,0.5446268766948649,0.0,22,10000,[6873.885565690778],[167.58176393668163],[0.4258169398597689],-20,0.47225383165623097
3732,-0.2321145884804309,0.0,22,10000,[6873.885565690778],[167.58176393668163],[0.4258169398597689],-20,0.47225383165623097
3733,-0.39421817353926925,0.0,22,10000,[6873.885565690778],[167.58176393668163],[0.4258169398597689],-20,0.47225383165623097
3734,-0.28892523798283826,0.0,22,10000,[6873.885565690778],[167.58176393668163],[0.4258169398597689],-20,0.47225383165623097
3735,-0.40267269788668053,0.0,22,10000,[6873.885565690778],[167.58176393668163],[0.4258169398597689],-20,0.47225383165623097
3736,0.38905015947256877,0.0,22,10000,[6873.885565690778],[167.58176393668163],[0.4258169398597689],-20,0.47225383165623097
3737,0.48954146381339203,0.0,22,10000,[6873.885565690778],[167.58176393668163],[0.4258169398597689],-20,0.47225383165623097
3738,0.026917481672812403,0.0,22,10000,[6873.885565690778],[167.58176393668163],[0.4258169398597689],-20,0.47225383165623097
3739,0.18120178059665212,0.0,22,10000,[6873.885565690778],[167.58176393668163],[0.4258169398597689],-20,0.47225383165623097
3740,-0.9720468008514215,0.0,22,10000,[6873.885565690778],[167.58176393668163],[0.4258169398597689],-20,0.47225383165623097
3741,-0.0571284079707819,0.0,22,10000,[6873.885565690778],[167.58176393668163],[0.4258169398597689],-20,0.47225383165623097
3742,-0.15324460079544197,0.0,22,10000,[6873.885565690778],[167.58176393668163],[0.4258169398597689],-20,0.47225383165623097
3743,-0.8112420406444885,0.0,22,10000,[6873.885565690778],[167.58176393668163],[0.4258169398597689],-20,0.47225383165623097
3744,0.07091548740706777,0.0,22,10000,[6873.885565690778],[167.58176393668163],[0.4258169398597689],-20,0.47225383165623097
3745,0.9495545241207377,0.0,22,10000,[6873.885565690778],[167.58176393668163],[0.4258169398597689],-20,0.47225383165623097
3746,0.17716184762949694,0.0,22,10000,[6873.885565690778],[167.58176393668163],[0.4258169398597689],-20,0.47225383165623097
3747,0.1956561589614966,0.0,22,10000,[6873.885565690778],[167.58176393668163],[0.4258169398597689],-20,0.47225383165623097
3748,-0.40961528104464695,0.0,22,10000,[6873.885565690778],[167.58176393668163],[0.4258169398597689],-20,0.47225383165623097
3749,-0.2139487721757856,0.0,22,10000,[6873.885565690778],[167.58176393668163],[0.4258169398597689],-20,0.47225383165623097
3750,0.07556868696966258,0.0,22,10000,[6873.885565690778],[167.58176393668163],[0.4258169398597689],-20,0.47225383165623097
3751,0.6124333967727458,0.0,22,10000,[6873.885565690778],[167.58176393668163],[0.4258169398597689],-20,0.47225383165623097
3752,-0.31055764624764365,0.0,22,10000,[6873.885565690778],[167.58176393668163],[0.4258169398597689],-20,0.47225383165623097
3753,0.03610183277973026,0.0,22,10000,[6873.885565690778],[167.58176393668163],[0.4258169398597689],-20,0.47225383165623097
3754,0.18687590626591968,0.0,22,10000,[6873.885565690778],[167.58176393668163],[0.4258169398597689],-20,0.47225383165623097
3755,-0.3140348031338214,0.0,22,10000,[6873.885565690778],[167.58176393668163],[0.4258169398597689],-20,0.47225383165623097
3756,0.30040590738811557,0.0,22,10000,[6873.885565690778],[167.58176393668163],[0.4258169398597689],-20,0.47225383165623097
3757,-0.053988954790334366,0.0,22,10000,[6873.885565690778],[167.58176393668163],[0.4258169398597689],-20,0.47225383165623097
3758,-0.3910400477375315,0.0,22,10000,[6873.885565690778],[167.58176393668163],[0.4258169398597689],-20,0.47225383165623097
3759,-0.17612414926729963,0.0,22,10000,[6873.885565690778],[167.58176393668163],[0.4258169398597689],-20,0.47225383165623097
3760,0.1621788564975742,0.0,22,10000,[6873.885565690778],[167.58176393668163],[0.4258169398597689],-20,0.47225383165623097
3761,-0.12259466710374278,0.0,22,10000,[6873.885565690778],[167.58176393668163],[0.4258169398597689],-20,0.47225383165623097
3762,0.6589441949451311,0.0,22,10000,[6873.885565690778],[167.58176393668163],[0.4258169398597689],-20,0.47225383165623097
3763,0.35464341988338544,0.0,22,10000,[6873.885565690778],[167.58176393668163],[0.4258169398597689],-20,0.47225383165623097
3764,0.5002353887707864,0.0,22,10000,[6873.885565690778],[167.58176393668163],[0.4258169398597689],-20,0.47225383165623097
3765,-0.21799483418978477,0.0,22,10000,[6873.885565690778],[167.58176393668163],[0.4258169398597689],-20,0.47225383165623097
3766,0.34274042477727656,0.0,22,10000,[6873.885565690778],[167.58176393668163],[0.4258169398597689],-20,0.47225383165623097
3767,-0.30570052657101204,0.0,22,10000,[6873.885565690778],[167.58176393668163],[0.4258169398597689],-20,0.47225383165623097
3768,-0.24186582420583058,0.0,22,10000,[6873.885565690778],[167.58176393668163],[0.4258169398597689],-20,0.47225383165623097
3769,0.4744549137982824,0.0,22,10000,[6873.885565690778],[167.58176393668163],[0.4258169398597689],-20,0.47225383165623097
3770,0.23756144126029158,0.0,22,10000,[6873.885565690778],[167.58176393668163],[0.4258169398597689],-20,0.47225383165623097
3771,0.0033080552202789586,0.0,22,10000,[6873.885565690778],[167.58176393668163],[0.4258169398597689],-20,0.47225383165623097
3772,1.2684217294908018,0.0,22,10000,[6873.885565690778],[167.58176393668163],[0.4258169398597689],-20,0.47225383165623097
3773,0.47678014414947967,0.0,22,10000,[6873.885565690778],[167.58176393668163],[0.4258169398597689],-20,0.47225383165623097
3774,-0.07901885771253561,0.0,22,10000,[6873.885565690778],[167.58176393668163],[0.4258169398597689],-20,0.47225383165623097
3775,0.13619665766015637,0.0,22,10000,[6873.885565690778],[167.58176393668163],[0.4258169398597689],-20,0.47225383165623097
3776,-0.42436325488329013,0.0,22,10000,[6873.885565690778],[167.58176393668163],[0.4258169398597689],-20,0.47225383165623097
3777,-0.17116738168206808,0.0,22,10000,[6873.885565690778],[167.58176393668163],[0.4258169398597689],-20,0.47225383165623097
3778,0.010472855001560928,0.0,22,10000,[6873.885565690778],[167.58176393668163],[0.4258169398597689],-20,0.47225383165623097
3779,0.29909840005039773,0.0,22,10000,[6873.885565690778],[167.58176393668163],[0.4258169398597689],-20,0.47225383165623097
3780,-0.5986126443679638,0.0,22,10000,[6873.885565690778],[167.58176393668163],[0.4258169398597689],-20,0.47225383165623097
3781,-0.8020810379072204,0.0,22,10000,[6873.885565690778],[167.58176393668163],[0.4258169398597689],-20,0.47225383165623097
3782,0.4252511954035753,0.0,22,10000,[6873.885565690778],[167.58176393668163],[0.4258169398597689],-20,0.47225383165623097
3783,-0.6557508357874914,0.0,22,10000,[6873.885565690778],[167.58176393668163],[0.4258169398597689],-20,0.47225383165623097
3784,0.2532046201798903,0.0,22,10000,[6873.885565690778],[167.58176393668163],[0.4258169398597689],-20,0.47225383165623097
3785,-0.017459255272189913,0.0,22,10000,[6873.885565690778],[167.58176393668163],[0.4258169398597689],-20,0.47225383165623097
3786,0.4323900137102593,0.0,22,10000,[6873.885565690778],[167.58176393668163],[0.4258169398597689],-20,0.47225383165623097
3787,0.1698322377003621,0.0,22,10000,[6873.885565690778],[167.58176393668163],[0.4258169398597689],-20,0.47225383165623097
3788,-0.2052516454804009,0.0,22,10000,[6873.885565690778],[167.58176393668163],[0.4258169398597689],-20,0.47225383165623097
3789,-0.3705848975760987,0.0,22,10000,[6873.885565690778],[167.58176393668163],[0.4258169398597689],-20,0.47225383165623097
3790,-1.0283062247674113,0.0,22,10000,[6873.885565690778],[167.58176393668163],[0.4258169398597689],-20,0.47225383165623097
3791,0.6238661639927889,0.0,22,10000,[6873.885565690778],[167.58176393668163],[0.4258169398597689],-20,0.47225383165623097
3792,-0.11346342678370053,0.0,22,10000,[6873.885565690778],[167.58176393668163],[0.4258169398597689],-20,0.47225383165623097
3793,-0.14666315830009777,0.0,22,10000,[6873.885565690778],[167.58176393668163],[0.4258169398597689],-20,0.47225383165623097
3794,0.8261417043186996,0.0,22,10000,[6873.885565690778],[167.58176393668163],[0.4258169398597689],-20,0.47225383165623097
3795,-0.19371112611952307,0.0,22,10000,[6873.885565690778],[167.58176393668163],[0.4258169398597689],-20,0.47225383165623097
3796,-0.3591667277044627,0.0,22,10000,[6873.885565690778],[167.58176393668163],[0.4258169398597689],-20,0.47225383165623097
3797,-0.534751260497659,0.0,22,10000,[6873.885565690778],[167.58176393668163],[0.4258169398597689],-20,0.47225383165623097
3798,-0.7755223592407124,0.0,22,10000,[6873.885565690778],[167.58176393668163],[0.4258169398597689],-20,0.47225383165623097
3799,1.0333984617084704,0.0,22,10000,[6873.885565690778],[167.58176393668163],[0.4258169398597689],-20,0.47225383165623097
3800,0.7976964349039715,0.0,22,10000,[6873.885565690778],[167.58176393668163],[0.4258169398597689],-20,0.47225383165623097
3801,-0.1918456980391708,0.0,22,10000,[6873.885565690778],[167.58176393668163],[0.4258169398597689],-20,0.47225383165623097
3802,-0.5297508314755646,0.0,22,10000,[6873.885565690778],[167.58176393668163],[0.4258169398597689],-20,0.47225383165623097
3803,0.12163719277468127,0.0,22,10000,[6873.885565690778],[167.58176393668163],[0.4258169398597689],-20,0.47225383165623097
3804,0.3500787814933082,0.0,22,10000,[6873.885565690778],[167.58176393668163],[0.4258169398597689],-20,0.47225383165623097
3805,-0.6417404421449305,0.0,22,10000,[6873.885565690778],[167.58176393668163],[0.4258169398597689],-20,0.47225383165623097
3806,0.19033064888286613,0.0,22,10000,[6873.885565690778],[167.58176393668163],[0.4258169398597689],-20,0.47225383165623097
3807,-0.2377202462062756,0.0,22,10000,[6873.885565690778],[167.58176393668163],[0.4258169398597689],-20,0.47225383165623097
3808,0.32185550137979063,0.0,22,10000,[6873.885565690778],[167.58176393668163],[0.4258169398597689],-20,0.47225383165623097
3809,-0.41012141216538717,0.0,22,10000,[6873.885565690778],[167.58176393668163],[0.4258169398597689],-20,0.47225383165623097
3810,-0.5774248363093805,0.0,22,10000,[6873.885565690778],[167.58176393668163],[0.4258169398597689],-20,0.47225383165623097
3811,-0.04088931711778266,0.0,22,10000,[6873.885565690778],[167.58176393668163],[0.4258169398597689],-20,0.47225383165623097
3812,-0.8534687265333296,0.0,22,10000,[6873.885565690778],[167.58176393668163],[0.4258169398597689],-20,0.47225383165623097
3813,0.3918030616254309,0.0,22,10000,[6873.885565690778],[167.58176393668163],[0.4258169398597689],-20,0.47225383165623097
3814,-0.17513647610115007,0.0,22,10000,[6873.885565690778],[167.58176393668163],[0.4258169398597689],-20,0.47225383165623097
3815,0.3383133092820029,0.0,22,10000,[6873.885565690778],[167.58176393668163],[0.4258169398597689],-20,0.47225383165623097
3816,-0.9706174357833774,0.0,22,10000,[6873.885565690778],[167.58176393668163],[0.4258169398597689],-20,0.47225383165623097
3817,-0.3617892289649644,0.0,22,10000,[6873.885565690778],[167.58176393668163],[0.4258169398597689],-20,0.47225383165623097
3818,-0.5206809728012904,0.0,22,10000,[6873.885565690778],[167.58176393668163],[0.4258169398597689],-20,0.47225383165623097
3819,-0.8533544212218144,0.0,22,10000,[6873.885565690778],[167.58176393668163],[0.4258169398597689],-20,0.47225383165623097
3820,0.3117846104765401,0.0,22,10000,[6873.885565690778],[167.58176393668163],[0.4258169398597689],-20,0.47225383165623097
3821,-0.2440718996070506,0.0,22,10000,[6873.885565690778],[167.58176393668163],[0.4258169398597689],-20,0.47225383165623097
3822,-0.3452876846173208,0.0,22,10000,[6873.885565690778],[167.58176393668163],[0.4258169398597689],-20,0.47225383165623097
3823,0.19697328369167155,0.0,22,10000,[6873.885565690778],[167.58176393668163],[0.4258169398597689],-20,0.47225383165623097
3824,-0.5122403996010569,0.0,22,10000,[6873.885565690778],[167.58176393668163],[0.4258169398597689],-20,0.47225383165623097
3825,-0.19654068931067023,0.0,22,10000,[6873.885565690778],[167.58176393668163],[0.4258169398597689],-20,0.47225383165623097
3826,1.054136914165952,0.0,22,10000,[6873.885565690778],[167.58176393668163],[0.4258169398597689],-20,0.47225383165623097
3827,1.107187279331513,0.0,22,10000,[6873.885565690778],[167.58176393668163],[0.4258169398597689],-20,0.47225383165623097
3828,-0.20403650866024917,0.0,22,10000,[6873.885565690778],[167.58176393668163],[0.4258169398597689],-20,0.47225383165623097
3829,0.8651100059462139,0.0,22,10000,[6873.885565690778],[167.58176393668163],[0.4258169398597689],-20,0.47225383165623097
3830,0.034777062194516144,0.0,22,10000,[6873.885565690778],[167.58176393668163],[0.4258169398597689],-20,0.47225383165623097
3831,0.28027125870329755,0.0,22,10000,[6873.885565690778],[167.58176393668163],[0.4258169398597689],-20,0.47225383165623097
3832,-0.05973806766218962,0.0,22,10000,[6873.885565690778],[167.58176393668163],[0.4258169398597689],-20,0.47225383165623097
3833,-0.23697181713674306,0.0,22,10000,[6873.885565690778],[167.58176393668163],[0.4258169398597689],-20,0.47225383165623097
3834,0.6388654290128768,0.0,22,10000,[6873.885565690778],[167.58176393668163],[0.4258169398597689],-20,0.47225383165623097
3835,-0.1589034387795363,0.0,22,10000,[6873.885565690778],[167.58176393668163],[0.4258169398597689],-20,0.47225383165623097
3836,0.5109915980527892,0.0,22,10000,[6873.885565690778],[167.58176393668163],[0.4258169398597689],-20,0.47225383165623097
3837,-0.1510913612015894,0.0,22,10000,[6873.885565690778],[167.58176393668163],[0.4258169398597689],-20,0.47225383165623097
3838,-0.09280233316187063,0.0,22,10000,[6873.885565690778],[167.58176393668163],[0.4258169398597689],-20,0.47225383165623097
3839,0.019146829448683518,0.0,22,10000,[6873.885565690778],[167.58176393668163],[0.4258169398597689],-20,0.47225383165623097
3840,0.48511020390975623,0.0,22,10000,[6873.885565690778],[167.58176393668163],[0.4258169398597689],-20,0.47225383165623097
3841,-0.15202337767890528,0.0,22,10000,[6873.885565690778],[167.58176393668163],[0.4258169398597689],-20,0.47225383165623097
3842,0.5250943557656603,0.0,22,10000,[6873.885565690778],[167.58176393668163],[0.4258169398597689],-20,0.47225383165623097
3843,-0.5518841873629174,0.0,22,10000,[6873.885565690778],[167.58176393668163],[0.4258169398597689],-20,0.47225383165623097
3844,-0.042638359915116546,0.0,22,10000,[6873.885565690778],[167.58176393668163],[0.4258169398597689],-20,0.47225383165623097
3845,0.04253153572537129,0.0,22,10000,[6873.885565690778],[167.58176393668163],[0.4258169398597689],-20,0.47225383165623097
3846,-0.15314665161152433,0.0,22,10000,[6873.885565690778],[167.58176393668163],[0.4258169398597689],-20,0.47225383165623097
3847,0.4806484839029926,0.0,22,10000,[6873.885565690778],[167.58176393668163],[0.4258169398597689],-20,0.47225383165623097
3848,-0.7018937854798363,0.0,22,10000,[6873.885565690778],[167.58176393668163],[0.4258169398597689],-20,0.47225383165623097
3849,0.236722170664841,0.0,22,10000,[6873.885565690778],[167.58176393668163],[0.4258169398597689],-20,0.47225383165623097
3850,-0.6319988343272869,0.0,22,10000,[6873.885565690778],[167.58176393668163],[0.4258169398597689],-20,0.47225383165623097
3851,0.26033375400727454,0.0,22,10000,[6873.885565690778],[167.58176393668163],[0.4258169398597689],-20,0.47225383165623097
3852,-0.8042603751861593,0.0,22,10000,[6873.885565690778],[167.58176393668163],[0.4258169398597689],-20,0.47225383165623097
3853,-0.2104338317628632,0.0,22,10000,[6873.885565690778],[167.58176393668163],[0.4258169398597689],-20,0.47225383165623097
3854,0.29970310255184246,0.0,22,10000,[6873.885565690778],[167.58176393668163],[0.4258169398597689],-20,0.47225383165623097
3855,-0.15185496685127553,0.0,22,10000,[6873.885565690778],[167.58176393668163],[0.4258169398597689],-20,0.47225383165623097
3856,0.22777466814883476,0.0,22,10000,[6873.885565690778],[167.58176393668163],[0.4258169398597689],-20,0.47225383165623097
3857,1.0644202477124167,0.0,22,10000,[6873.885565690778],[167.58176393668163],[0.4258169398597689],-20,0.47225383165623097
3858,0.5815516576341075,0.0,22,10000,[6873.885565690778],[167.58176393668163],[0.4258169398597689],-20,0.47225383165623097
3859,0.1523047994120386,0.0,22,10000,[6873.885565690778],[167.58176393668163],[0.4258169398597689],-20,0.47225383165623097
3860,0.13979259067931837,0.0,22,10000,[6873.885565690778],[167.58176393668163],[0.4258169398597689],-20,0.47225383165623097
3861,0.320842791139049,0.0,22,10000,[6873.885565690778],[167.58176393668163],[0.4258169398597689],-20,0.47225383165623097
3862,0.06172442180507274,0.0,22,10000,[6873.885565690778],[167.58176393668163],[0.4258169398597689],-20,0.47225383165623097
3863,0.26045457915171033,0.0,22,10000,[6873.885565690778],[167.58176393668163],[0.4258169398597689],-20,0.47225383165623097
3864,0.2818153732984838,0.0,22,10000,[6873.885565690778],[167.58176393668163],[0.4258169398597689],-20,0.47225383165623097
3865,-0.6774244956274464,0.0,22,10000,[6873.885565690778],[167.58176393668163],[0.4258169398597689],-20,0.47225383165623097
3866,-0.25911299983744884,0.0,22,10000,[6873.885565690778],[167.58176393668163],[0.4258169398597689],-20,0.47225383165623097
3867,0.4791980188826882,0.0,22,10000,[6873.885565690778],[167.58176393668163],[0.4258169398597689],-20,0.47225383165623097
3868,0.6464155909901378,0.0,22,10000,[6873.885565690778],[167.58176393668163],[0.4258169398597689],-20,0.47225383165623097
3869,-1.2595948842161848,0.0,22,10000,[6873.885565690778],[167.58176393668163],[0.4258169398597689],-20,0.47225383165623097
3870,-0.6422011132901968,0.0,22,10000,[6873.885565690778],[167.58176393668163],[0.4258169398597689],-20,0.47225383165623097
3871,0.1180289249058229,0.0,22,10000,[6873.885565690778],[167.58176393668163],[0.4258169398597689],-20,0.47225383165623097
3872,-0.876420900816368,0.0,22,10000,[6873.885565690778],[167.58176393668163],[0.4258169398597689],-20,0.47225383165623097
3873,-0.5122219391541233,0.0,22,10000,[6873.885565690778],[167.58176393668163],[0.4258169398597689],-20,0.47225383165623097
3874,0.32659564509221667,0.0,22,10000,[6873.885565690778],[167.58176393668163],[0.4258169398597689],-20,0.47225383165623097
3875,0.36594305581985687,0.0,22,10000,[6873.885565690778],[167.58176393668163],[0.4258169398597689],-20,0.47225383165623097
3876,-1.3137164866000974,0.0,22,10000,[6873.885565690778],[167.58176393668163],[0.4258169398597689],-20,0.47225383165623097
3877,0.4833808841935659,0.0,22,10000,[6873.885565690778],[167.58176393668163],[0.4258169398597689],-20,0.47225383165623097
3878,-0.7402992506433993,0.0,22,10000,[6873.885565690778],[167.58176393668163],[0.4258169398597689],-20,0.47225383165623097
3879,-0.025724306690894778,0.0,22,10000,[6873.885565690778],[167.58176393668163],[0.4258169398597689],-20,0.47225383165623097
3880,-0.32614021863284537,0.0,22,10000,[6873.885565690778],[167.58176393668163],[0.4258169398597689],-20,0.47225383165623097
3881,-0.1442675675077424,0.0,22,10000,[6873.885565690778],[167.58176393668163],[0.4258169398597689],-20,0.47225383165623097
3882,0.30740145411567094,0.0,22,10000,[6873.885565690778],[167.58176393668163],[0.4258169398597689],-20,0.47225383165623097
3883,-0.2020738785930275,0.0,22,10000,[6873.885565690778],[167.58176393668163],[0.4258169398597689],-20,0.47225383165623097
3884,0.28640180256099446,0.0,22,10000,[6873.885565690778],[167.58176393668163],[0.4258169398597689],-20,0.47225383165623097
3885,-0.23844623951638336,0.0,22,10000,[6873.885565690778],[167.58176393668163],[0.4258169398597689],-20,0.47225383165623097
3886,-0.6142213777864792,0.0,22,10000,[6873.885565690778],[167.58176393668163],[0.4258169398597689],-20,0.47225383165623097
3887,0.4789734354999011,0.0,22,10000,[6873.885565690778],[167.58176393668163],[0.4258169398597689],-20,0.47225383165623097
3888,-0.5146366259406242,0.0,22,10000,[6873.885565690778],[167.58176393668163],[0.4258169398597689],-20,0.47225383165623097
3889,0.2805583766640473,0.0,22,10000,[6873.885565690778],[167.58176393668163],[0.4258169398597689],-20,0.47225383165623097
3890,0.4341679825882756,0.0,22,10000,[6873.885565690778],[167.58176393668163],[0.4258169398597689],-20,0.47225383165623097
3891,-0.16097912537746906,0.0,22,10000,[6873.885565690778],[167.58176393668163],[0.4258169398597689],-20,0.47225383165623097
3892,-0.7372873910255935,0.0,22,10000,[6873.885565690778],[167.58176393668163],[0.4258169398597689],-20,0.47225383165623097
3893,0.11252785251320599,0.0,22,10000,[6873.885565690778],[167.58176393668163],[0.4258169398597689],-20,0.47225383165623097
3894,0.2552124767654543,0.0,22,10000,[6873.885565690778],[167.58176393668163],[0.4258169398597689],-20,0.47225383165623097
3895,-0.3528113689007209,0.0,22,10000,[6873.885565690778],[167.58176393668163],[0.4258169398597689],-20,0.47225383165623097
3896,-0.09665778837760423,0.0,22,10000,[6873.885565690778],[167.58176393668163],[0.4258169398597689],-20,0.47225383165623097
3897,-0.4517270385847553,0.0,22,10000,[6873.885565690778],[167.58176393668163],[0.4258169398597689],-20,0.47225383165623097
3898,-0.3435686025198002,0.0,22,10000,[6873.885565690778],[167.58176393668163],[0.4258169398597689],-20,0.47225383165623097
3899,0.09154580444288461,0.0,22,10000,[6873.885565690778],[167.58176393668163],[0.4258169398597689],-20,0.47225383165623097
3900,0.20779248029652692,0.0,22,10000,[6873.885565690778],[167.58176393668163],[0.4258169398597689],-20,0.47225383165623097
3901,0.13410705723263103,0.0,22,10000,[6873.885565690778],[167.58176393668163],[0.4258169398597689],-20,0.47225383165623097
3902,0.4750059912404772,0.0,22,10000,[6873.885565690778],[167.58176393668163],[0.4258169398597689],-20,0.47225383165623097
3903,0.6337015096639896,0.0,22,10000,[6873.885565690778],[167.58176393668163],[0.4258169398597689],-20,0.47225383165623097
3904,-0.38464454388038555,0.0,22,10000,[6873.885565690778],[167.58176393668163],[0.4258169398597689],-20,0.47225383165623097
3905,0.17266570535935052,0.0,22,10000,[6873.885565690778],[167.58176393668163],[0.4258169398597689],-20,0.47225383165623097
3906,-0.17886327495697493,0.0,22,10000,[6873.885565690778],[167.58176393668163],[0.4258169398597689],-20,0.47225383165623097
3907,-0.47550277144708697,0.0,22,10000,[6873.885565690778],[167.58176393668163],[0.4258169398597689],-20,0.47225383165623097
3908,0.6195279644399637,0.0,22,10000,[6873.885565690778],[167.58176393668163],[0.4258169398597689],-20,0.47225383165623097
3909,0.22703569764913345,0.0,22,10000,[6873.885565690778],[167.58176393668163],[0.4258169398597689],-20,0.47225383165623097
3910,-0.7231484358125317,0.0,22,10000,[6873.885565690778],[167.58176393668163],[0.4258169398597689],-20,0.47225383165623097
3911,0.5154339505061165,0.0,22,10000,[6873.885565690778],[167.58176393668163],[0.4258169398597689],-20,0.47225383165623097
3912,-0.5871934267750188,0.0,22,10000,[6873.885565690778],[167.58176393668163],[0.4258169398597689],-20,0.47225383165623097
3913,0.28124565976405835,0.0,22,10000,[6873.885565690778],[167.58176393668163],[0.4258169398597689],-20,0.47225383165623097
3914,-0.2641840664688632,0.0,22,10000,[6873.885565690778],[167.58176393668163],[0.4258169398597689],-20,0.47225383165623097
3915,-0.0201424770958824,0.0,22,10000,[6873.885565690778],[167.58176393668163],[0.4258169398597689],-20,0.47225383165623097
3916,0.14422252520293818,0.0,22,10000,[6873.885565690778],[167.58176393668163],[0.4258169398597689],-20,0.47225383165623097
3917,-0.551048101780056,0.0,22,10000,[6873.885565690778],[167.58176393668163],[0.4258169398597689],-20,0.47225383165623097
3918,0.12153377544135158,0.0,22,10000,[6873.885565690778],[167.58176393668163],[0.4258169398597689],-20,0.47225383165623097
3919,-0.7239909531179186,0.0,22,10000,[6873.885565690778],[167.58176393668163],[0.4258169398597689],-20,0.47225383165623097
3920,0.32248554463923806,0.0,22,10000,[6873.885565690778],[167.58176393668163],[0.4258169398597689],-20,0.47225383165623097
3921,0.07554905066379831,0.0,22,10000,[6873.885565690778],[167.58176393668163],[0.4258169398597689],-20,0.47225383165623097
3922,-0.573457351581943,0.0,22,10000,[6873.885565690778],[167.58176393668163],[0.4258169398597689],-20,0.47225383165623097
3923,-0.07293371549106413,0.0,22,10000,[6873.885565690778],[167.58176393668163],[0.4258169398597689],-20,0.47225383165623097
3924,-1.14280735535084,0.0,22,10000,[6873.885565690778],[167.58176393668163],[0.4258169398597689],-20,0.47225383165623097
3925,0.46932447812365674,0.0,22,10000,[6873.885565690778],[167.58176393668163],[0.4258169398597689],-20,0.47225383165623097
3926,0.29957154506597206,0.0,22,10000,[6873.885565690778],[167.58176393668163],[0.4258169398597689],-20,0.47225383165623097
3927,-0.6359001873706934,0.0,22,10000,[6873.885565690778],[167.58176393668163],[0.4258169398597689],-20,0.47225383165623097
3928,0.30126893834430957,0.0,22,10000,[6873.885565690778],[167.58176393668163],[0.4258169398597689],-20,0.47225383165623097
3929,0.7301722974997286,0.0,22,10000,[6873.885565690778],[167.58176393668163],[0.4258169398597689],-20,0.47225383165623097
3930,0.5515137556765781,0.0,22,10000,[6873.885565690778],[167.58176393668163],[0.4258169398597689],-20,0.47225383165623097
3931,-0.13672615044629152,0.0,22,10000,[6873.885565690778],[167.58176393668163],[0.4258169398597689],-20,0.47225383165623097
3932,0.8186401786879877,0.0,22,10000,[6873.885565690778],[167.58176393668163],[0.4258169398597689],-20,0.47225383165623097
3933,0.23983601513635003,0.0,22,10000,[6873.885565690778],[167.58176393668163],[0.4258169398597689],-20,0.47225383165623097
3934,0.5227837337177391,0.0,22,10000,[6873.885565690778],[167.58176393668163],[0.4258169398597689],-20,0.47225383165623097
3935,-0.623813198501455,0.0,22,10000,[6873.885565690778],[167.58176393668163],[0.4258169398597689],-20,0.47225383165623097
3936,0.029171337838283816,0.0,22,10000,[6873.885565690778],[167.58176393668163],[0.4258169398597689],-20,0.47225383165623097
3937,0.17988133332317713,0.0,22,10000,[6873.885565690778],[167.58176393668163],[0.4258169398597689],-20,0.47225383165623097
3938,0.477520149595246,0.0,22,10000,[6873.885565690778],[167.58176393668163],[0.4258169398597689],-20,0.47225383165623097
3939,-0.6638413200536419,0.0,22,10000,[6873.885565690778],[167.58176393668163],[0.4258169398597689],-20,0.47225383165623097
3940,0.4392554864667644,0.0,22,10000,[6873.885565690778],[167.58176393668163],[0.4258169398597689],-20,0.47225383165623097
3941,-0.3556608820165163,0.0,22,10000,[6873.885565690778],[167.58176393668163],[0.4258169398597689],-20,0.47225383165623097
3942,0.1834715119764022,0.0,22,10000,[6873.885565690778],[167.58176393668163],[0.4258169398597689],-20,0.47225383165623097
3943,-0.09904954402061474,0.0,22,10000,[6873.885565690778],[167.58176393668163],[0.4258169398597689],-20,0.47225383165623097
3944,0.48096976041700173,0.0,22,10000,[6873.885565690778],[167.58176393668163],[0.4258169398597689],-20,0.47225383165623097
3945,0.1697811863322073,0.0,22,10000,[6873.885565690778],[167.58176393668163],[0.4258169398597689],-20,0.47225383165623097
3946,-0.809841857127669,0.0,22,10000,[6873.885565690778],[167.58176393668163],[0.4258169398597689],-20,0.47225383165623097
3947,0.5675796516887722,0.0,22,10000,[6873.885565690778],[167.58176393668163],[0.4258169398597689],-20,0.47225383165623097
3948,0.48224079220590854,0.0,22,10000,[6873.885565690778],[167.58176393668163],[0.4258169398597689],-20,0.47225383165623097
3949,-0.24474625981382678,0.0,22,10000,[6873.885565690778],[167.58176393668163],[0.4258169398597689],-20,0.47225383165623097
3950,-0.3937376911161453,0.0,22,10000,[6873.885565690778],[167.58176393668163],[0.4258169398597689],-20,0.47225383165623097
3951,-0.28415481354088,0.0,22,10000,[6873.885565690778],[167.58176393668163],[0.4258169398597689],-20,0.47225383165623097
3952,0.6958199756940918,0.0,22,10000,[6873.885565690778],[167.58176393668163],[0.4258169398597689],-20,0.47225383165623097
3953,-0.1784501409582214,0.0,22,10000,[6873.885565690778],[167.58176393668163],[0.4258169398597689],-20,0.47225383165623097
3954,0.2429792280233507,0.0,22,10000,[6873.885565690778],[167.58176393668163],[0.4258169398597689],-20,0.47225383165623097
3955,-1.3220574159719214,0.0,22,10000,[6873.885565690778],[167.58176393668163],[0.4258169398597689],-20,0.47225383165623097
3956,0.00047881005689668493,0.0,22,10000,[6873.885565690778],[167.58176393668163],[0.4258169398597689],-20,0.47225383165623097
3957,-0.39762997205339007,0.0,22,10000,[6873.885565690778],[167.58176393668163],[0.4258169398597689],-20,0.47225383165623097
3958,0.052578891342002325,0.0,22,10000,[6873.885565690778],[167.58176393668163],[0.4258169398597689],-20,0.47225383165623097
3959,-0.5065751062288137,0.0,22,10000,[6873.885565690778],[167.58176393668163],[0.4258169398597689],-20,0.47225383165623097
3960,-0.8100168734758922,0.0,22,10000,[6873.885565690778],[167.58176393668163],[0.4258169398597689],-20,0.47225383165623097
3961,0.3961522727709964,0.0,22,10000,[6873.885565690778],[167.58176393668163],[0.4258169398597689],-20,0.47225383165623097
3962,0.8626337583730338,0.0,22,10000,[6873.885565690778],[167.58176393668163],[0.4258169398597689],-20,0.47225383165623097
3963,0.3580154698053605,0.0,22,10000,[6873.885565690778],[167.58176393668163],[0.4258169398597689],-20,0.47225383165623097
3964,-0.17244885196889048,0.0,22,10000,[6873.885565690778],[167.58176393668163],[0.4258169398597689],-20,0.47225383165623097
3965,0.39679305801844267,0.0,22,10000,[6873.885565690778],[167.58176393668163],[0.4258169398597689],-20,0.47225383165623097
3966,-0.5023278611379912,0.0,22,10000,[6873.885565690778],[167.58176393668163],[0.4258169398597689],-20,0.47225383165623097
3967,0.01630592833929569,0.0,22,10000,[6873.885565690778],[167.58176393668163],[0.4258169398597689],-20,0.47225383165623097
3968,-0.5273947460921736,0.0,22,10000,[6873.885565690778],[167.58176393668163],[0.4258169398597689],-20,0.47225383165623097
3969,-0.5725021104361292,0.0,22,10000,[6873.885565690778],[167.58176393668163],[0.4258169398597689],-20,0.47225383165623097
3970,0.5574840952399768,0.0,22,10000,[6873.885565690778],[167.58176393668163],[0.4258169398597689],-20,0.47225383165623097
3971,1.5443845422163849,0.0,22,10000,[6873.885565690778],[167.58176393668163],[0.4258169398597689],-20,0.47225383165623097
3972,-0.3631454921533662,0.0,22,10000,[6873.885565690778],[167.58176393668163],[0.4258169398597689],-20,0.47225383165623097
3973,-0.6531206960585003,0.0,22,10000,[6873.885565690778],[167.58176393668163],[0.4258169398597689],-20,0.47225383165623097
3974,-0.30242957542140153,0.0,22,10000,[6873.885565690778],[167.58176393668163],[0.4258169398597689],-20,0.47225383165623097
3975,0.3560926625138859,0.0,22,10000,[6873.885565690778],[167.58176393668163],[0.4258169398597689],-20,0.47225383165623097
3976,0.12402721063031028,0.0,22,10000,[6873.885565690778],[167.58176393668163],[0.4258169398597689],-20,0.47225383165623097
3977,0.874827485057397,0.0,22,10000,[6873.885565690778],[167.58176393668163],[0.4258169398597689],-20,0.47225383165623097
3978,-0.04468393272081349,0.0,22,10000,[6873.885565690778],[167.58176393668163],[0.4258169398597689],-20,0.47225383165623097
3979,-0.11012450437761574,0.0,22,10000,[6873.885565690778],[167.58176393668163],[0.4258169398597689],-20,0.47225383165623097
3980,0.3498652557240798,0.0,22,10000,[6873.885565690778],[167.58176393668163],[0.4258169398597689],-20,0.47225383165623097
3981,-0.45337775278045916,0.0,22,10000,[6873.885565690778],[167.58176393668163],[0.4258169398597689],-20,0.47225383165623097
3982,0.1811067136031292,0.0,22,10000,[6873.885565690778],[167.58176393668163],[0.4258169398597689],-20,0.47225383165623097
3983,0.057878034956600974,0.0,22,10000,[6873.885565690778],[167.58176393668163],[0.4258169398597689],-20,0.47225383165623097
3984,-0.8319759956308681,0.0,22,10000,[6873.885565690778],[167.58176393668163],[0.4258169398597689],-20,0.47225383165623097
3985,-1.06142628919487,0.0,22,10000,[6873.885565690778],[167.58176393668163],[0.4258169398597689],-20,0.47225383165623097
3986,-0.3333869359781986,0.0,22,10000,[6873.885565690778],[167.58176393668163],[0.4258169398597689],-20,0.47225383165623097
3987,0.5630974731438985,0.0,22,10000,[6873.885565690778],[167.58176393668163],[0.4258169398597689],-20,0.47225383165623097
3988,-0.07547095873496615,0.0,22,10000,[6873.885565690778],[167.58176393668163],[0.4258169398597689],-20,0.47225383165623097
3989,-0.5994328048072919,0.0,22,10000,[6873.885565690778],[167.58176393668163],[0.4258169398597689],-20,0.47225383165623097
3990,-0.2988285464386466,0.0,22,10000,[6873.885565690778],[167.58176393668163],[0.4258169398597689],-20,0.47225383165623097
3991,-0.17534411914653547,0.0,22,10000,[6873.885565690778],[167.58176393668163],[0.4258169398597689],-20,0.47225383165623097
3992,-0.4323834937731662,0.0,22,10000,[6873.885565690778],[167.58176393668163],[0.4258169398597689],-20,0.47225383165623097
3993,-0.43337655463530766,0.0,22,10000,[6873.885565690778],[167.58176393668163],[0.4258169398597689],-20,0.47225383165623097
3994,-0.011939183913603163,0.0,22,10000,[6873.885565690778],[167.58176393668163],[0.4258169398597689],-20,0.47225383165623097
3995,-0.3830830861058738,0.0,22,10000,[6873.885565690778],[167.58176393668163],[0.4258169398597689],-20,0.47225383165623097
3996,0.13088550627497839,0.0,22,10000,[6873.885565690778],[167.58176393668163],[0.4258169398597689],-20,0.47225383165623097
3997,-0.19885205542860082,0.0,22,10000,[6873.885565690778],[167.58176393668163],[0.4258169398597689],-20,0.47225383165623097
3998,0.628267236284211,0.0,22,10000,[6873.885565690778],[167.58176393668163],[0.4258169398597689],-20,0.47225383165623097
3999,-0.20728570458259185,0.0,22,10000,[6873.885565690778],[167.58176393668163],[0.4258169398597689],-20,0.47225383165623097
4000,0.743384304712323,0.0,22,10000,[6873.885565690778],[167.58176393668163],[0.4258169398597689],-20,0.47225383165623097
4001,0.23517674824890808,0.0,22,10000,[6873.885565690778],[167.58176393668163],[0.4258169398597689],-20,0.47225383165623097
4002,0.6280411524402947,0.0,22,10000,[6873.885565690778],[167.58176393668163],[0.4258169398597689],-20,0.47225383165623097
4003,-0.21211182603783418,0.0,22,10000,[6873.885565690778],[167.58176393668163],[0.4258169398597689],-20,0.47225383165623097
4004,0.3009081727400349,0.0,22,10000,[6873.885565690778],[167.58176393668163],[0.4258169398597689],-20,0.47225383165623097
4005,-0.16690248915756117,0.0,22,10000,[6873.885565690778],[167.58176393668163],[0.4258169398597689],-20,0.47225383165623097
4006,-0.545409684243752,0.0,22,10000,[6873.885565690778],[167.58176393668163],[0.4258169398597689],-20,0.47225383165623097
4007,0.11658351225838286,0.0,22,10000,[6873.885565690778],[167.58176393668163],[0.4258169398597689],-20,0.47225383165623097
4008,0.2588408801850937,0.0,22,10000,[6873.885565690778],[167.58176393668163],[0.4258169398597689],-20,0.47225383165623097
4009,-0.3146124216035582,0.0,22,10000,[6873.885565690778],[167.58176393668163],[0.4258169398597689],-20,0.47225383165623097
4010,0.6522762827446507,0.0,22,10000,[6873.885565690778],[167.58176393668163],[0.4258169398597689],-20,0.47225383165623097
4011,0.2126452501654537,0.0,22,10000,[6873.885565690778],[167.58176393668163],[0.4258169398597689],-20,0.47225383165623097
4012,0.14903750659223391,0.0,22,10000,[6873.885565690778],[167.58176393668163],[0.4258169398597689],-20,0.47225383165623097
4013,0.13100449565229383,0.0,22,10000,[6873.885565690778],[167.58176393668163],[0.4258169398597689],-20,0.47225383165623097
4014,-0.04058214278789741,0.0,22,10000,[6873.885565690778],[167.58176393668163],[0.4258169398597689],-20,0.47225383165623097
4015,0.24744769973919867,0.0,22,10000,[6873.885565690778],[167.58176393668163],[0.4258169398597689],-20,0.47225383165623097
4016,0.37931674454955383,0.0,22,10000,[6873.885565690778],[167.58176393668163],[0.4258169398597689],-20,0.47225383165623097
4017,-0.551079610545341,0.0,22,10000,[6873.885565690778],[167.58176393668163],[0.4258169398597689],-20,0.47225383165623097
4018,-0.7922068155469795,0.0,22,10000,[6873.885565690778],[167.58176393668163],[0.4258169398597689],-20,0.47225383165623097
4019,0.36659278153022334,0.0,22,10000,[6873.885565690778],[167.58176393668163],[0.4258169398597689],-20,0.47225383165623097
4020,0.23114442339406094,0.0,22,10000,[6873.885565690778],[167.58176393668163],[0.4258169398597689],-20,0.47225383165623097
4021,-0.7892170838524442,0.0,22,10000,[6873.885565690778],[167.58176393668163],[0.4258169398597689],-20,0.47225383165623097
4022,-0.06589750907986143,0.0,22,10000,[6873.885565690778],[167.58176393668163],[0.4258169398597689],-20,0.47225383165623097
4023,0.06966031282904539,0.0,22,10000,[6873.885565690778],[167.58176393668163],[0.4258169398597689],-20,0.47225383165623097
4024,0.05370858711393353,0.0,22,10000,[6873.885565690778],[167.58176393668163],[0.4258169398597689],-20,0.47225383165623097
4025,0.3747787078356507,0.0,22,10000,[6873.885565690778],[167.58176393668163],[0.4258169398597689],-20,0.47225383165623097
4026,-0.13150674575398827,0.0,22,10000,[6873.885565690778],[167.58176393668163],[0.4258169398597689],-20,0.47225383165623097
4027,0.6558084419149142,0.0,22,10000,[6873.885565690778],[167.58176393668163],[0.4258169398597689],-20,0.47225383165623097
4028,-0.3548362920325458,0.0,22,10000,[6873.885565690778],[167.58176393668163],[0.4258169398597689],-20,0.47225383165623097
4029,-0.23137669029249244,0.0,22,10000,[6873.885565690778],[167.58176393668163],[0.4258169398597689],-20,0.47225383165623097
4030,-0.1350970765726608,0.0,22,10000,[6873.885565690778],[167.58176393668163],[0.4258169398597689],-20,0.47225383165623097
4031,-0.4963046738817136,0.0,22,10000,[6873.885565690778],[167.58176393668163],[0.4258169398597689],-20,0.47225383165623097
4032,-0.8316493986513465,0.0,22,10000,[6873.885565690778],[167.58176393668163],[0.4258169398597689],-20,0.47225383165623097
4033,0.00662881499160738,0.0,22,10000,[6873.885565690778],[167.58176393668163],[0.4258169398597689],-20,0.47225383165623097
4034,0.8382581808974553,0.0,22,10000,[6873.885565690778],[167.58176393668163],[0.4258169398597689],-20,0.47225383165623097
4035,-0.47740655363459206,0.0,22,10000,[6873.885565690778],[167.58176393668163],[0.4258169398597689],-20,0.47225383165623097
4036,0.38730944162055636,0.0,22,10000,[6873.885565690778],[167.58176393668163],[0.4258169398597689],-20,0.47225383165623097
4037,-0.040913688812131636,0.0,22,10000,[6873.885565690778],[167.58176393668163],[0.4258169398597689],-20,0.47225383165623097
4038,-0.8885659618455783,0.0,22,10000,[6873.885565690778],[167.58176393668163],[0.4258169398597689],-20,0.47225383165623097
4039,-0.2077220257238672,0.0,22,10000,[6873.885565690778],[167.58176393668163],[0.4258169398597689],-20,0.47225383165623097
4040,-0.854105901937914,0.0,22,10000,[6873.885565690778],[167.58176393668163],[0.4258169398597689],-20,0.47225383165623097
4041,-0.34061461856153696,0.0,22,10000,[6873.885565690778],[167.58176393668163],[0.4258169398597689],-20,0.47225383165623097
4042,0.3189959379981691,0.0,22,10000,[6873.885565690778],[167.58176393668163],[0.4258169398597689],-20,0.47225383165623097
4043,-0.23536095026496534,0.0,22,10000,[6873.885565690778],[167.58176393668163],[0.4258169398597689],-20,0.47225383165623097
4044,-0.5609434373301245,0.0,22,10000,[6873.885565690778],[167.58176393668163],[0.4258169398597689],-20,0.47225383165623097
4045,-1.079487670860771,0.0,22,10000,[6873.885565690778],[167.58176393668163],[0.4258169398597689],-20,0.47225383165623097
4046,0.35834497782155345,0.0,22,10000,[6873.885565690778],[167.58176393668163],[0.4258169398597689],-20,0.47225383165623097
4047,0.040408182912462245,0.0,22,10000,[6873.885565690778],[167.58176393668163],[0.4258169398597689],-20,0.47225383165623097
4048,0.9175135053481224,0.0,22,10000,[6873.885565690778],[167.58176393668163],[0.4258169398597689],-20,0.47225383165623097
4049,-0.574554911588844,0.0,22,10000,[6873.885565690778],[167.58176393668163],[0.4258169398597689],-20,0.47225383165623097
4050,-0.1811243041463833,0.0,22,10000,[6873.885565690778],[167.58176393668163],[0.4258169398597689],-20,0.47225383165623097
4051,0.2069907219775212,0.0,22,10000,[6873.885565690778],[167.58176393668163],[0.4258169398597689],-20,0.47225383165623097
4052,0.4138436201608357,0.0,22,10000,[6873.885565690778],[167.58176393668163],[0.4258169398597689],-20,0.47225383165623097
4053,-0.43909346653156694,0.0,22,10000,[6873.885565690778],[167.58176393668163],[0.4258169398597689],-20,0.47225383165623097
4054,0.5179812876444353,0.0,22,10000,[6873.885565690778],[167.58176393668163],[0.4258169398597689],-20,0.47225383165623097
4055,-0.2847178242777987,0.0,22,10000,[6873.885565690778],[167.58176393668163],[0.4258169398597689],-20,0.47225383165623097
4056,0.2968857096143429,0.0,22,10000,[6873.885565690778],[167.58176393668163],[0.4258169398597689],-20,0.47225383165623097
4057,0.7632527540891216,0.0,22,10000,[6873.885565690778],[167.58176393668163],[0.4258169398597689],-20,0.47225383165623097
4058,0.4641570588702366,0.0,22,10000,[6873.885565690778],[167.58176393668163],[0.4258169398597689],-20,0.47225383165623097
4059,-0.6568567097344128,0.0,22,10000,[6873.885565690778],[167.58176393668163],[0.4258169398597689],-20,0.47225383165623097
4060,0.43451286067091976,0.0,22,10000,[6873.885565690778],[167.58176393668163],[0.4258169398597689],-20,0.47225383165623097
4061,0.20971101874500742,0.0,22,10000,[6873.885565690778],[167.58176393668163],[0.4258169398597689],-20,0.47225383165623097
4062,-1.1506254038216703,0.0,22,10000,[6873.885565690778],[167.58176393668163],[0.4258169398597689],-20,0.47225383165623097
4063,0.02078662936559374,0.0,22,10000,[6873.885565690778],[167.58176393668163],[0.4258169398597689],-20,0.47225383165623097
4064,-0.8348967609212204,0.0,22,10000,[6873.885565690778],[167.58176393668163],[0.4258169398597689],-20,0.47225383165623097
4065,-0.15592346041209912,0.0,22,10000,[6873.885565690778],[167.58176393668163],[0.4258169398597689],-20,0.47225383165623097
4066,0.20576937514517227,0.0,22,10000,[6873.885565690778],[167.58176393668163],[0.4258169398597689],-20,0.47225383165623097
4067,1.0016664488684979,0.0,22,10000,[6873.885565690778],[167.58176393668163],[0.4258169398597689],-20,0.47225383165623097
4068,0.35498923473738525,0.0,22,10000,[6873.885565690778],[167.58176393668163],[0.4258169398597689],-20,0.47225383165623097
4069,0.29735428457246177,0.0,22,10000,[6873.885565690778],[167.58176393668163],[0.4258169398597689],-20,0.47225383165623097
4070,-0.1589840044186649,0.0,22,10000,[6873.885565690778],[167.58176393668163],[0.4258169398597689],-20,0.47225383165623097
4071,-0.7420465008064571,0.0,22,10000,[6873.885565690778],[167.58176393668163],[0.4258169398597689],-20,0.47225383165623097
4072,-0.13633003677159597,0.0,22,10000,[6873.885565690778],[167.58176393668163],[0.4258169398597689],-20,0.47225383165623097
4073,-0.32312822509687333,0.0,22,10000,[6873.885565690778],[167.58176393668163],[0.4258169398597689],-20,0.47225383165623097
4074,0.2187652793052213,0.0,22,10000,[6873.885565690778],[167.58176393668163],[0.4258169398597689],-20,0.47225383165623097
4075,-0.17234237996232912,0.0,22,10000,[6873.885565690778],[167.58176393668163],[0.4258169398597689],-20,0.47225383165623097
4076,0.20347313748137769,0.0,22,10000,[6873.885565690778],[167.58176393668163],[0.4258169398597689],-20,0.47225383165623097
4077,-0.41561396790103194,0.0,22,10000,[6873.885565690778],[167.58176393668163],[0.4258169398597689],-20,0.47225383165623097
4078,-0.043233757432442045,0.0,22,10000,[6873.885565690778],[167.58176393668163],[0.4258169398597689],-20,0.47225383165623097
4079,-0.17344313473020145,0.0,22,10000,[6873.885565690778],[167.58176393668163],[0.4258169398597689],-20,0.47225383165623097
4080,-0.6708606522228867,0.0,22,10000,[6873.885565690778],[167.58176393668163],[0.4258169398597689],-20,0.47225383165623097
4081,0.050712907088378195,0.0,22,10000,[6873.885565690778],[167.58176393668163],[0.4258169398597689],-20,0.47225383165623097
4082,0.09806696123103917,0.0,22,10000,[6873.885565690778],[167.58176393668163],[0.4258169398597689],-20,0.47225383165623097
4083,0.07653515066209032,0.0,22,10000,[6873.885565690778],[167.58176393668163],[0.4258169398597689],-20,0.47225383165623097
4084,-0.4140052944428735,0.0,22,10000,[6873.885565690778],[167.58176393668163],[0.4258169398597689],-20,0.47225383165623097
4085,0.02917986651557575,0.0,22,10000,[6873.885565690778],[167.58176393668163],[0.4258169398597689],-20,0.47225383165623097
4086,0.24559998702469105,0.0,22,10000,[6873.885565690778],[167.58176393668163],[0.4258169398597689],-20,0.47225383165623097
4087,-0.0710797363849074,0.0,22,10000,[6873.885565690778],[167.58176393668163],[0.4258169398597689],-20,0.47225383165623097
4088,0.5819667479075613,0.0,22,10000,[6873.885565690778],[167.58176393668163],[0.4258169398597689],-20,0.47225383165623097
4089,0.04226372263018028,0.0,22,10000,[6873.885565690778],[167.58176393668163],[0.4258169398597689],-20,0.47225383165623097
4090,0.2951885974218043,0.0,22,10000,[6873.885565690778],[167.58176393668163],[0.4258169398597689],-20,0.47225383165623097
4091,0.583092300507365,0.0,22,10000,[6873.885565690778],[167.58176393668163],[0.4258169398597689],-20,0.47225383165623097
4092,-0.02959266910970603,0.0,22,10000,[6873.885565690778],[167.58176393668163],[0.4258169398597689],-20,0.47225383165623097
4093,-0.30235894849941264,0.0,22,10000,[6873.885565690778],[167.58176393668163],[0.4258169398597689],-20,0.47225383165623097
4094,0.18212763668099774,0.0,22,10000,[6873.885565690778],[167.58176393668163],[0.4258169398597689],-20,0.47225383165623097
4095,-0.6312759245444806,0.0,22,10000,[6873.885565690778],[167.58176393668163],[0.4258169398597689],-20,0.47225383165623097
4096,-0.357238541686618,0.0,22,10000,[6873.885565690778],[167.58176393668163],[0.4258169398597689],-20,0.47225383165623097
4097,0.318392313639851,0.0,22,10000,[6873.885565690778],[167.58176393668163],[0.4258169398597689],-20,0.47225383165623097
4098,-0.14098025926208313,0.0,22,10000,[6873.885565690778],[167.58176393668163],[0.4258169398597689],-20,0.47225383165623097
4099,-0.052709842485971416,0.0,22,10000,[6873.885565690778],[167.58176393668163],[0.4258169398597689],-20,0.47225383165623097
4100,-0.012170391035765414,0.0,22,10000,[6873.885565690778],[167.58176393668163],[0.4258169398597689],-20,0.47225383165623097
4101,0.0018388061742627057,0.0,22,10000,[6873.885565690778],[167.58176393668163],[0.4258169398597689],-20,0.47225383165623097
4102,-0.260016070277363,0.0,22,10000,[6873.885565690778],[167.58176393668163],[0.4258169398597689],-20,0.47225383165623097
4103,0.04203743063347496,0.0,22,10000,[6873.885565690778],[167.58176393668163],[0.4258169398597689],-20,0.47225383165623097
4104,-0.2508231867443141,0.0,22,10000,[6873.885565690778],[167.58176393668163],[0.4258169398597689],-20,0.47225383165623097
4105,0.14844222713566818,0.0,22,10000,[6873.885565690778],[167.58176393668163],[0.4258169398597689],-20,0.47225383165623097
4106,0.029306431268322632,0.0,22,10000,[6873.885565690778],[167.58176393668163],[0.4258169398597689],-20,0.47225383165623097
4107,-0.006966507408206477,0.0,22,10000,[6873.885565690778],[167.58176393668163],[0.4258169398597689],-20,0.47225383165623097
4108,0.4390985231660533,0.0,22,10000,[6873.885565690778],[167.58176393668163],[0.4258169398597689],-20,0.47225383165623097
4109,0.7054771609100479,0.0,22,10000,[6873.885565690778],[167.58176393668163],[0.4258169398597689],-20,0.47225383165623097
4110,0.4631144348269471,0.0,22,10000,[6873.885565690778],[167.58176393668163],[0.4258169398597689],-20,0.47225383165623097
4111,0.1902122724100218,0.0,22,10000,[6873.885565690778],[167.58176393668163],[0.4258169398597689],-20,0.47225383165623097
4112,-0.7961080413361966,0.0,22,10000,[6873.885565690778],[167.58176393668163],[0.4258169398597689],-20,0.47225383165623097
4113,0.16966987988799515,0.0,22,10000,[6873.885565690778],[167.58176393668163],[0.4258169398597689],-20,0.47225383165623097
4114,0.4826962549172261,0.0,22,10000,[6873.885565690778],[167.58176393668163],[0.4258169398597689],-20,0.47225383165623097
4115,0.2271598296405447,0.0,22,10000,[6873.885565690778],[167.58176393668163],[0.4258169398597689],-20,0.47225383165623097
4116,-0.03323264204686944,0.0,22,10000,[6873.885565690778],[167.58176393668163],[0.4258169398597689],-20,0.47225383165623097
4117,-0.09955365732664592,0.0,22,10000,[6873.885565690778],[167.58176393668163],[0.4258169398597689],-20,0.47225383165623097
4118,-0.6889291259661341,0.0,22,10000,[6873.885565690778],[167.58176393668163],[0.4258169398597689],-20,0.47225383165623097
4119,-0.1740921740085099,0.0,22,10000,[6873.885565690778],[167.58176393668163],[0.4258169398597689],-20,0.47225383165623097
4120,-0.10315248168171165,0.0,22,10000,[6873.885565690778],[167.58176393668163],[0.4258169398597689],-20,0.47225383165623097
4121,-0.20498274138154335,0.0,22,10000,[6873.885565690778],[167.58176393668163],[0.4258169398597689],-20,0.47225383165623097
4122,0.0005089082711088292,0.0,22,10000,[6873.885565690778],[167.58176393668163],[0.4258169398597689],-20,0.47225383165623097
4123,0.4241267308571849,0.0,22,10000,[6873.885565690778],[167.58176393668163],[0.4258169398597689],-20,0.47225383165623097
4124,0.09614198852748873,0.0,22,10000,[6873.885565690778],[167.58176393668163],[0.4258169398597689],-20,0.47225383165623097
4125,0.5739762748950493,0.0,22,10000,[6873.885565690778],[167.58176393668163],[0.4258169398597689],-20,0.47225383165623097
4126,0.4751149562037016,0.0,22,10000,[6873.885565690778],[167.58176393668163],[0.4258169398597689],-20,0.47225383165623097
4127,0.6999326920779431,0.0,22,10000,[6873.885565690778],[167.58176393668163],[0.4258169398597689],-20,0.47225383165623097
4128,-0.3701697423090838,0.0,22,10000,[6873.885565690778],[167.58176393668163],[0.4258169398597689],-20,0.47225383165623097
4129,0.4515783953070142,0.0,22,10000,[6873.885565690778],[167.58176393668163],[0.4258169398597689],-20,0.47225383165623097
4130,-0.10895631839697642,0.0,22,10000,[6873.885565690778],[167.58176393668163],[0.4258169398597689],-20,0.47225383165623097
4131,0.08462951320986149,0.0,22,10000,[6873.885565690778],[167.58176393668163],[0.4258169398597689],-20,0.47225383165623097
4132,0.3018860986019138,0.0,22,10000,[6873.885565690778],[167.58176393668163],[0.4258169398597689],-20,0.47225383165623097
4133,-0.6959082804674684,0.0,22,10000,[6873.885565690778],[167.58176393668163],[0.4258169398597689],-20,0.47225383165623097
4134,0.1315899397711872,0.0,22,10000,[6873.885565690778],[167.58176393668163],[0.4258169398597689],-20,0.47225383165623097
4135,0.6828173204551672,0.0,22,10000,[6873.885565690778],[167.58176393668163],[0.4258169398597689],-20,0.47225383165623097
4136,0.43223597913867257,0.0,22,10000,[6873.885565690778],[167.58176393668163],[0.4258169398597689],-20,0.47225383165623097
4137,0.6799162941515859,0.0,22,10000,[6873.885565690778],[167.58176393668163],[0.4258169398597689],-20,0.47225383165623097
4138,-0.29471922840203757,0.0,22,10000,[6873.885565690778],[167.58176393668163],[0.4258169398597689],-20,0.47225383165623097
4139,0.8615715910236136,0.0,22,10000,[6873.885565690778],[167.58176393668163],[0.4258169398597689],-20,0.47225383165623097
4140,0.13193370627542333,0.0,22,10000,[6873.885565690778],[167.58176393668163],[0.4258169398597689],-20,0.47225383165623097
4141,-1.248195063652439,0.0,22,10000,[6873.885565690778],[167.58176393668163],[0.4258169398597689],-20,0.47225383165623097
4142,0.35401579312748044,0.0,22,10000,[6873.885565690778],[167.58176393668163],[0.4258169398597689],-20,0.47225383165623097
4143,-0.10535672283352204,0.0,22,10000,[6873.885565690778],[167.58176393668163],[0.4258169398597689],-20,0.47225383165623097
4144,-0.10361123588808704,0.0,22,10000,[6873.885565690778],[167.58176393668163],[0.4258169398597689],-20,0.47225383165623097
4145,-0.6924106844383301,0.0,22,10000,[6873.885565690778],[167.58176393668163],[0.4258169398597689],-20,0.47225383165623097
4146,0.05537903966236644,0.0,22,10000,[6873.885565690778],[167.58176393668163],[0.4258169398597689],-20,0.47225383165623097
4147,0.5431301474186453,0.0,22,10000,[6873.885565690778],[167.58176393668163],[0.4258169398597689],-20,0.47225383165623097
4148,-0.04048824086608403,0.0,22,10000,[6873.885565690778],[167.58176393668163],[0.4258169398597689],-20,0.47225383165623097
4149,-0.41662146021150753,0.0,22,10000,[6873.885565690778],[167.58176393668163],[0.4258169398597689],-20,0.47225383165623097
4150,-0.37772768168487686,0.0,22,10000,[6873.885565690778],[167.58176393668163],[0.4258169398597689],-20,0.47225383165623097
4151,0.2679015950238467,0.0,22,10000,[6873.885565690778],[167.58176393668163],[0.4258169398597689],-20,0.47225383165623097
4152,0.9341213983487565,0.0,22,10000,[6873.885565690778],[167.58176393668163],[0.4258169398597689],-20,0.47225383165623097
4153,-0.251965976777626,0.0,22,10000,[6873.885565690778],[167.58176393668163],[0.4258169398597689],-20,0.47225383165623097
4154,-0.1564066736276137,0.0,22,10000,[6873.885565690778],[167.58176393668163],[0.4258169398597689],-20,0.47225383165623097
4155,-0.2927776473969094,0.0,22,10000,[6873.885565690778],[167.58176393668163],[0.4258169398597689],-20,0.47225383165623097
4156,0.36381057387454974,0.0,22,10000,[6873.885565690778],[167.58176393668163],[0.4258169398597689],-20,0.47225383165623097
4157,0.004464385476075196,0.0,22,10000,[6873.885565690778],[167.58176393668163],[0.4258169398597689],-20,0.47225383165623097
4158,-0.9162485616875363,0.0,22,10000,[6873.885565690778],[167.58176393668163],[0.4258169398597689],-20,0.47225383165623097
4159,0.6031101747096407,0.0,22,10000,[6873.885565690778],[167.58176393668163],[0.4258169398597689],-20,0.47225383165623097
4160,-0.3221516808596967,0.0,22,10000,[6873.885565690778],[167.58176393668163],[0.4258169398597689],-20,0.47225383165623097
4161,0.15251100411777285,0.0,22,10000,[6873.885565690778],[167.58176393668163],[0.4258169398597689],-20,0.47225383165623097
4162,0.6270798439020382,0.0,22,10000,[6873.885565690778],[167.58176393668163],[0.4258169398597689],-20,0.47225383165623097
4163,-1.0467844506757193,0.0,22,10000,[6873.885565690778],[167.58176393668163],[0.4258169398597689],-20,0.47225383165623097
4164,0.16244770327141134,0.0,22,10000,[6873.885565690778],[167.58176393668163],[0.4258169398597689],-20,0.47225383165623097
4165,-0.487068644398059,0.0,22,10000,[6873.885565690778],[167.58176393668163],[0.4258169398597689],-20,0.47225383165623097
4166,0.2049920290642458,0.0,22,10000,[6873.885565690778],[167.58176393668163],[0.4258169398597689],-20,0.47225383165623097
4167,-0.07955577939916043,0.0,22,10000,[6873.885565690778],[167.58176393668163],[0.4258169398597689],-20,0.47225383165623097
4168,-0.3037846741479995,0.0,22,10000,[6873.885565690778],[167.58176393668163],[0.4258169398597689],-20,0.47225383165623097
4169,-0.4394822533640695,0.0,22,10000,[6873.885565690778],[167.58176393668163],[0.4258169398597689],-20,0.47225383165623097
4170,-1.0983026702986114,0.0,22,10000,[6873.885565690778],[167.58176393668163],[0.4258169398597689],-20,0.47225383165623097
4171,0.44638138440925934,0.0,22,10000,[6873.885565690778],[167.58176393668163],[0.4258169398597689],-20,0.47225383165623097
4172,-0.27737402452504983,0.0,22,10000,[6873.885565690778],[167.58176393668163],[0.4258169398597689],-20,0.47225383165623097
4173,0.13088839826486212,0.0,22,10000,[6873.885565690778],[167.58176393668163],[0.4258169398597689],-20,0.47225383165623097
4174,-0.3531825111621064,0.0,22,10000,[6873.885565690778],[167.58176393668163],[0.4258169398597689],-20,0.47225383165623097
4175,0.33000809805489867,0.0,22,10000,[6873.885565690778],[167.58176393668163],[0.4258169398597689],-20,0.47225383165623097
4176,-0.9680762550577626,0.0,22,10000,[6873.885565690778],[167.58176393668163],[0.4258169398597689],-20,0.47225383165623097
4177,0.7307721623308523,0.0,22,10000,[6873.885565690778],[167.58176393668163],[0.4258169398597689],-20,0.47225383165623097
4178,0.1438742771692071,0.0,22,10000,[6873.885565690778],[167.58176393668163],[0.4258169398597689],-20,0.47225383165623097
4179,-0.5970604494311582,0.0,22,10000,[6873.885565690778],[167.58176393668163],[0.4258169398597689],-20,0.47225383165623097
4180,-0.14588325816828826,0.0,22,10000,[6873.885565690778],[167.58176393668163],[0.4258169398597689],-20,0.47225383165623097
4181,0.6675239318594316,0.0,22,10000,[6873.885565690778],[167.58176393668163],[0.4258169398597689],-20,0.47225383165623097
4182,0.2638135895387187,0.0,22,10000,[6873.885565690778],[167.58176393668163],[0.4258169398597689],-20,0.47225383165623097
4183,0.18385893935296574,0.0,22,10000,[6873.885565690778],[167.58176393668163],[0.4258169398597689],-20,0.47225383165623097
4184,0.4271639252239213,0.0,22,10000,[6873.885565690778],[167.58176393668163],[0.4258169398597689],-20,0.47225383165623097
4185,-0.27720836047389197,0.0,22,10000,[6873.885565690778],[167.58176393668163],[0.4258169398597689],-20,0.47225383165623097
4186,-0.7041575236712737,0.0,22,10000,[6873.885565690778],[167.58176393668163],[0.4258169398597689],-20,0.47225383165623097
4187,-0.5768741869467888,0.0,22,10000,[6873.885565690778],[167.58176393668163],[0.4258169398597689],-20,0.47225383165623097
4188,-0.3883657744410374,0.0,22,10000,[6873.885565690778],[167.58176393668163],[0.4258169398597689],-20,0.47225383165623097
4189,0.6367588470426696,0.0,22,10000,[6873.885565690778],[167.58176393668163],[0.4258169398597689],-20,0.47225383165623097
4190,0.45983761514382165,0.0,22,10000,[6873.885565690778],[167.58176393668163],[0.4258169398597689],-20,0.47225383165623097
4191,-0.05800793893123928,0.0,22,10000,[6873.885565690778],[167.58176393668163],[0.4258169398597689],-20,0.47225383165623097
4192,0.2422127165432906,0.0,22,10000,[6873.885565690778],[167.58176393668163],[0.4258169398597689],-20,0.47225383165623097
4193,0.13284937540940445,0.0,22,10000,[6873.885565690778],[167.58176393668163],[0.4258169398597689],-20,0.47225383165623097
4194,0.4136135854344567,0.0,22,10000,[6873.885565690778],[167.58176393668163],[0.4258169398597689],-20,0.47225383165623097
4195,0.10292172578414832,0.0,22,10000,[6873.885565690778],[167.58176393668163],[0.4258169398597689],-20,0.47225383165623097
4196,0.3546012028109614,0.0,22,10000,[6873.885565690778],[167.58176393668163],[0.4258169398597689],-20,0.47225383165623097
4197,0.26720161282218075,0.0,22,10000,[6873.885565690778],[167.58176393668163],[0.4258169398597689],-20,0.47225383165623097
4198,-0.7383727999413273,0.0,22,10000,[6873.885565690778],[167.58176393668163],[0.4258169398597689],-20,0.47225383165623097
4199,-0.44247612213879295,0.0,22,10000,[6873.885565690778],[167.58176393668163],[0.4258169398597689],-20,0.47225383165623097
4200,0.1563485676802262,0.0,22,10000,[6873.885565690778],[167.58176393668163],[0.4258169398597689],-20,0.47225383165623097
4201,0.7049018073103209,0.0,22,10000,[6873.885565690778],[167.58176393668163],[0.4258169398597689],-20,0.47225383165623097
4202,0.18103418185759113,0.0,22,10000,[6873.885565690778],[167.58176393668163],[0.4258169398597689],-20,0.47225383165623097
4203,0.2692456515094148,0.0,22,10000,[6873.885565690778],[167.58176393668163],[0.4258169398597689],-20,0.47225383165623097
4204,0.28855563519169425,0.0,22,10000,[6873.885565690778],[167.58176393668163],[0.4258169398597689],-20,0.47225383165623097
4205,-0.2953743437962535,0.0,22,10000,[6873.885565690778],[167.58176393668163],[0.4258169398597689],-20,0.47225383165623097
4206,-0.41565453752320236,0.0,22,10000,[6873.885565690778],[167.58176393668163],[0.4258169398597689],-20,0.47225383165623097
4207,0.7621033049202115,0.0,22,10000,[6873.885565690778],[167.58176393668163],[0.4258169398597689],-20,0.47225383165623097
4208,0.1009243127389701,0.0,22,10000,[6873.885565690778],[167.58176393668163],[0.4258169398597689],-20,0.47225383165623097
4209,0.2218257315776185,0.0,22,10000,[6873.885565690778],[167.58176393668163],[0.4258169398597689],-20,0.47225383165623097
4210,-0.19684710397458866,0.0,22,10000,[6873.885565690778],[167.58176393668163],[0.4258169398597689],-20,0.47225383165623097
4211,0.09196747677412234,0.0,22,10000,[6873.885565690778],[167.58176393668163],[0.4258169398597689],-20,0.47225383165623097
4212,-0.37105114397014916,0.0,22,10000,[6873.885565690778],[167.58176393668163],[0.4258169398597689],-20,0.47225383165623097
4213,-0.3811967166121295,0.0,22,10000,[6873.885565690778],[167.58176393668163],[0.4258169398597689],-20,0.47225383165623097
4214,0.28493150608471035,0.0,22,10000,[6873.885565690778],[167.58176393668163],[0.4258169398597689],-20,0.47225383165623097
4215,0.1783862676904796,0.0,22,10000,[6873.885565690778],[167.58176393668163],[0.4258169398597689],-20,0.47225383165623097
4216,-0.7537581456765595,0.0,22,10000,[6873.885565690778],[167.58176393668163],[0.4258169398597689],-20,0.47225383165623097
4217,0.4769757524503265,0.0,22,10000,[6873.885565690778],[167.58176393668163],[0.4258169398597689],-20,0.47225383165623097
4218,0.1257042940584159,0.0,22,10000,[6873.885565690778],[167.58176393668163],[0.4258169398597689],-20,0.47225383165623097
4219,-0.6236692926043707,0.0,22,10000,[6873.885565690778],[167.58176393668163],[0.4258169398597689],-20,0.47225383165623097
4220,-0.07093423670687031,0.0,22,10000,[6873.885565690778],[167.58176393668163],[0.4258169398597689],-20,0.47225383165623097
4221,0.08415854067195387,0.0,22,10000,[6873.885565690778],[167.58176393668163],[0.4258169398597689],-20,0.47225383165623097
4222,-0.06719716657911645,0.0,22,10000,[6873.885565690778],[167.58176393668163],[0.4258169398597689],-20,0.47225383165623097
4223,0.3605553057473295,0.0,22,10000,[6873.885565690778],[167.58176393668163],[0.4258169398597689],-20,0.47225383165623097
4224,0.15035904310657452,0.0,22,10000,[6873.885565690778],[167.58176393668163],[0.4258169398597689],-20,0.47225383165623097
4225,0.1337405625130593,0.0,22,10000,[6873.885565690778],[167.58176393668163],[0.4258169398597689],-20,0.47225383165623097
4226,-0.24510855892864425,0.0,22,10000,[6873.885565690778],[167.58176393668163],[0.4258169398597689],-20,0.47225383165623097
4227,0.03464228142248336,0.0,22,10000,[6873.885565690778],[167.58176393668163],[0.4258169398597689],-20,0.47225383165623097
4228,-0.023393007673747957,0.0,22,10000,[6873.885565690778],[167.58176393668163],[0.4258169398597689],-20,0.47225383165623097
4229,-0.1899633057432385,0.0,22,10000,[6873.885565690778],[167.58176393668163],[0.4258169398597689],-20,0.47225383165623097
4230,0.2890104675398405,0.0,22,10000,[6873.885565690778],[167.58176393668163],[0.4258169398597689],-20,0.47225383165623097
4231,0.10439696603646624,0.0,22,10000,[6873.885565690778],[167.58176393668163],[0.4258169398597689],-20,0.47225383165623097
4232,0.34349154742689764,0.0,22,10000,[6873.885565690778],[167.58176393668163],[0.4258169398597689],-20,0.47225383165623097
4233,0.1044363626344264,0.0,22,10000,[6873.885565690778],[167.58176393668163],[0.4258169398597689],-20,0.47225383165623097
4234,-0.5491534999686118,0.0,22,10000,[6873.885565690778],[167.58176393668163],[0.4258169398597689],-20,0.47225383165623097
4235,-0.05271671137804514,0.0,22,10000,[6873.885565690778],[167.58176393668163],[0.4258169398597689],-20,0.47225383165623097
4236,-0.6598518919919916,0.0,22,10000,[6873.885565690778],[167.58176393668163],[0.4258169398597689],-20,0.47225383165623097
4237,0.20046119681350844,0.0,22,10000,[6873.885565690778],[167.58176393668163],[0.4258169398597689],-20,0.47225383165623097
4238,0.6541132557096989,0.0,22,10000,[6873.885565690778],[167.58176393668163],[0.4258169398597689],-20,0.47225383165623097
4239,-0.08433819619326126,0.0,22,10000,[6873.885565690778],[167.58176393668163],[0.4258169398597689],-20,0.47225383165623097
4240,-0.13813569198797168,0.0,22,10000,[6873.885565690778],[167.58176393668163],[0.4258169398597689],-20,0.47225383165623097
4241,0.6452476498866289,0.0,22,10000,[6873.885565690778],[167.58176393668163],[0.4258169398597689],-20,0.47225383165623097
4242,0.12445742822060742,0.0,22,10000,[6873.885565690778],[167.58176393668163],[0.4258169398597689],-20,0.47225383165623097
4243,-0.4384497791441264,0.0,22,10000,[6873.885565690778],[167.58176393668163],[0.4258169398597689],-20,0.47225383165623097
4244,0.4619891264177595,0.0,22,10000,[6873.885565690778],[167.58176393668163],[0.4258169398597689],-20,0.47225383165623097
4245,1.3038797594483653,0.0,22,10000,[6873.885565690778],[167.58176393668163],[0.4258169398597689],-20,0.47225383165623097
4246,-0.22056929542800763,0.0,22,10000,[6873.885565690778],[167.58176393668163],[0.4258169398597689],-20,0.47225383165623097
4247,-0.26660798168481753,0.0,22,10000,[6873.885565690778],[167.58176393668163],[0.4258169398597689],-20,0.47225383165623097
4248,0.22495453160212606,0.0,22,10000,[6873.885565690778],[167.58176393668163],[0.4258169398597689],-20,0.47225383165623097
4249,-0.17585855226123892,0.0,22,10000,[6873.885565690778],[167.58176393668163],[0.4258169398597689],-20,0.47225383165623097
4250,0.09061733645932817,0.0,22,10000,[6873.885565690778],[167.58176393668163],[0.4258169398597689],-20,0.47225383165623097
4251,-0.022815996309817066,0.0,22,10000,[6873.885565690778],[167.58176393668163],[0.4258169398597689],-20,0.47225383165623097
4252,0.07470218903617154,0.0,22,10000,[6873.885565690778],[167.58176393668163],[0.4258169398597689],-20,0.47225383165623097
4253,0.4105205015160077,0.0,22,10000,[6873.885565690778],[167.58176393668163],[0.4258169398597689],-20,0.47225383165623097
4254,-0.3720769025799123,0.0,22,10000,[6873.885565690778],[167.58176393668163],[0.4258169398597689],-20,0.47225383165623097
4255,-0.21625570541762018,0.0,22,10000,[6873.885565690778],[167.58176393668163],[0.4258169398597689],-20,0.47225383165623097
4256,-0.003300251975750227,0.0,22,10000,[6873.885565690778],[167.58176393668163],[0.4258169398597689],-20,0.47225383165623097
4257,0.10927051880097806,0.0,22,10000,[6873.885565690778],[167.58176393668163],[0.4258169398597689],-20,0.47225383165623097
4258,0.06968544609140956,0.0,22,10000,[6873.885565690778],[167.58176393668163],[0.4258169398597689],-20,0.47225383165623097
4259,-0.2422069928579477,0.0,22,10000,[6873.885565690778],[167.58176393668163],[0.4258169398597689],-20,0.47225383165623097
4260,0.03871142423797163,0.0,22,10000,[6873.885565690778],[167.58176393668163],[0.4258169398597689],-20,0.47225383165623097
4261,-0.2361610069414265,0.0,22,10000,[6873.885565690778],[167.58176393668163],[0.4258169398597689],-20,0.47225383165623097
4262,-0.1173265314529775,0.0,22,10000,[6873.885565690778],[167.58176393668163],[0.4258169398597689],-20,0.47225383165623097
4263,1.3285931159670104,0.0,22,10000,[6873.885565690778],[167.58176393668163],[0.4258169398597689],-20,0.47225383165623097
4264,0.3280709507427157,0.0,22,10000,[6873.885565690778],[167.58176393668163],[0.4258169398597689],-20,0.47225383165623097
4265,-0.07961977735230864,0.0,22,10000,[6873.885565690778],[167.58176393668163],[0.4258169398597689],-20,0.47225383165623097
4266,-0.06617882636929746,0.0,22,10000,[6873.885565690778],[167.58176393668163],[0.4258169398597689],-20,0.47225383165623097
4267,0.7734358603882349,0.0,22,10000,[6873.885565690778],[167.58176393668163],[0.4258169398597689],-20,0.47225383165623097
4268,0.28949483929179587,0.0,22,10000,[6873.885565690778],[167.58176393668163],[0.4258169398597689],-20,0.47225383165623097
4269,-0.1081141197777447,0.0,22,10000,[6873.885565690778],[167.58176393668163],[0.4258169398597689],-20,0.47225383165623097
4270,0.29576663117233737,0.0,22,10000,[6873.885565690778],[167.58176393668163],[0.4258169398597689],-20,0.47225383165623097
4271,1.0541214422184355,0.0,22,10000,[6873.885565690778],[167.58176393668163],[0.4258169398597689],-20,0.47225383165623097
4272,0.8817339864197913,0.0,22,10000,[6873.885565690778],[167.58176393668163],[0.4258169398597689],-20,0.47225383165623097
4273,0.6684606943234402,0.0,22,10000,[6873.885565690778],[167.58176393668163],[0.4258169398597689],-20,0.47225383165623097
4274,0.15390719046024295,0.0,22,10000,[6873.885565690778],[167.58176393668163],[0.4258169398597689],-20,0.47225383165623097
4275,0.041376281457761885,0.0,22,10000,[6873.885565690778],[167.58176393668163],[0.4258169398597689],-20,0.47225383165623097
4276,0.3660112050731333,0.0,22,10000,[6873.885565690778],[167.58176393668163],[0.4258169398597689],-20,0.47225383165623097
4277,0.25837414277028087,0.0,22,10000,[6873.885565690778],[167.58176393668163],[0.4258169398597689],-20,0.47225383165623097
4278,0.3420232815486889,0.0,22,10000,[6873.885565690778],[167.58176393668163],[0.4258169398597689],-20,0.47225383165623097
4279,0.3508103196886305,0.0,22,10000,[6873.885565690778],[167.58176393668163],[0.4258169398597689],-20,0.47225383165623097
4280,0.2148440235152858,0.0,22,10000,[6873.885565690778],[167.58176393668163],[0.4258169398597689],-20,0.47225383165623097
4281,0.7718905778749852,0.0,22,10000,[6873.885565690778],[167.58176393668163],[0.4258169398597689],-20,0.47225383165623097
4282,0.07615870584310089,0.0,22,10000,[6873.885565690778],[167.58176393668163],[0.4258169398597689],-20,0.47225383165623097
4283,-0.2629627339632117,0.0,22,10000,[6873.885565690778],[167.58176393668163],[0.4258169398597689],-20,0.47225383165623097
4284,0.11443018848129057,0.0,22,10000,[6873.885565690778],[167.58176393668163],[0.4258169398597689],-20,0.47225383165623097
4285,-0.4128145702228643,0.0,22,10000,[6873.885565690778],[167.58176393668163],[0.4258169398597689],-20,0.47225383165623097
4286,-0.11002696176264512,0.0,22,10000,[6873.885565690778],[167.58176393668163],[0.4258169398597689],-20,0.47225383165623097
4287,0.6805406781363754,0.0,22,10000,[6873.885565690778],[167.58176393668163],[0.4258169398597689],-20,0.47225383165623097
4288,-0.355588307271255,0.0,22,10000,[6873.885565690778],[167.58176393668163],[0.4258169398597689],-20,0.47225383165623097
4289,-0.1885935808413978,0.0,22,10000,[6873.885565690778],[167.58176393668163],[0.4258169398597689],-20,0.47225383165623097
4290,-0.08006616278924844,0.0,22,10000,[6873.885565690778],[167.58176393668163],[0.4258169398597689],-20,0.47225383165623097
4291,0.15754545286460667,0.0,22,10000,[6873.885565690778],[167.58176393668163],[0.4258169398597689],-20,0.47225383165623097
4292,-0.23472785790978082,0.0,22,10000,[6873.885565690778],[167.58176393668163],[0.4258169398597689],-20,0.47225383165623097
4293,0.28898883901489975,0.0,22,10000,[6873.885565690778],[167.58176393668163],[0.4258169398597689],-20,0.47225383165623097
4294,-0.31398730146082476,0.0,22,10000,[6873.885565690778],[167.58176393668163],[0.4258169398597689],-20,0.47225383165623097
4295,0.5054581078821963,0.0,22,10000,[6873.885565690778],[167.58176393668163],[0.4258169398597689],-20,0.47225383165623097
4296,0.16067686848277724,0.0,22,10000,[6873.885565690778],[167.58176393668163],[0.4258169398597689],-20,0.47225383165623097
4297,0.3020362084960579,0.0,22,10000,[6873.885565690778],[167.58176393668163],[0.4258169398597689],-20,0.47225383165623097
4298,-0.2102320495618223,0.0,22,10000,[6873.885565690778],[167.58176393668163],[0.4258169398597689],-20,0.47225383165623097
4299,-0.4865335328916687,0.0,22,10000,[6873.885565690778],[167.58176393668163],[0.4258169398597689],-20,0.47225383165623097
4300,-0.23009816733977984,0.0,22,10000,[6873.885565690778],[167.58176393668163],[0.4258169398597689],-20,0.47225383165623097
4301,0.6006846168008972,0.0,22,10000,[6873.885565690778],[167.58176393668163],[0.4258169398597689],-20,0.47225383165623097
4302,-0.14043579717727916,0.0,22,10000,[6873.885565690778],[167.58176393668163],[0.4258169398597689],-20,0.47225383165623097
4303,0.34627565960281714,0.0,22,10000,[6873.885565690778],[167.58176393668163],[0.4258169398597689],-20,0.47225383165623097
4304,0.3610013121300656,0.0,22,10000,[6873.885565690778],[167.58176393668163],[0.4258169398597689],-20,0.47225383165623097
4305,0.8516228129364823,0.0,22,10000,[6873.885565690778],[167.58176393668163],[0.4258169398597689],-20,0.47225383165623097
4306,-0.36465244342678926,0.0,22,10000,[6873.885565690778],[167.58176393668163],[0.4258169398597689],-20,0.47225383165623097
4307,-0.18071064625356872,0.0,22,10000,[6873.885565690778],[167.58176393668163],[0.4258169398597689],-20,0.47225383165623097
4308,-0.6314591724777082,0.0,22,10000,[6873.885565690778],[167.58176393668163],[0.4258169398597689],-20,0.47225383165623097
4309,0.012656110363270147,0.0,22,10000,[6873.885565690778],[167.58176393668163],[0.4258169398597689],-20,0.47225383165623097
4310,-0.15436271304240531,0.0,22,10000,[6873.885565690778],[167.58176393668163],[0.4258169398597689],-20,0.47225383165623097
4311,-0.0035704671721922604,0.0,22,10000,[6873.885565690778],[167.58176393668163],[0.4258169398597689],-20,0.47225383165623097
4312,-0.020107689870575457,0.0,22,10000,[6873.885565690778],[167.58176393668163],[0.4258169398597689],-20,0.47225383165623097
4313,-0.5249853964183019,0.0,22,10000,[6873.885565690778],[167.58176393668163],[0.4258169398597689],-20,0.47225383165623097
4314,-0.13096820105181786,0.0,22,10000,[6873.885565690778],[167.58176393668163],[0.4258169398597689],-20,0.47225383165623097
4315,0.5022237612365518,0.0,22,10000,[6873.885565690778],[167.58176393668163],[0.4258169398597689],-20,0.47225383165623097
4316,0.04334504493658867,0.0,22,10000,[6873.885565690778],[167.58176393668163],[0.4258169398597689],-20,0.47225383165623097
4317,0.09219285500525369,0.0,22,10000,[6873.885565690778],[167.58176393668163],[0.4258169398597689],-20,0.47225383165623097
4318,-1.1098007482838896,0.0,22,10000,[6873.885565690778],[167.58176393668163],[0.4258169398597689],-20,0.47225383165623097
4319,-0.0252467560203957,0.0,22,10000,[6873.885565690778],[167.58176393668163],[0.4258169398597689],-20,0.47225383165623097
4320,0.5126899862194552,0.0,22,10000,[6873.885565690778],[167.58176393668163],[0.4258169398597689],-20,0.47225383165623097
4321,0.30174630461759744,0.0,22,10000,[6873.885565690778],[167.58176393668163],[0.4258169398597689],-20,0.47225383165623097
4322,0.3734784994996188,0.0,22,10000,[6873.885565690778],[167.58176393668163],[0.4258169398597689],-20,0.47225383165623097
4323,0.20214165766889264,0.0,22,10000,[6873.885565690778],[167.58176393668163],[0.4258169398597689],-20,0.47225383165623097
4324,-0.3695633349073557,0.0,22,10000,[6873.885565690778],[167.58176393668163],[0.4258169398597689],-20,0.47225383165623097
4325,0.13182266439661391,0.0,22,10000,[6873.885565690778],[167.58176393668163],[0.4258169398597689],-20,0.47225383165623097
4326,-0.5622950500022418,0.0,22,10000,[6873.885565690778],[167.58176393668163],[0.4258169398597689],-20,0.47225383165623097
4327,-0.34985121136391145,0.0,22,10000,[6873.885565690778],[167.58176393668163],[0.4258169398597689],-20,0.47225383165623097
4328,0.10685477517064845,0.0,22,10000,[6873.885565690778],[167.58176393668163],[0.4258169398597689],-20,0.47225383165623097
4329,-0.13060421180723772,0.0,22,10000,[6873.885565690778],[167.58176393668163],[0.4258169398597689],-20,0.47225383165623097
4330,0.8120359566950832,0.0,22,10000,[6873.885565690778],[167.58176393668163],[0.4258169398597689],-20,0.47225383165623097
4331,-0.1283433023280961,0.0,22,10000,[6873.885565690778],[167.58176393668163],[0.4258169398597689],-20,0.47225383165623097
4332,-0.3509180274616701,0.0,22,10000,[6873.885565690778],[167.58176393668163],[0.4258169398597689],-20,0.47225383165623097
4333,-0.6385658198556737,0.0,22,10000,[6873.885565690778],[167.58176393668163],[0.4258169398597689],-20,0.47225383165623097
4334,-0.1559937898714633,0.0,22,10000,[6873.885565690778],[167.58176393668163],[0.4258169398597689],-20,0.47225383165623097
4335,-0.7649054815313339,0.0,22,10000,[6873.885565690778],[167.58176393668163],[0.4258169398597689],-20,0.47225383165623097
4336,-0.0927872460491035,0.0,22,10000,[6873.885565690778],[167.58176393668163],[0.4258169398597689],-20,0.47225383165623097
4337,-0.5332593234103974,0.0,22,10000,[6873.885565690778],[167.58176393668163],[0.4258169398597689],-20,0.47225383165623097
4338,-0.4578199143777607,0.0,22,10000,[6873.885565690778],[167.58176393668163],[0.4258169398597689],-20,0.47225383165623097
4339,0.010235770715310403,0.0,22,10000,[6873.885565690778],[167.58176393668163],[0.4258169398597689],-20,0.47225383165623097
4340,0.22740274541843258,0.0,22,10000,[6873.885565690778],[167.58176393668163],[0.4258169398597689],-20,0.47225383165623097
4341,0.062247759743082526,0.0,22,10000,[6873.885565690778],[167.58176393668163],[0.4258169398597689],-20,0.47225383165623097
4342,0.5605734814790819,0.0,22,10000,[6873.885565690778],[167.58176393668163],[0.4258169398597689],-20,0.47225383165623097
4343,0.3315423744879413,0.0,22,10000,[6873.885565690778],[167.58176393668163],[0.4258169398597689],-20,0.47225383165623097
4344,0.9138224993921366,0.0,22,10000,[6873.885565690778],[167.58176393668163],[0.4258169398597689],-20,0.47225383165623097
4345,-0.1353940398449972,0.0,22,10000,[6873.885565690778],[167.58176393668163],[0.4258169398597689],-20,0.47225383165623097
4346,0.11209764829548075,0.0,22,10000,[6873.885565690778],[167.58176393668163],[0.4258169398597689],-20,0.47225383165623097
4347,0.003687406250435913,0.0,22,10000,[6873.885565690778],[167.58176393668163],[0.4258169398597689],-20,0.47225383165623097
4348,-1.3161772137888441,0.0,22,10000,[6873.885565690778],[167.58176393668163],[0.4258169398597689],-20,0.47225383165623097
4349,-0.874083906108389,0.0,22,10000,[6873.885565690778],[167.58176393668163],[0.4258169398597689],-20,0.47225383165623097
4350,-0.21917170506944672,0.0,22,10000,[6873.885565690778],[167.58176393668163],[0.4258169398597689],-20,0.47225383165623097
4351,0.8317645740640237,0.0,22,10000,[6873.885565690778],[167.58176393668163],[0.4258169398597689],-20,0.47225383165623097
4352,-0.4184782311830796,0.0,22,10000,[6873.885565690778],[167.58176393668163],[0.4258169398597689],-20,0.47225383165623097
4353,-0.31010539921199143,0.0,22,10000,[6873.885565690778],[167.58176393668163],[0.4258169398597689],-20,0.47225383165623097
4354,-0.4687513881954168,0.0,22,10000,[6873.885565690778],[167.58176393668163],[0.4258169398597689],-20,0.47225383165623097
4355,-0.4758336324041005,0.0,22,10000,[6873.885565690778],[167.58176393668163],[0.4258169398597689],-20,0.47225383165623097
4356,-0.330120906734626,0.0,22,10000,[6873.885565690778],[167.58176393668163],[0.4258169398597689],-20,0.47225383165623097
4357,-0.07119940425086782,0.0,22,10000,[6873.885565690778],[167.58176393668163],[0.4258169398597689],-20,0.47225383165623097
4358,-0.3215263968492604,0.0,22,10000,[6873.885565690778],[167.58176393668163],[0.4258169398597689],-20,0.47225383165623097
4359,-0.04466017599063284,0.0,22,10000,[6873.885565690778],[167.58176393668163],[0.4258169398597689],-20,0.47225383165623097
4360,-0.03801764960825084,0.0,22,10000,[6873.885565690778],[167.58176393668163],[0.4258169398597689],-20,0.47225383165623097
4361,-0.421093047702641,0.0,22,10000,[6873.885565690778],[167.58176393668163],[0.4258169398597689],-20,0.47225383165623097
4362,-0.3745434981556083,0.0,22,10000,[6873.885565690778],[167.58176393668163],[0.4258169398597689],-20,0.47225383165623097
4363,-0.029597379349700383,0.0,22,10000,[6873.885565690778],[167.58176393668163],[0.4258169398597689],-20,0.47225383165623097
4364,0.30157856021403956,0.0,22,10000,[6873.885565690778],[167.58176393668163],[0.4258169398597689],-20,0.47225383165623097
4365,-0.9827014201743262,0.0,22,10000,[6873.885565690778],[167.58176393668163],[0.4258169398597689],-20,0.47225383165623097
4366,-0.4673535086969786,0.0,22,10000,[6873.885565690778],[167.58176393668163],[0.4258169398597689],-20,0.47225383165623097
4367,0.21473532510107501,0.0,22,10000,[6873.885565690778],[167.58176393668163],[0.4258169398597689],-20,0.47225383165623097
4368,0.8000516590717967,0.0,22,10000,[6873.885565690778],[167.58176393668163],[0.4258169398597689],-20,0.47225383165623097
4369,0.19455176893762582,0.0,22,10000,[6873.885565690778],[167.58176393668163],[0.4258169398597689],-20,0.47225383165623097
4370,1.2151099246186945,0.0,22,10000,[6873.885565690778],[167.58176393668163],[0.4258169398597689],-20,0.47225383165623097
4371,-0.31533659815860005,0.0,22,10000,[6873.885565690778],[167.58176393668163],[0.4258169398597689],-20,0.47225383165623097
4372,-0.5007802762117073,0.0,22,10000,[6873.885565690778],[167.58176393668163],[0.4258169398597689],-20,0.47225383165623097
4373,-0.9817276417714911,0.0,22,10000,[6873.885565690778],[167.58176393668163],[0.4258169398597689],-20,0.47225383165623097
4374,0.4857311871327451,0.0,22,10000,[6873.885565690778],[167.58176393668163],[0.4258169398597689],-20,0.47225383165623097
4375,0.21449881996456463,0.0,22,10000,[6873.885565690778],[167.58176393668163],[0.4258169398597689],-20,0.47225383165623097
4376,-0.02770544639130641,0.0,22,10000,[6873.885565690778],[167.58176393668163],[0.4258169398597689],-20,0.47225383165623097
4377,-0.3860183345743898,0.0,22,10000,[6873.885565690778],[167.58176393668163],[0.4258169398597689],-20,0.47225383165623097
4378,-0.0626275186106954,0.0,22,10000,[6873.885565690778],[167.58176393668163],[0.4258169398597689],-20,0.47225383165623097
4379,-0.33494249569638607,0.0,22,10000,[6873.885565690778],[167.58176393668163],[0.4258169398597689],-20,0.47225383165623097
4380,0.9117663699210943,0.0,22,10000,[6873.885565690778],[167.58176393668163],[0.4258169398597689],-20,0.47225383165623097
4381,-0.8242575078987053,0.0,22,10000,[6873.885565690778],[167.58176393668163],[0.4258169398597689],-20,0.47225383165623097
4382,0.316568415871687,0.0,22,10000,[6873.885565690778],[167.58176393668163],[0.4258169398597689],-20,0.47225383165623097
4383,-0.7018701420307994,0.0,22,10000,[6873.885565690778],[167.58176393668163],[0.4258169398597689],-20,0.47225383165623097
4384,-0.34419100133008346,0.0,22,10000,[6873.885565690778],[167.58176393668163],[0.4258169398597689],-20,0.47225383165623097
4385,0.45239112294845607,0.0,22,10000,[6873.885565690778],[167.58176393668163],[0.4258169398597689],-20,0.47225383165623097
4386,0.7370646557219078,0.0,22,10000,[6873.885565690778],[167.58176393668163],[0.4258169398597689],-20,0.47225383165623097
4387,-0.5576850717850831,0.0,22,10000,[6873.885565690778],[167.58176393668163],[0.4258169398597689],-20,0.47225383165623097
4388,-0.5469958454665208,0.0,22,10000,[6873.885565690778],[167.58176393668163],[0.4258169398597689],-20,0.47225383165623097
4389,0.2673631390770648,0.0,22,10000,[6873.885565690778],[167.58176393668163],[0.4258169398597689],-20,0.47225383165623097
4390,0.19773738399711333,0.0,22,10000,[6873.885565690778],[167.58176393668163],[0.4258169398597689],-20,0.47225383165623097
4391,-0.49332786608530993,0.0,22,10000,[6873.885565690778],[167.58176393668163],[0.4258169398597689],-20,0.47225383165623097
4392,-0.12440001743598499,0.0,22,10000,[6873.885565690778],[167.58176393668163],[0.4258169398597689],-20,0.47225383165623097
4393,-0.19629204164705624,0.0,22,10000,[6873.885565690778],[167.58176393668163],[0.4258169398597689],-20,0.47225383165623097
4394,0.42190743002384473,0.0,22,10000,[6873.885565690778],[167.58176393668163],[0.4258169398597689],-20,0.47225383165623097
4395,-0.41991193019429524,0.0,22,10000,[6873.885565690778],[167.58176393668163],[0.4258169398597689],-20,0.47225383165623097
4396,-0.11733708234516536,0.0,22,10000,[6873.885565690778],[167.58176393668163],[0.4258169398597689],-20,0.47225383165623097
4397,0.14254839741350972,0.0,22,10000,[6873.885565690778],[167.58176393668163],[0.4258169398597689],-20,0.47225383165623097
4398,-0.1966744257114702,0.0,22,10000,[6873.885565690778],[167.58176393668163],[0.4258169398597689],-20,0.47225383165623097
4399,0.07963014276289186,0.0,22,10000,[6873.885565690778],[167.58176393668163],[0.4258169398597689],-20,0.47225383165623097
4400,-0.40835647575638345,0.0,22,10000,[6873.885565690778],[167.58176393668163],[0.4258169398597689],-20,0.47225383165623097
4401,0.24817835856482298,0.0,22,10000,[6873.885565690778],[167.58176393668163],[0.4258169398597689],-20,0.47225383165623097
4402,-0.7726037986809485,0.0,22,10000,[6873.885565690778],[167.58176393668163],[0.4258169398597689],-20,0.47225383165623097
4403,0.3478288522146585,0.0,22,10000,[6873.885565690778],[167.58176393668163],[0.4258169398597689],-20,0.47225383165623097
4404,-0.28325829263144864,0.0,22,10000,[6873.885565690778],[167.58176393668163],[0.4258169398597689],-20,0.47225383165623097
4405,0.15919525924133357,0.0,22,10000,[6873.885565690778],[167.58176393668163],[0.4258169398597689],-20,0.47225383165623097
4406,1.22005778361053,0.0,22,10000,[6873.885565690778],[167.58176393668163],[0.4258169398597689],-20,0.47225383165623097
4407,-0.3681855680372779,0.0,22,10000,[6873.885565690778],[167.58176393668163],[0.4258169398597689],-20,0.47225383165623097
4408,0.07390691627772428,0.0,22,10000,[6873.885565690778],[167.58176393668163],[0.4258169398597689],-20,0.47225383165623097
4409,0.818862647081345,0.0,22,10000,[6873.885565690778],[167.58176393668163],[0.4258169398597689],-20,0.47225383165623097
4410,-0.374237922211796,0.0,22,10000,[6873.885565690778],[167.58176393668163],[0.4258169398597689],-20,0.47225383165623097
4411,0.49232713487867696,0.0,22,10000,[6873.885565690778],[167.58176393668163],[0.4258169398597689],-20,0.47225383165623097
4412,0.31408255976668686,0.0,22,10000,[6873.885565690778],[167.58176393668163],[0.4258169398597689],-20,0.47225383165623097
4413,-0.3644931330093561,0.0,22,10000,[6873.885565690778],[167.58176393668163],[0.4258169398597689],-20,0.47225383165623097
4414,-0.4159320729051251,0.0,22,10000,[6873.885565690778],[167.58176393668163],[0.4258169398597689],-20,0.47225383165623097
4415,0.39795989350931255,0.0,22,10000,[6873.885565690778],[167.58176393668163],[0.4258169398597689],-20,0.47225383165623097
4416,0.2894144157674385,0.0,22,10000,[6873.885565690778],[167.58176393668163],[0.4258169398597689],-20,0.47225383165623097
4417,0.029876902300087643,0.0,22,10000,[6873.885565690778],[167.58176393668163],[0.4258169398597689],-20,0.47225383165623097
4418,-0.3718529260578619,0.0,22,10000,[6873.885565690778],[167.58176393668163],[0.4258169398597689],-20,0.47225383165623097
4419,0.17873618286472615,0.0,22,10000,[6873.885565690778],[167.58176393668163],[0.4258169398597689],-20,0.47225383165623097
4420,-0.07146997957301515,0.0,22,10000,[6873.885565690778],[167.58176393668163],[0.4258169398597689],-20,0.47225383165623097
4421,-0.1915829883626688,0.0,22,10000,[6873.885565690778],[167.58176393668163],[0.4258169398597689],-20,0.47225383165623097
4422,-0.08477048764678385,0.0,22,10000,[6873.885565690778],[167.58176393668163],[0.4258169398597689],-20,0.47225383165623097
4423,-0.14786508734652376,0.0,22,10000,[6873.885565690778],[167.58176393668163],[0.4258169398597689],-20,0.47225383165623097
4424,-0.001688931961916925,0.0,22,10000,[6873.885565690778],[167.58176393668163],[0.4258169398597689],-20,0.47225383165623097
4425,-0.4593232528308362,0.0,22,10000,[6873.885565690778],[167.58176393668163],[0.4258169398597689],-20,0.47225383165623097
4426,0.109490745721182,0.0,22,10000,[6873.885565690778],[167.58176393668163],[0.4258169398597689],-20,0.47225383165623097
4427,0.016474804511313338,0.0,22,10000,[6873.885565690778],[167.58176393668163],[0.4258169398597689],-20,0.47225383165623097
4428,-0.05157763106346239,0.0,22,10000,[6873.885565690778],[167.58176393668163],[0.4258169398597689],-20,0.47225383165623097
4429,-0.6115464811888307,0.0,22,10000,[6873.885565690778],[167.58176393668163],[0.4258169398597689],-20,0.47225383165623097
4430,-0.131719540046634,0.0,22,10000,[6873.885565690778],[167.58176393668163],[0.4258169398597689],-20,0.47225383165623097
4431,0.4008252042882892,0.0,22,10000,[6873.885565690778],[167.58176393668163],[0.4258169398597689],-20,0.47225383165623097
4432,-0.1681292346369796,0.0,22,10000,[6873.885565690778],[167.58176393668163],[0.4258169398597689],-20,0.47225383165623097
4433,0.32520768162100144,0.0,22,10000,[6873.885565690778],[167.58176393668163],[0.4258169398597689],-20,0.47225383165623097
4434,0.9127708990043253,0.0,22,10000,[6873.885565690778],[167.58176393668163],[0.4258169398597689],-20,0.47225383165623097
4435,-0.22521235166383455,0.0,22,10000,[6873.885565690778],[167.58176393668163],[0.4258169398597689],-20,0.47225383165623097
4436,-0.5778298269742203,0.0,22,10000,[6873.885565690778],[167.58176393668163],[0.4258169398597689],-20,0.47225383165623097
4437,-0.11397615236066436,0.0,22,10000,[6873.885565690778],[167.58176393668163],[0.4258169398597689],-20,0.47225383165623097
4438,-0.004167611590171941,0.0,22,10000,[6873.885565690778],[167.58176393668163],[0.4258169398597689],-20,0.47225383165623097
4439,-0.6279586982825736,0.0,22,10000,[6873.885565690778],[167.58176393668163],[0.4258169398597689],-20,0.47225383165623097
4440,-0.08445040276784618,0.0,22,10000,[6873.885565690778],[167.58176393668163],[0.4258169398597689],-20,0.47225383165623097
4441,0.2607614905920911,0.0,22,10000,[6873.885565690778],[167.58176393668163],[0.4258169398597689],-20,0.47225383165623097
4442,-0.0009491780498064782,0.0,22,10000,[6873.885565690778],[167.58176393668163],[0.4258169398597689],-20,0.47225383165623097
4443,0.6922043243437923,0.0,22,10000,[6873.885565690778],[167.58176393668163],[0.4258169398597689],-20,0.47225383165623097
4444,0.7570675636450138,0.0,22,10000,[6873.885565690778],[167.58176393668163],[0.4258169398597689],-20,0.47225383165623097
4445,-0.7366567984370997,0.0,22,10000,[6873.885565690778],[167.58176393668163],[0.4258169398597689],-20,0.47225383165623097
4446,1.0977272354646415,0.0,22,10000,[6873.885565690778],[167.58176393668163],[0.4258169398597689],-20,0.47225383165623097
4447,-0.12363122808560804,0.0,22,10000,[6873.885565690778],[167.58176393668163],[0.4258169398597689],-20,0.47225383165623097
4448,0.8505021801163305,0.0,22,10000,[6873.885565690778],[167.58176393668163],[0.4258169398597689],-20,0.47225383165623097
4449,0.8620680996526231,0.0,22,10000,[6873.885565690778],[167.58176393668163],[0.4258169398597689],-20,0.47225383165623097
4450,0.14795458661759853,0.0,22,10000,[6873.885565690778],[167.58176393668163],[0.4258169398597689],-20,0.47225383165623097
4451,-0.14326058311405293,0.0,22,10000,[6873.885565690778],[167.58176393668163],[0.4258169398597689],-20,0.47225383165623097
4452,0.008786142968167357,0.0,22,10000,[6873.885565690778],[167.58176393668163],[0.4258169398597689],-20,0.47225383165623097
4453,0.8726052471827078,0.0,22,10000,[6873.885565690778],[167.58176393668163],[0.4258169398597689],-20,0.47225383165623097
4454,0.38494202515233283,0.0,22,10000,[6873.885565690778],[167.58176393668163],[0.4258169398597689],-20,0.47225383165623097
4455,-0.29410290815697493,0.0,22,10000,[6873.885565690778],[167.58176393668163],[0.4258169398597689],-20,0.47225383165623097
4456,-0.37272149224439116,0.0,22,10000,[6873.885565690778],[167.58176393668163],[0.4258169398597689],-20,0.47225383165623097
4457,-0.1903820884760888,0.0,22,10000,[6873.885565690778],[167.58176393668163],[0.4258169398597689],-20,0.47225383165623097
4458,-0.61804347309069,0.0,22,10000,[6873.885565690778],[167.58176393668163],[0.4258169398597689],-20,0.47225383165623097
4459,0.7605583351716605,0.0,22,10000,[6873.885565690778],[167.58176393668163],[0.4258169398597689],-20,0.47225383165623097
4460,0.21994773739461254,0.0,22,10000,[6873.885565690778],[167.58176393668163],[0.4258169398597689],-20,0.47225383165623097
4461,0.12821474023194576,0.0,22,10000,[6873.885565690778],[167.58176393668163],[0.4258169398597689],-20,0.47225383165623097
4462,-0.05835443988136766,0.0,22,10000,[6873.885565690778],[167.58176393668163],[0.4258169398597689],-20,0.47225383165623097
4463,-0.04583739102209889,0.0,22,10000,[6873.885565690778],[167.58176393668163],[0.4258169398597689],-20,0.47225383165623097
4464,0.3506926008832791,0.0,22,10000,[6873.885565690778],[167.58176393668163],[0.4258169398597689],-20,0.47225383165623097
4465,0.6162121085020513,0.0,22,10000,[6873.885565690778],[167.58176393668163],[0.4258169398597689],-20,0.47225383165623097
4466,0.4886341180316608,0.0,22,10000,[6873.885565690778],[167.58176393668163],[0.4258169398597689],-20,0.47225383165623097
4467,0.14492414692709113,0.0,22,10000,[6873.885565690778],[167.58176393668163],[0.4258169398597689],-20,0.47225383165623097
4468,0.7902437839881556,0.0,22,10000,[6873.885565690778],[167.58176393668163],[0.4258169398597689],-20,0.47225383165623097
4469,-0.5684930543933262,0.0,22,10000,[6873.885565690778],[167.58176393668163],[0.4258169398597689],-20,0.47225383165623097
4470,0.9003741918905815,0.0,22,10000,[6873.885565690778],[167.58176393668163],[0.4258169398597689],-20,0.47225383165623097
4471,0.36008533546576166,0.0,22,10000,[6873.885565690778],[167.58176393668163],[0.4258169398597689],-20,0.47225383165623097
4472,0.7585060793666584,0.0,22,10000,[6873.885565690778],[167.58176393668163],[0.4258169398597689],-20,0.47225383165623097
4473,0.6137400161552791,0.0,22,10000,[6873.885565690778],[167.58176393668163],[0.4258169398597689],-20,0.47225383165623097
4474,0.0526423165896161,0.0,22,10000,[6873.885565690778],[167.58176393668163],[0.4258169398597689],-20,0.47225383165623097
4475,0.23539363183792705,0.0,22,10000,[6873.885565690778],[167.58176393668163],[0.4258169398597689],-20,0.47225383165623097
4476,-0.5424310398860459,0.0,22,10000,[6873.885565690778],[167.58176393668163],[0.4258169398597689],-20,0.47225383165623097
4477,-0.4746113727852307,0.0,22,10000,[6873.885565690778],[167.58176393668163],[0.4258169398597689],-20,0.47225383165623097
4478,0.15524833522310755,0.0,22,10000,[6873.885565690778],[167.58176393668163],[0.4258169398597689],-20,0.47225383165623097
4479,0.16518260786169173,0.0,22,10000,[6873.885565690778],[167.58176393668163],[0.4258169398597689],-20,0.47225383165623097
4480,0.16729552403354306,0.0,22,10000,[6873.885565690778],[167.58176393668163],[0.4258169398597689],-20,0.47225383165623097
4481,-0.3475704100122922,0.0,22,10000,[6873.885565690778],[167.58176393668163],[0.4258169398597689],-20,0.47225383165623097
4482,0.12787935640048317,0.0,22,10000,[6873.885565690778],[167.58176393668163],[0.4258169398597689],-20,0.47225383165623097
4483,-0.6941592451937852,0.0,22,10000,[6873.885565690778],[167.58176393668163],[0.4258169398597689],-20,0.47225383165623097
4484,-0.1747061928468384,0.0,22,10000,[6873.885565690778],[167.58176393668163],[0.4258169398597689],-20,0.47225383165623097
4485,0.3006850298349727,0.0,22,10000,[6873.885565690778],[167.58176393668163],[0.4258169398597689],-20,0.47225383165623097
4486,0.10663787836884439,0.0,22,10000,[6873.885565690778],[167.58176393668163],[0.4258169398597689],-20,0.47225383165623097
4487,0.8284021021222965,0.0,22,10000,[6873.885565690778],[167.58176393668163],[0.4258169398597689],-20,0.47225383165623097
4488,-0.501777822057401,0.0,22,10000,[6873.885565690778],[167.58176393668163],[0.4258169398597689],-20,0.47225383165623097
4489,0.2910912641825197,0.0,22,10000,[6873.885565690778],[167.58176393668163],[0.4258169398597689],-20,0.47225383165623097
4490,0.3672840978298501,0.0,22,10000,[6873.885565690778],[167.58176393668163],[0.4258169398597689],-20,0.47225383165623097
4491,-0.578061087595656,0.0,22,10000,[6873.885565690778],[167.58176393668163],[0.4258169398597689],-20,0.47225383165623097
4492,0.39965485307130855,0.0,22,10000,[6873.885565690778],[167.58176393668163],[0.4258169398597689],-20,0.47225383165623097
4493,0.22081532670006326,0.0,22,10000,[6873.885565690778],[167.58176393668163],[0.4258169398597689],-20,0.47225383165623097
4494,0.5624069141841063,0.0,22,10000,[6873.885565690778],[167.58176393668163],[0.4258169398597689],-20,0.47225383165623097
4495,-0.5000403850629217,0.0,22,10000,[6873.885565690778],[167.58176393668163],[0.4258169398597689],-20,0.47225383165623097
4496,0.6577990937883954,0.0,22,10000,[6873.885565690778],[167.58176393668163],[0.4258169398597689],-20,0.47225383165623097
4497,-0.6492631139368327,0.0,22,10000,[6873.885565690778],[167.58176393668163],[0.4258169398597689],-20,0.47225383165623097
4498,1.0298816475916572,0.0,22,10000,[6873.885565690778],[167.58176393668163],[0.4258169398597689],-20,0.47225383165623097
4499,-0.16389674950074287,0.0,22,10000,[6873.885565690778],[167.58176393668163],[0.4258169398597689],-20,0.47225383165623097
4500,-0.4050233213417433,0.0,22,10000,[6873.885565690778],[167.58176393668163],[0.4258169398597689],-20,0.47225383165623097
4501,-0.8042366240292007,0.0,22,10000,[6873.885565690778],[167.58176393668163],[0.4258169398597689],-20,0.47225383165623097
4502,-0.7818280693498076,0.0,22,10000,[6873.885565690778],[167.58176393668163],[0.4258169398597689],-20,0.47225383165623097
4503,0.4065497772294369,0.0,22,10000,[6873.885565690778],[167.58176393668163],[0.4258169398597689],-20,0.47225383165623097
4504,0.8982945566652225,0.0,22,10000,[6873.885565690778],[167.58176393668163],[0.4258169398597689],-20,0.47225383165623097
4505,0.9122196378013498,0.0,22,10000,[6873.885565690778],[167.58176393668163],[0.4258169398597689],-20,0.47225383165623097
4506,0.5048175743625329,0.0,22,10000,[6873.885565690778],[167.58176393668163],[0.4258169398597689],-20,0.47225383165623097
4507,-0.30756468659795133,0.0,22,10000,[6873.885565690778],[167.58176393668163],[0.4258169398597689],-20,0.47225383165623097
4508,0.08914359374168661,0.0,22,10000,[6873.885565690778],[167.58176393668163],[0.4258169398597689],-20,0.47225383165623097
4509,-0.334491266757374,0.0,22,10000,[6873.885565690778],[167.58176393668163],[0.4258169398597689],-20,0.47225383165623097
4510,0.07063489478424724,0.0,22,10000,[6873.885565690778],[167.58176393668163],[0.4258169398597689],-20,0.47225383165623097
4511,-0.10622298022509698,0.0,22,10000,[6873.885565690778],[167.58176393668163],[0.4258169398597689],-20,0.47225383165623097
4512,0.7126053687618145,0.0,22,10000,[6873.885565690778],[167.58176393668163],[0.4258169398597689],-20,0.47225383165623097
4513,0.8289775043876082,0.0,22,10000,[6873.885565690778],[167.58176393668163],[0.4258169398597689],-20,0.47225383165623097
4514,0.6889309938654812,0.0,22,10000,[6873.885565690778],[167.58176393668163],[0.4258169398597689],-20,0.47225383165623097
4515,0.5897337716837636,0.0,22,10000,[6873.885565690778],[167.58176393668163],[0.4258169398597689],-20,0.47225383165623097
4516,-0.5558646075751256,0.0,22,10000,[6873.885565690778],[167.58176393668163],[0.4258169398597689],-20,0.47225383165623097
4517,-0.15181971831697696,0.0,22,10000,[6873.885565690778],[167.58176393668163],[0.4258169398597689],-20,0.47225383165623097
4518,0.21532806744977334,0.0,22,10000,[6873.885565690778],[167.58176393668163],[0.4258169398597689],-20,0.47225383165623097
4519,-0.19782594749969537,0.0,22,10000,[6873.885565690778],[167.58176393668163],[0.4258169398597689],-20,0.47225383165623097
4520,-0.5327674348450407,0.0,22,10000,[6873.885565690778],[167.58176393668163],[0.4258169398597689],-20,0.47225383165623097
4521,0.14338925735253027,0.0,22,10000,[6873.885565690778],[167.58176393668163],[0.4258169398597689],-20,0.47225383165623097
4522,0.7731815427356464,0.0,22,10000,[6873.885565690778],[167.58176393668163],[0.4258169398597689],-20,0.47225383165623097
4523,0.16295826619224585,0.0,22,10000,[6873.885565690778],[167.58176393668163],[0.4258169398597689],-20,0.47225383165623097
4524,-0.43324796309617164,0.0,22,10000,[6873.885565690778],[167.58176393668163],[0.4258169398597689],-20,0.47225383165623097
4525,-0.18577967696705133,0.0,22,10000,[6873.885565690778],[167.58176393668163],[0.4258169398597689],-20,0.47225383165623097
4526,-0.051354457772992995,0.0,22,10000,[6873.885565690778],[167.58176393668163],[0.4258169398597689],-20,0.47225383165623097
4527,-0.5065507528927441,0.0,22,10000,[6873.885565690778],[167.58176393668163],[0.4258169398597689],-20,0.47225383165623097
4528,-0.40975600854584593,0.0,22,10000,[6873.885565690778],[167.58176393668163],[0.4258169398597689],-20,0.47225383165623097
4529,-0.5836527407506235,0.0,22,10000,[6873.885565690778],[167.58176393668163],[0.4258169398597689],-20,0.47225383165623097
4530,-0.7139265822075687,0.0,22,10000,[6873.885565690778],[167.58176393668163],[0.4258169398597689],-20,0.47225383165623097
4531,-0.018495623536518464,0.0,22,10000,[6873.885565690778],[167.58176393668163],[0.4258169398597689],-20,0.47225383165623097
4532,-0.033070983190871636,0.0,22,10000,[6873.885565690778],[167.58176393668163],[0.4258169398597689],-20,0.47225383165623097
4533,-0.6426973895094651,0.0,22,10000,[6873.885565690778],[167.58176393668163],[0.4258169398597689],-20,0.47225383165623097
4534,0.06525159187425915,0.0,22,10000,[6873.885565690778],[167.58176393668163],[0.4258169398597689],-20,0.47225383165623097
4535,0.2842546133990513,0.0,22,10000,[6873.885565690778],[167.58176393668163],[0.4258169398597689],-20,0.47225383165623097
4536,0.9281837924477815,0.0,22,10000,[6873.885565690778],[167.58176393668163],[0.4258169398597689],-20,0.47225383165623097
4537,-0.37740520459282406,0.0,22,10000,[6873.885565690778],[167.58176393668163],[0.4258169398597689],-20,0.47225383165623097
4538,0.30486091675146576,0.0,22,10000,[6873.885565690778],[167.58176393668163],[0.4258169398597689],-20,0.47225383165623097
4539,0.2360024611105783,0.0,22,10000,[6873.885565690778],[167.58176393668163],[0.4258169398597689],-20,0.47225383165623097
4540,-0.13567867391471825,0.0,22,10000,[6873.885565690778],[167.58176393668163],[0.4258169398597689],-20,0.47225383165623097
4541,0.28505914202954913,0.0,22,10000,[6873.885565690778],[167.58176393668163],[0.4258169398597689],-20,0.47225383165623097
4542,0.24590355889072216,0.0,22,10000,[6873.885565690778],[167.58176393668163],[0.4258169398597689],-20,0.47225383165623097
4543,-0.42363422285696534,0.0,22,10000,[6873.885565690778],[167.58176393668163],[0.4258169398597689],-20,0.47225383165623097
4544,0.13691042265418657,0.0,22,10000,[6873.885565690778],[167.58176393668163],[0.4258169398597689],-20,0.47225383165623097
4545,-0.02919696132966143,0.0,22,10000,[6873.885565690778],[167.58176393668163],[0.4258169398597689],-20,0.47225383165623097
4546,-0.2907305628347145,0.0,22,10000,[6873.885565690778],[167.58176393668163],[0.4258169398597689],-20,0.47225383165623097
4547,0.2754799601429524,0.0,22,10000,[6873.885565690778],[167.58176393668163],[0.4258169398597689],-20,0.47225383165623097
4548,-0.6423790783101262,0.0,22,10000,[6873.885565690778],[167.58176393668163],[0.4258169398597689],-20,0.47225383165623097
4549,0.9217661046167118,0.0,22,10000,[6873.885565690778],[167.58176393668163],[0.4258169398597689],-20,0.47225383165623097
4550,-0.7548424552781073,0.0,22,10000,[6873.885565690778],[167.58176393668163],[0.4258169398597689],-20,0.47225383165623097
4551,0.11445644066352093,0.0,22,10000,[6873.885565690778],[167.58176393668163],[0.4258169398597689],-20,0.47225383165623097
4552,-0.3681862133413876,0.0,22,10000,[6873.885565690778],[167.58176393668163],[0.4258169398597689],-20,0.47225383165623097
4553,-0.1032940025134375,0.0,22,10000,[6873.885565690778],[167.58176393668163],[0.4258169398597689],-20,0.47225383165623097
4554,0.15143371982946274,0.0,22,10000,[6873.885565690778],[167.58176393668163],[0.4258169398597689],-20,0.47225383165623097
4555,0.5045227962478495,0.0,22,10000,[6873.885565690778],[167.58176393668163],[0.4258169398597689],-20,0.47225383165623097
4556,0.29391109101566526,0.0,22,10000,[6873.885565690778],[167.58176393668163],[0.4258169398597689],-20,0.47225383165623097
4557,0.1266782802074104,0.0,22,10000,[6873.885565690778],[167.58176393668163],[0.4258169398597689],-20,0.47225383165623097
4558,-0.45298698731664944,0.0,22,10000,[6873.885565690778],[167.58176393668163],[0.4258169398597689],-20,0.47225383165623097
4559,-0.20918021779277585,0.0,22,10000,[6873.885565690778],[167.58176393668163],[0.4258169398597689],-20,0.47225383165623097
4560,0.07407148786751777,0.0,22,10000,[6873.885565690778],[167.58176393668163],[0.4258169398597689],-20,0.47225383165623097
4561,-0.12946214630113492,0.0,22,10000,[6873.885565690778],[167.58176393668163],[0.4258169398597689],-20,0.47225383165623097
4562,-0.038297235123006486,0.0,22,10000,[6873.885565690778],[167.58176393668163],[0.4258169398597689],-20,0.47225383165623097
4563,0.7249338366093764,0.0,22,10000,[6873.885565690778],[167.58176393668163],[0.4258169398597689],-20,0.47225383165623097
4564,0.988404134925527,0.0,22,10000,[6873.885565690778],[167.58176393668163],[0.4258169398597689],-20,0.47225383165623097
4565,0.6717818729483673,0.0,22,10000,[6873.885565690778],[167.58176393668163],[0.4258169398597689],-20,0.47225383165623097
4566,0.13091530625617517,0.0,22,10000,[6873.885565690778],[167.58176393668163],[0.4258169398597689],-20,0.47225383165623097
4567,0.6237644608377926,0.0,22,10000,[6873.885565690778],[167.58176393668163],[0.4258169398597689],-20,0.47225383165623097
4568,-0.6715271946950326,0.0,22,10000,[6873.885565690778],[167.58176393668163],[0.4258169398597689],-20,0.47225383165623097
4569,-0.030651258117944214,0.0,22,10000,[6873.885565690778],[167.58176393668163],[0.4258169398597689],-20,0.47225383165623097
4570,0.6525312884515012,0.0,22,10000,[6873.885565690778],[167.58176393668163],[0.4258169398597689],-20,0.47225383165623097
4571,0.8636212123258661,0.0,22,10000,[6873.885565690778],[167.58176393668163],[0.4258169398597689],-20,0.47225383165623097
4572,0.09251135761894314,0.0,22,10000,[6873.885565690778],[167.58176393668163],[0.4258169398597689],-20,0.47225383165623097
4573,0.986980873908812,0.0,22,10000,[6873.885565690778],[167.58176393668163],[0.4258169398597689],-20,0.47225383165623097
4574,0.3317207456638219,0.0,22,10000,[6873.885565690778],[167.58176393668163],[0.4258169398597689],-20,0.47225383165623097
4575,-0.7415619075909734,0.0,22,10000,[6873.885565690778],[167.58176393668163],[0.4258169398597689],-20,0.47225383165623097
4576,0.1536367461792069,0.0,22,10000,[6873.885565690778],[167.58176393668163],[0.4258169398597689],-20,0.47225383165623097
4577,-0.9901168399317387,0.0,22,10000,[6873.885565690778],[167.58176393668163],[0.4258169398597689],-20,0.47225383165623097
4578,-0.5216923985032778,0.0,22,10000,[6873.885565690778],[167.58176393668163],[0.4258169398597689],-20,0.47225383165623097
4579,-0.7061881327538961,0.0,22,10000,[6873.885565690778],[167.58176393668163],[0.4258169398597689],-20,0.47225383165623097
4580,0.07706955638646987,0.0,22,10000,[6873.885565690778],[167.58176393668163],[0.4258169398597689],-20,0.47225383165623097
4581,-0.834836602579715,0.0,22,10000,[6873.885565690778],[167.58176393668163],[0.4258169398597689],-20,0.47225383165623097
4582,-0.15123629089371254,0.0,22,10000,[6873.885565690778],[167.58176393668163],[0.4258169398597689],-20,0.47225383165623097
4583,-0.5928806636711841,0.0,22,10000,[6873.885565690778],[167.58176393668163],[0.4258169398597689],-20,0.47225383165623097
4584,0.7984024030960591,0.0,22,10000,[6873.885565690778],[167.58176393668163],[0.4258169398597689],-20,0.47225383165623097
4585,0.32085704624842776,0.0,22,10000,[6873.885565690778],[167.58176393668163],[0.4258169398597689],-20,0.47225383165623097
4586,-0.7495980226052189,0.0,22,10000,[6873.885565690778],[167.58176393668163],[0.4258169398597689],-20,0.47225383165623097
4587,-0.3599888794358399,0.0,22,10000,[6873.885565690778],[167.58176393668163],[0.4258169398597689],-20,0.47225383165623097
4588,0.03634909060788798,0.0,22,10000,[6873.885565690778],[167.58176393668163],[0.4258169398597689],-20,0.47225383165623097
4589,0.3963351297986931,0.0,22,10000,[6873.885565690778],[167.58176393668163],[0.4258169398597689],-20,0.47225383165623097
4590,-0.15422709007101149,0.0,22,10000,[6873.885565690778],[167.58176393668163],[0.4258169398597689],-20,0.47225383165623097
4591,0.041337617760798334,0.0,22,10000,[6873.885565690778],[167.58176393668163],[0.4258169398597689],-20,0.47225383165623097
4592,-0.7732487095155728,0.0,22,10000,[6873.885565690778],[167.58176393668163],[0.4258169398597689],-20,0.47225383165623097
4593,-0.3668824824609414,0.0,22,10000,[6873.885565690778],[167.58176393668163],[0.4258169398597689],-20,0.47225383165623097
4594,0.5136726630805992,0.0,22,10000,[6873.885565690778],[167.58176393668163],[0.4258169398597689],-20,0.47225383165623097
4595,-0.739934389894893,0.0,22,10000,[6873.885565690778],[167.58176393668163],[0.4258169398597689],-20,0.47225383165623097
4596,-0.26462000375766215,0.0,22,10000,[6873.885565690778],[167.58176393668163],[0.4258169398597689],-20,0.47225383165623097
4597,-0.29751842107092935,0.0,22,10000,[6873.885565690778],[167.58176393668163],[0.4258169398597689],-20,0.47225383165623097
4598,0.25023866819783747,0.0,22,10000,[6873.885565690778],[167.58176393668163],[0.4258169398597689],-20,0.47225383165623097
4599,0.11156284455460547,0.0,22,10000,[6873.885565690778],[167.58176393668163],[0.4258169398597689],-20,0.47225383165623097
4600,-0.5653242025934708,0.0,22,10000,[6873.885565690778],[167.58176393668163],[0.4258169398597689],-20,0.47225383165623097
4601,-1.266294626771409,0.0,22,10000,[6873.885565690778],[167.58176393668163],[0.4258169398597689],-20,0.47225383165623097
4602,-1.1401847045151192,0.0,22,10000,[6873.885565690778],[167.58176393668163],[0.4258169398597689],-20,0.47225383165623097
4603,0.3807388006565139,0.0,22,10000,[6873.885565690778],[167.58176393668163],[0.4258169398597689],-20,0.47225383165623097
4604,0.5048876976079,0.0,22,10000,[6873.885565690778],[167.58176393668163],[0.4258169398597689],-20,0.47225383165623097
4605,-0.2968915531924329,0.0,22,10000,[6873.885565690778],[167.58176393668163],[0.4258169398597689],-20,0.47225383165623097
4606,0.4679800991707353,0.0,22,10000,[6873.885565690778],[167.58176393668163],[0.4258169398597689],-20,0.47225383165623097
4607,1.0048951969302164,0.0,22,10000,[6873.885565690778],[167.58176393668163],[0.4258169398597689],-20,0.47225383165623097
4608,0.04652745914778519,0.0,22,10000,[6873.885565690778],[167.58176393668163],[0.4258169398597689],-20,0.47225383165623097
4609,0.7301345956364266,0.0,22,10000,[6873.885565690778],[167.58176393668163],[0.4258169398597689],-20,0.47225383165623097
4610,0.06745373057432338,0.0,22,10000,[6873.885565690778],[167.58176393668163],[0.4258169398597689],-20,0.47225383165623097
4611,0.6231131673043574,0.0,22,10000,[6873.885565690778],[167.58176393668163],[0.4258169398597689],-20,0.47225383165623097
4612,0.2827294956345966,0.0,22,10000,[6873.885565690778],[167.58176393668163],[0.4258169398597689],-20,0.47225383165623097
4613,0.38224493591280334,0.0,22,10000,[6873.885565690778],[167.58176393668163],[0.4258169398597689],-20,0.47225383165623097
4614,-0.8602337968156399,0.0,22,10000,[6873.885565690778],[167.58176393668163],[0.4258169398597689],-20,0.47225383165623097
4615,-0.080898758147135,0.0,22,10000,[6873.885565690778],[167.58176393668163],[0.4258169398597689],-20,0.47225383165623097
4616,-0.2138054709052493,0.0,22,10000,[6873.885565690778],[167.58176393668163],[0.4258169398597689],-20,0.47225383165623097
4617,-0.01078963588587656,0.0,22,10000,[6873.885565690778],[167.58176393668163],[0.4258169398597689],-20,0.47225383165623097
4618,-0.34520445624109186,0.0,22,10000,[6873.885565690778],[167.58176393668163],[0.4258169398597689],-20,0.47225383165623097
4619,-0.3539815375972922,0.0,22,10000,[6873.885565690778],[167.58176393668163],[0.4258169398597689],-20,0.47225383165623097
4620,0.7604287761298827,0.0,22,10000,[6873.885565690778],[167.58176393668163],[0.4258169398597689],-20,0.47225383165623097
4621,0.3443364023386833,0.0,22,10000,[6873.885565690778],[167.58176393668163],[0.4258169398597689],-20,0.47225383165623097
4622,0.5100370883748668,0.0,22,10000,[6873.885565690778],[167.58176393668163],[0.4258169398597689],-20,0.47225383165623097
4623,-0.5472866988381101,0.0,22,10000,[6873.885565690778],[167.58176393668163],[0.4258169398597689],-20,0.47225383165623097
4624,-0.008978050076643599,0.0,22,10000,[6873.885565690778],[167.58176393668163],[0.4258169398597689],-20,0.47225383165623097
4625,0.23890474406302714,0.0,22,10000,[6873.885565690778],[167.58176393668163],[0.4258169398597689],-20,0.47225383165623097
4626,-0.899840849609832,0.0,22,10000,[6873.885565690778],[167.58176393668163],[0.4258169398597689],-20,0.47225383165623097
4627,0.4606547869488722,0.0,22,10000,[6873.885565690778],[167.58176393668163],[0.4258169398597689],-20,0.47225383165623097
4628,-0.19357792603837892,0.0,22,10000,[6873.885565690778],[167.58176393668163],[0.4258169398597689],-20,0.47225383165623097
4629,0.1339372065332195,0.0,22,10000,[6873.885565690778],[167.58176393668163],[0.4258169398597689],-20,0.47225383165623097
4630,0.2676697829448568,0.0,22,10000,[6873.885565690778],[167.58176393668163],[0.4258169398597689],-20,0.47225383165623097
4631,-0.531239599483957,0.0,22,10000,[6873.885565690778],[167.58176393668163],[0.4258169398597689],-20,0.47225383165623097
4632,-0.3216298064328119,0.0,22,10000,[6873.885565690778],[167.58176393668163],[0.4258169398597689],-20,0.47225383165623097
4633,0.03765667370977647,0.0,22,10000,[6873.885565690778],[167.58176393668163],[0.4258169398597689],-20,0.47225383165623097
4634,0.03600264553067432,0.0,22,10000,[6873.885565690778],[167.58176393668163],[0.4258169398597689],-20,0.47225383165623097
4635,0.25274640275129584,0.0,22,10000,[6873.885565690778],[167.58176393668163],[0.4258169398597689],-20,0.47225383165623097
4636,0.015603838112713108,0.0,22,10000,[6873.885565690778],[167.58176393668163],[0.4258169398597689],-20,0.47225383165623097
4637,-0.045270783640636074,0.0,22,10000,[6873.885565690778],[167.58176393668163],[0.4258169398597689],-20,0.47225383165623097
4638,0.9033117350959767,0.0,22,10000,[6873.885565690778],[167.58176393668163],[0.4258169398597689],-20,0.47225383165623097
4639,-0.3484119845499777,0.0,22,10000,[6873.885565690778],[167.58176393668163],[0.4258169398597689],-20,0.47225383165623097
4640,0.3850191971385359,0.0,22,10000,[6873.885565690778],[167.58176393668163],[0.4258169398597689],-20,0.47225383165623097
4641,0.1208952142350562,0.0,22,10000,[6873.885565690778],[167.58176393668163],[0.4258169398597689],-20,0.47225383165623097
4642,-0.5281106556602212,0.0,22,10000,[6873.885565690778],[167.58176393668163],[0.4258169398597689],-20,0.47225383165623097
4643,0.9458036922829709,0.0,22,10000,[6873.885565690778],[167.58176393668163],[0.4258169398597689],-20,0.47225383165623097
4644,0.25145389527165213,0.0,22,10000,[6873.885565690778],[167.58176393668163],[0.4258169398597689],-20,0.47225383165623097
4645,0.3534094319341421,0.0,22,10000,[6873.885565690778],[167.58176393668163],[0.4258169398597689],-20,0.47225383165623097
4646,-0.17522380451109462,0.0,22,10000,[6873.885565690778],[167.58176393668163],[0.4258169398597689],-20,0.47225383165623097
4647,0.32653429765546527,0.0,22,10000,[6873.885565690778],[167.58176393668163],[0.4258169398597689],-20,0.47225383165623097
4648,0.5038661638837608,0.0,22,10000,[6873.885565690778],[167.58176393668163],[0.4258169398597689],-20,0.47225383165623097
4649,-0.06759829929846538,0.0,22,10000,[6873.885565690778],[167.58176393668163],[0.4258169398597689],-20,0.47225383165623097
4650,0.5526695664858422,0.0,22,10000,[6873.885565690778],[167.58176393668163],[0.4258169398597689],-20,0.47225383165623097
4651,0.312020421980851,0.0,22,10000,[6873.885565690778],[167.58176393668163],[0.4258169398597689],-20,0.47225383165623097
4652,0.5123794720603622,0.0,22,10000,[6873.885565690778],[167.58176393668163],[0.4258169398597689],-20,0.47225383165623097
4653,0.371159989599602,0.0,22,10000,[6873.885565690778],[167.58176393668163],[0.4258169398597689],-20,0.47225383165623097
4654,-0.03374700485799568,0.0,22,10000,[6873.885565690778],[167.58176393668163],[0.4258169398597689],-20,0.47225383165623097
4655,-0.21701051668871874,0.0,22,10000,[6873.885565690778],[167.58176393668163],[0.4258169398597689],-20,0.47225383165623097
4656,0.06574310538828444,0.0,22,10000,[6873.885565690778],[167.58176393668163],[0.4258169398597689],-20,0.47225383165623097
4657,0.1867952072166958,0.0,22,10000,[6873.885565690778],[167.58176393668163],[0.4258169398597689],-20,0.47225383165623097
4658,0.7009989244925174,0.0,22,10000,[6873.885565690778],[167.58176393668163],[0.4258169398597689],-20,0.47225383165623097
4659,0.20767398952832353,0.0,22,10000,[6873.885565690778],[167.58176393668163],[0.4258169398597689],-20,0.47225383165623097
4660,1.3306938361635814,0.0,22,10000,[6873.885565690778],[167.58176393668163],[0.4258169398597689],-20,0.47225383165623097
4661,-0.5517353204765624,0.0,22,10000,[6873.885565690778],[167.58176393668163],[0.4258169398597689],-20,0.47225383165623097
4662,-0.15599671905597565,0.0,22,10000,[6873.885565690778],[167.58176393668163],[0.4258169398597689],-20,0.47225383165623097
4663,0.1132573597642079,0.0,22,10000,[6873.885565690778],[167.58176393668163],[0.4258169398597689],-20,0.47225383165623097
4664,-0.507709634050632,0.0,22,10000,[6873.885565690778],[167.58176393668163],[0.4258169398597689],-20,0.47225383165623097
4665,1.235252970340106,0.0,22,10000,[6873.885565690778],[167.58176393668163],[0.4258169398597689],-20,0.47225383165623097
4666,-0.5375050151226962,0.0,22,10000,[6873.885565690778],[167.58176393668163],[0.4258169398597689],-20,0.47225383165623097
4667,-0.7357002160833448,0.0,22,10000,[6873.885565690778],[167.58176393668163],[0.4258169398597689],-20,0.47225383165623097
4668,0.17221658432314993,0.0,22,10000,[6873.885565690778],[167.58176393668163],[0.4258169398597689],-20,0.47225383165623097
4669,-0.7398495506582627,0.0,22,10000,[6873.885565690778],[167.58176393668163],[0.4258169398597689],-20,0.47225383165623097
4670,0.08222489002636449,0.0,22,10000,[6873.885565690778],[167.58176393668163],[0.4258169398597689],-20,0.47225383165623097
4671,0.6705635040643361,0.0,22,10000,[6873.885565690778],[167.58176393668163],[0.4258169398597689],-20,0.47225383165623097
4672,-0.6828418697779978,0.0,22,10000,[6873.885565690778],[167.58176393668163],[0.4258169398597689],-20,0.47225383165623097
4673,-0.010037142085035804,0.0,22,10000,[6873.885565690778],[167.58176393668163],[0.4258169398597689],-20,0.47225383165623097
4674,0.48977047221959263,0.0,22,10000,[6873.885565690778],[167.58176393668163],[0.4258169398597689],-20,0.47225383165623097
4675,0.6350405674476464,0.0,22,10000,[6873.885565690778],[167.58176393668163],[0.4258169398597689],-20,0.47225383165623097
4676,-0.7905036624412739,0.0,22,10000,[6873.885565690778],[167.58176393668163],[0.4258169398597689],-20,0.47225383165623097
4677,-0.586242756881244,0.0,22,10000,[6873.885565690778],[167.58176393668163],[0.4258169398597689],-20,0.47225383165623097
4678,0.5362930113809157,0.0,22,10000,[6873.885565690778],[167.58176393668163],[0.4258169398597689],-20,0.47225383165623097
4679,-0.6827588742412538,0.0,22,10000,[6873.885565690778],[167.58176393668163],[0.4258169398597689],-20,0.47225383165623097
4680,0.14867038542474276,0.0,22,10000,[6873.885565690778],[167.58176393668163],[0.4258169398597689],-20,0.47225383165623097
4681,-0.5064801215776276,0.0,22,10000,[6873.885565690778],[167.58176393668163],[0.4258169398597689],-20,0.47225383165623097
4682,0.2066819759462226,0.0,22,10000,[6873.885565690778],[167.58176393668163],[0.4258169398597689],-20,0.47225383165623097
4683,0.46824270354110537,0.0,22,10000,[6873.885565690778],[167.58176393668163],[0.4258169398597689],-20,0.47225383165623097
4684,-0.09961606306570431,0.0,22,10000,[6873.885565690778],[167.58176393668163],[0.4258169398597689],-20,0.47225383165623097
4685,-1.1533936642762004,0.0,22,10000,[6873.885565690778],[167.58176393668163],[0.4258169398597689],-20,0.47225383165623097
4686,-0.623249817553228,0.0,22,10000,[6873.885565690778],[167.58176393668163],[0.4258169398597689],-20,0.47225383165623097
4687,-0.9958802673955597,0.0,22,10000,[6873.885565690778],[167.58176393668163],[0.4258169398597689],-20,0.47225383165623097
4688,-0.20026896371923408,0.0,22,10000,[6873.885565690778],[167.58176393668163],[0.4258169398597689],-20,0.47225383165623097
4689,0.8468386910241853,0.0,22,10000,[6873.885565690778],[167.58176393668163],[0.4258169398597689],-20,0.47225383165623097
4690,0.12129785149812083,0.0,22,10000,[6873.885565690778],[167.58176393668163],[0.4258169398597689],-20,0.47225383165623097
4691,-0.646106952695724,0.0,22,10000,[6873.885565690778],[167.58176393668163],[0.4258169398597689],-20,0.47225383165623097
4692,0.324728058837716,0.0,22,10000,[6873.885565690778],[167.58176393668163],[0.4258169398597689],-20,0.47225383165623097
4693,0.004953286469495148,0.0,22,10000,[6873.885565690778],[167.58176393668163],[0.4258169398597689],-20,0.47225383165623097
4694,0.7003295391845882,0.0,22,10000,[6873.885565690778],[167.58176393668163],[0.4258169398597689],-20,0.47225383165623097
4695,-0.6041911308474752,0.0,22,10000,[6873.885565690778],[167.58176393668163],[0.4258169398597689],-20,0.47225383165623097
4696,-0.39996027841819165,0.0,22,10000,[6873.885565690778],[167.58176393668163],[0.4258169398597689],-20,0.47225383165623097
4697,-0.028766582820665455,0.0,22,10000,[6873.885565690778],[167.58176393668163],[0.4258169398597689],-20,0.47225383165623097
4698,0.1699008923871025,0.0,22,10000,[6873.885565690778],[167.58176393668163],[0.4258169398597689],-20,0.47225383165623097
4699,-0.3481127714102237,0.0,22,10000,[6873.885565690778],[167.58176393668163],[0.4258169398597689],-20,0.47225383165623097
4700,-0.4519692193797509,0.0,22,10000,[6873.885565690778],[167.58176393668163],[0.4258169398597689],-20,0.47225383165623097
4701,0.10081809895146679,0.0,22,10000,[6873.885565690778],[167.58176393668163],[0.4258169398597689],-20,0.47225383165623097
4702,0.6820046574122353,0.0,22,10000,[6873.885565690778],[167.58176393668163],[0.4258169398597689],-20,0.47225383165623097
4703,0.643326078080286,0.0,22,10000,[6873.885565690778],[167.58176393668163],[0.4258169398597689],-20,0.47225383165623097
4704,-0.3720130595862543,0.0,22,10000,[6873.885565690778],[167.58176393668163],[0.4258169398597689],-20,0.47225383165623097
4705,0.22029164600857054,0.0,22,10000,[6873.885565690778],[167.58176393668163],[0.4258169398597689],-20,0.47225383165623097
4706,-0.30712408246955814,0.0,22,10000,[6873.885565690778],[167.58176393668163],[0.4258169398597689],-20,0.47225383165623097
4707,-0.1296294437156866,0.0,22,10000,[6873.885565690778],[167.58176393668163],[0.4258169398597689],-20,0.47225383165623097
4708,0.24378222143754816,0.0,22,10000,[6873.885565690778],[167.58176393668163],[0.4258169398597689],-20,0.47225383165623097
4709,-0.12402189714531528,0.0,22,10000,[6873.885565690778],[167.58176393668163],[0.4258169398597689],-20,0.47225383165623097
4710,0.32208143041901344,0.0,22,10000,[6873.885565690778],[167.58176393668163],[0.4258169398597689],-20,0.47225383165623097
4711,0.13596949846615333,0.0,22,10000,[6873.885565690778],[167.58176393668163],[0.4258169398597689],-20,0.47225383165623097
4712,-0.9683367311434865,0.0,22,10000,[6873.885565690778],[167.58176393668163],[0.4258169398597689],-20,0.47225383165623097
4713,0.6296997246588837,0.0,22,10000,[6873.885565690778],[167.58176393668163],[0.4258169398597689],-20,0.47225383165623097
4714,0.6116944587742917,0.0,22,10000,[6873.885565690778],[167.58176393668163],[0.4258169398597689],-20,0.47225383165623097
4715,-0.03981717271113811,0.0,22,10000,[6873.885565690778],[167.58176393668163],[0.4258169398597689],-20,0.47225383165623097
4716,-0.421638365116238,0.0,22,10000,[6873.885565690778],[167.58176393668163],[0.4258169398597689],-20,0.47225383165623097
4717,0.522626493376057,0.0,22,10000,[6873.885565690778],[167.58176393668163],[0.4258169398597689],-20,0.47225383165623097
4718,-0.6376004532842292,0.0,22,10000,[6873.885565690778],[167.58176393668163],[0.4258169398597689],-20,0.47225383165623097
4719,-0.28949115369398704,0.0,22,10000,[6873.885565690778],[167.58176393668163],[0.4258169398597689],-20,0.47225383165623097
4720,0.6013818470840809,0.0,22,10000,[6873.885565690778],[167.58176393668163],[0.4258169398597689],-20,0.47225383165623097
4721,0.5791440193733752,0.0,22,10000,[6873.885565690778],[167.58176393668163],[0.4258169398597689],-20,0.47225383165623097
4722,0.024476347608819,0.0,22,10000,[6873.885565690778],[167.58176393668163],[0.4258169398597689],-20,0.47225383165623097
4723,-0.02872907373281317,0.0,22,10000,[6873.885565690778],[167.58176393668163],[0.4258169398597689],-20,0.47225383165623097
4724,-0.12114026044654261,0.0,22,10000,[6873.885565690778],[167.58176393668163],[0.4258169398597689],-20,0.47225383165623097
4725,-0.34052833715616804,0.0,22,10000,[6873.885565690778],[167.58176393668163],[0.4258169398597689],-20,0.47225383165623097
4726,-0.4937237806282574,0.0,22,10000,[6873.885565690778],[167.58176393668163],[0.4258169398597689],-20,0.47225383165623097
4727,-0.3397463749720244,0.0,22,10000,[6873.885565690778],[167.58176393668163],[0.4258169398597689],-20,0.47225383165623097
4728,-0.17248235682380333,0.0,22,10000,[6873.885565690778],[167.58176393668163],[0.4258169398597689],-20,0.47225383165623097
4729,-0.6813996371172437,0.0,22,10000,[6873.885565690778],[167.58176393668163],[0.4258169398597689],-20,0.47225383165623097
4730,0.4464648140164148,0.0,22,10000,[6873.885565690778],[167.58176393668163],[0.4258169398597689],-20,0.47225383165623097
4731,-0.3154577930991749,0.0,22,10000,[6873.885565690778],[167.58176393668163],[0.4258169398597689],-20,0.47225383165623097
4732,-0.075780916422498,0.0,22,10000,[6873.885565690778],[167.58176393668163],[0.4258169398597689],-20,0.47225383165623097
4733,0.6745993587571013,0.0,22,10000,[6873.885565690778],[167.58176393668163],[0.4258169398597689],-20,0.47225383165623097
4734,0.9441698832181935,0.0,22,10000,[6873.885565690778],[167.58176393668163],[0.4258169398597689],-20,0.47225383165623097
4735,0.34514378254171263,0.0,22,10000,[6873.885565690778],[167.58176393668163],[0.4258169398597689],-20,0.47225383165623097
4736,-0.6900724077998656,0.0,22,10000,[6873.885565690778],[167.58176393668163],[0.4258169398597689],-20,0.47225383165623097
4737,-0.03564030505554296,0.0,22,10000,[6873.885565690778],[167.58176393668163],[0.4258169398597689],-20,0.47225383165623097
4738,0.003742053270914802,0.0,22,10000,[6873.885565690778],[167.58176393668163],[0.4258169398597689],-20,0.47225383165623097
4739,-0.37807293672934544,0.0,22,10000,[6873.885565690778],[167.58176393668163],[0.4258169398597689],-20,0.47225383165623097
4740,-0.07272836615213805,0.0,22,10000,[6873.885565690778],[167.58176393668163],[0.4258169398597689],-20,0.47225383165623097
4741,0.09745823640867339,0.0,22,10000,[6873.885565690778],[167.58176393668163],[0.4258169398597689],-20,0.47225383165623097
4742,0.04352764849181045,0.0,22,10000,[6873.885565690778],[167.58176393668163],[0.4258169398597689],-20,0.47225383165623097
4743,-0.7349603204370018,0.0,22,10000,[6873.885565690778],[167.58176393668163],[0.4258169398597689],-20,0.47225383165623097
4744,0.535910938201779,0.0,22,10000,[6873.885565690778],[167.58176393668163],[0.4258169398597689],-20,0.47225383165623097
4745,-0.8196937931254558,0.0,22,10000,[6873.885565690778],[167.58176393668163],[0.4258169398597689],-20,0.47225383165623097
4746,-0.2420426788762673,0.0,22,10000,[6873.885565690778],[167.58176393668163],[0.4258169398597689],-20,0.47225383165623097
4747,0.4738448728524126,0.0,22,10000,[6873.885565690778],[167.58176393668163],[0.4258169398597689],-20,0.47225383165623097
4748,-0.10994325126535273,0.0,22,10000,[6873.885565690778],[167.58176393668163],[0.4258169398597689],-20,0.47225383165623097
4749,-0.23383332869517354,0.0,22,10000,[6873.885565690778],[167.58176393668163],[0.4258169398597689],-20,0.47225383165623097
4750,0.5608692566138489,0.0,22,10000,[6873.885565690778],[167.58176393668163],[0.4258169398597689],-20,0.47225383165623097
4751,-0.2837148729348615,0.0,22,10000,[6873.885565690778],[167.58176393668163],[0.4258169398597689],-20,0.47225383165623097
4752,0.24901673849724879,0.0,22,10000,[6873.885565690778],[167.58176393668163],[0.4258169398597689],-20,0.47225383165623097
4753,-0.12136956423138881,0.0,22,10000,[6873.885565690778],[167.58176393668163],[0.4258169398597689],-20,0.47225383165623097
4754,0.40147415948837756,0.0,22,10000,[6873.885565690778],[167.58176393668163],[0.4258169398597689],-20,0.47225383165623097
4755,-0.14249174269749135,0.0,22,10000,[6873.885565690778],[167.58176393668163],[0.4258169398597689],-20,0.47225383165623097
4756,-0.6125259914517837,0.0,22,10000,[6873.885565690778],[167.58176393668163],[0.4258169398597689],-20,0.47225383165623097
4757,-0.17235046675148855,0.0,22,10000,[6873.885565690778],[167.58176393668163],[0.4258169398597689],-20,0.47225383165623097
4758,1.0707964760717295,0.0,22,10000,[6873.885565690778],[167.58176393668163],[0.4258169398597689],-20,0.47225383165623097
4759,0.426029229156108,0.0,22,10000,[6873.885565690778],[167.58176393668163],[0.4258169398597689],-20,0.47225383165623097
4760,0.5979493220508229,0.0,22,10000,[6873.885565690778],[167.58176393668163],[0.4258169398597689],-20,0.47225383165623097
4761,-0.09131297624080638,0.0,22,10000,[6873.885565690778],[167.58176393668163],[0.4258169398597689],-20,0.47225383165623097
4762,0.12166505608470878,0.0,22,10000,[6873.885565690778],[167.58176393668163],[0.4258169398597689],-20,0.47225383165623097
4763,-0.23260296693236562,0.0,22,10000,[6873.885565690778],[167.58176393668163],[0.4258169398597689],-20,0.47225383165623097
4764,0.987149156476351,0.0,22,10000,[6873.885565690778],[167.58176393668163],[0.4258169398597689],-20,0.47225383165623097
4765,0.06101467487199576,0.0,22,10000,[6873.885565690778],[167.58176393668163],[0.4258169398597689],-20,0.47225383165623097
4766,-0.2743092857267587,0.0,22,10000,[6873.885565690778],[167.58176393668163],[0.4258169398597689],-20,0.47225383165623097
4767,-0.06917079771517252,0.0,22,10000,[6873.885565690778],[167.58176393668163],[0.4258169398597689],-20,0.47225383165623097
4768,0.16508417108043194,0.0,22,10000,[6873.885565690778],[167.58176393668163],[0.4258169398597689],-20,0.47225383165623097
4769,0.13779513778095653,0.0,22,10000,[6873.885565690778],[167.58176393668163],[0.4258169398597689],-20,0.47225383165623097
4770,0.1544346163220597,0.0,22,10000,[6873.885565690778],[167.58176393668163],[0.4258169398597689],-20,0.47225383165623097
4771,-0.35244377514644937,0.0,22,10000,[6873.885565690778],[167.58176393668163],[0.4258169398597689],-20,0.47225383165623097
4772,-0.377765319097892,0.0,22,10000,[6873.885565690778],[167.58176393668163],[0.4258169398597689],-20,0.47225383165623097
4773,-0.5621189668121501,0.0,22,10000,[6873.885565690778],[167.58176393668163],[0.4258169398597689],-20,0.47225383165623097
4774,0.44580309259474415,0.0,22,10000,[6873.885565690778],[167.58176393668163],[0.4258169398597689],-20,0.47225383165623097
4775,0.4507879498289236,0.0,22,10000,[6873.885565690778],[167.58176393668163],[0.4258169398597689],-20,0.47225383165623097
4776,-0.26987838058374913,0.0,22,10000,[6873.885565690778],[167.58176393668163],[0.4258169398597689],-20,0.47225383165623097
4777,-0.8196443909017597,0.0,22,10000,[6873.885565690778],[167.58176393668163],[0.4258169398597689],-20,0.47225383165623097
4778,0.025268755415368806,0.0,22,10000,[6873.885565690778],[167.58176393668163],[0.4258169398597689],-20,0.47225383165623097
4779,0.26075803786995555,0.0,22,10000,[6873.885565690778],[167.58176393668163],[0.4258169398597689],-20,0.47225383165623097
4780,0.05084753598211696,0.0,22,10000,[6873.885565690778],[167.58176393668163],[0.4258169398597689],-20,0.47225383165623097
4781,0.43063852051281326,0.0,22,10000,[6873.885565690778],[167.58176393668163],[0.4258169398597689],-20,0.47225383165623097
4782,0.6037515756922726,0.0,22,10000,[6873.885565690778],[167.58176393668163],[0.4258169398597689],-20,0.47225383165623097
4783,-0.12933067630023964,0.0,22,10000,[6873.885565690778],[167.58176393668163],[0.4258169398597689],-20,0.47225383165623097
4784,0.6502841176156172,0.0,22,10000,[6873.885565690778],[167.58176393668163],[0.4258169398597689],-20,0.47225383165623097
4785,0.1604392120290557,0.0,22,10000,[6873.885565690778],[167.58176393668163],[0.4258169398597689],-20,0.47225383165623097
4786,0.5601828400753709,0.0,22,10000,[6873.885565690778],[167.58176393668163],[0.4258169398597689],-20,0.47225383165623097
4787,0.08477919354649086,0.0,22,10000,[6873.885565690778],[167.58176393668163],[0.4258169398597689],-20,0.47225383165623097
4788,-0.20804115048567495,0.0,22,10000,[6873.885565690778],[167.58176393668163],[0.4258169398597689],-20,0.47225383165623097
4789,-0.09079650041078062,0.0,22,10000,[6873.885565690778],[167.58176393668163],[0.4258169398597689],-20,0.47225383165623097
4790,-0.05503514513637341,0.0,22,10000,[6873.885565690778],[167.58176393668163],[0.4258169398597689],-20,0.47225383165623097
4791,0.08393867660056495,0.0,22,10000,[6873.885565690778],[167.58176393668163],[0.4258169398597689],-20,0.47225383165623097
4792,0.01922417789851545,0.0,22,10000,[6873.885565690778],[167.58176393668163],[0.4258169398597689],-20,0.47225383165623097
4793,0.14837235277783145,0.0,22,10000,[6873.885565690778],[167.58176393668163],[0.4258169398597689],-20,0.47225383165623097
4794,0.47522064262940483,0.0,22,10000,[6873.885565690778],[167.58176393668163],[0.4258169398597689],-20,0.47225383165623097
4795,0.6263262894527477,0.0,22,10000,[6873.885565690778],[167.58176393668163],[0.4258169398597689],-20,0.47225383165623097
4796,0.5266679246914687,0.0,22,10000,[6873.885565690778],[167.58176393668163],[0.4258169398597689],-20,0.47225383165623097
4797,0.3750648846709031,0.0,22,10000,[6873.885565690778],[167.58176393668163],[0.4258169398597689],-20,0.47225383165623097
4798,-0.08294733375645887,0.0,22,10000,[6873.885565690778],[167.58176393668163],[0.4258169398597689],-20,0.47225383165623097
4799,0.5170271012522607,0.0,22,10000,[6873.885565690778],[167.58176393668163],[0.4258169398597689],-20,0.47225383165623097
4800,-0.28403881273546466,0.0,22,10000,[6873.885565690778],[167.58176393668163],[0.4258169398597689],-20,0.47225383165623097
4801,0.6171740775526668,0.0,22,10000,[6873.885565690778],[167.58176393668163],[0.4258169398597689],-20,0.47225383165623097
4802,-0.27888395758311213,0.0,22,10000,[6873.885565690778],[167.58176393668163],[0.4258169398597689],-20,0.47225383165623097
4803,-0.09384046856857631,0.0,22,10000,[6873.885565690778],[167.58176393668163],[0.4258169398597689],-20,0.47225383165623097
4804,0.5625904998164597,0.0,22,10000,[6873.885565690778],[167.58176393668163],[0.4258169398597689],-20,0.47225383165623097
4805,0.44471827382304296,0.0,22,10000,[6873.885565690778],[167.58176393668163],[0.4258169398597689],-20,0.47225383165623097
4806,0.20848137060556693,0.0,22,10000,[6873.885565690778],[167.58176393668163],[0.4258169398597689],-20,0.47225383165623097
4807,0.4183115687716933,0.0,22,10000,[6873.885565690778],[167.58176393668163],[0.4258169398597689],-20,0.47225383165623097
4808,0.09466869228178885,0.0,22,10000,[6873.885565690778],[167.58176393668163],[0.4258169398597689],-20,0.47225383165623097
4809,0.38300350501087754,0.0,22,10000,[6873.885565690778],[167.58176393668163],[0.4258169398597689],-20,0.47225383165623097
4810,0.40610802349588543,0.0,22,10000,[6873.885565690778],[167.58176393668163],[0.4258169398597689],-20,0.47225383165623097
4811,-0.5158108227116384,0.0,22,10000,[6873.885565690778],[167.58176393668163],[0.4258169398597689],-20,0.47225383165623097
4812,0.889252243296103,0.0,22,10000,[6873.885565690778],[167.58176393668163],[0.4258169398597689],-20,0.47225383165623097
4813,0.2975607994874328,0.0,22,10000,[6873.885565690778],[167.58176393668163],[0.4258169398597689],-20,0.47225383165623097
4814,0.5345834755945842,0.0,22,10000,[6873.885565690778],[167.58176393668163],[0.4258169398597689],-20,0.47225383165623097
4815,-0.22904473411158274,0.0,22,10000,[6873.885565690778],[167.58176393668163],[0.4258169398597689],-20,0.47225383165623097
4816,0.28720834269010276,0.0,22,10000,[6873.885565690778],[167.58176393668163],[0.4258169398597689],-20,0.47225383165623097
4817,-1.27864569073781,0.0,22,10000,[6873.885565690778],[167.58176393668163],[0.4258169398597689],-20,0.47225383165623097
4818,0.49197833158905496,0.0,22,10000,[6873.885565690778],[167.58176393668163],[0.4258169398597689],-20,0.47225383165623097
4819,0.07829908498034616,0.0,22,10000,[6873.885565690778],[167.58176393668163],[0.4258169398597689],-20,0.47225383165623097
4820,-0.32605426839106444,0.0,22,10000,[6873.885565690778],[167.58176393668163],[0.4258169398597689],-20,0.47225383165623097
4821,0.29292488728430965,0.0,22,10000,[6873.885565690778],[167.58176393668163],[0.4258169398597689],-20,0.47225383165623097
4822,0.02857252366833773,0.0,22,10000,[6873.885565690778],[167.58176393668163],[0.4258169398597689],-20,0.47225383165623097
4823,-1.0610465060544128,0.0,22,10000,[6873.885565690778],[167.58176393668163],[0.4258169398597689],-20,0.47225383165623097
4824,-0.4218777796309994,0.0,22,10000,[6873.885565690778],[167.58176393668163],[0.4258169398597689],-20,0.47225383165623097
4825,-0.2047651709832194,0.0,22,10000,[6873.885565690778],[167.58176393668163],[0.4258169398597689],-20,0.47225383165623097
4826,0.3474239819627933,0.0,22,10000,[6873.885565690778],[167.58176393668163],[0.4258169398597689],-20,0.47225383165623097
4827,0.21266535896486083,0.0,22,10000,[6873.885565690778],[167.58176393668163],[0.4258169398597689],-20,0.47225383165623097
4828,0.7953144180386805,0.0,22,10000,[6873.885565690778],[167.58176393668163],[0.4258169398597689],-20,0.47225383165623097
4829,0.019695878687443998,0.0,22,10000,[6873.885565690778],[167.58176393668163],[0.4258169398597689],-20,0.47225383165623097
4830,-0.09505039762576112,0.0,22,10000,[6873.885565690778],[167.58176393668163],[0.4258169398597689],-20,0.47225383165623097
4831,0.452097418514256,0.0,22,10000,[6873.885565690778],[167.58176393668163],[0.4258169398597689],-20,0.47225383165623097
4832,0.1344051340931186,0.0,22,10000,[6873.885565690778],[167.58176393668163],[0.4258169398597689],-20,0.47225383165623097
4833,-0.21341870171595992,0.0,22,10000,[6873.885565690778],[167.58176393668163],[0.4258169398597689],-20,0.47225383165623097
4834,-0.442928550305751,0.0,22,10000,[6873.885565690778],[167.58176393668163],[0.4258169398597689],-20,0.47225383165623097
4835,0.144968364044368,0.0,22,10000,[6873.885565690778],[167.58176393668163],[0.4258169398597689],-20,0.47225383165623097
4836,0.6014258597958786,0.0,22,10000,[6873.885565690778],[167.58176393668163],[0.4258169398597689],-20,0.47225383165623097
4837,0.521497225185609,0.0,22,10000,[6873.885565690778],[167.58176393668163],[0.4258169398597689],-20,0.47225383165623097
4838,-0.06223999285430632,0.0,22,10000,[6873.885565690778],[167.58176393668163],[0.4258169398597689],-20,0.47225383165623097
4839,-0.491821781275066,0.0,22,10000,[6873.885565690778],[167.58176393668163],[0.4258169398597689],-20,0.47225383165623097
4840,0.3492799350593944,0.0,22,10000,[6873.885565690778],[167.58176393668163],[0.4258169398597689],-20,0.47225383165623097
4841,-0.5187356378416036,0.0,22,10000,[6873.885565690778],[167.58176393668163],[0.4258169398597689],-20,0.47225383165623097
4842,0.24503331008058463,0.0,22,10000,[6873.885565690778],[167.58176393668163],[0.4258169398597689],-20,0.47225383165623097
4843,-0.2895966460867807,0.0,22,10000,[6873.885565690778],[167.58176393668163],[0.4258169398597689],-20,0.47225383165623097
4844,0.2364769887766586,0.0,22,10000,[6873.885565690778],[167.58176393668163],[0.4258169398597689],-20,0.47225383165623097
4845,0.08774365927515533,0.0,22,10000,[6873.885565690778],[167.58176393668163],[0.4258169398597689],-20,0.47225383165623097
4846,-0.20288493746691377,0.0,22,10000,[6873.885565690778],[167.58176393668163],[0.4258169398597689],-20,0.47225383165623097
4847,0.27983962365029763,0.0,22,10000,[6873.885565690778],[167.58176393668163],[0.4258169398597689],-20,0.47225383165623097
4848,-1.0593703881928571,0.0,22,10000,[6873.885565690778],[167.58176393668163],[0.4258169398597689],-20,0.47225383165623097
4849,-0.061264461019059815,0.0,22,10000,[6873.885565690778],[167.58176393668163],[0.4258169398597689],-20,0.47225383165623097
4850,-0.006186316914914313,0.0,22,10000,[6873.885565690778],[167.58176393668163],[0.4258169398597689],-20,0.47225383165623097
4851,0.32947286953452704,0.0,22,10000,[6873.885565690778],[167.58176393668163],[0.4258169398597689],-20,0.47225383165623097
4852,-0.3050798180786528,0.0,22,10000,[6873.885565690778],[167.58176393668163],[0.4258169398597689],-20,0.47225383165623097
4853,0.6547139574442883,0.0,22,10000,[6873.885565690778],[167.58176393668163],[0.4258169398597689],-20,0.47225383165623097
4854,0.14438175118520347,0.0,22,10000,[6873.885565690778],[167.58176393668163],[0.4258169398597689],-20,0.47225383165623097
4855,0.06116649398952284,0.0,22,10000,[6873.885565690778],[167.58176393668163],[0.4258169398597689],-20,0.47225383165623097
4856,-0.4825600618006748,0.0,22,10000,[6873.885565690778],[167.58176393668163],[0.4258169398597689],-20,0.47225383165623097
4857,-0.3788979025635547,0.0,22,10000,[6873.885565690778],[167.58176393668163],[0.4258169398597689],-20,0.47225383165623097
4858,-0.16988390300147038,0.0,22,10000,[6873.885565690778],[167.58176393668163],[0.4258169398597689],-20,0.47225383165623097
4859,-1.3852002308506364,0.0,22,10000,[6873.885565690778],[167.58176393668163],[0.4258169398597689],-20,0.47225383165623097
4860,-0.1508865950695815,0.0,22,10000,[6873.885565690778],[167.58176393668163],[0.4258169398597689],-20,0.47225383165623097
4861,0.3117811711763109,0.0,22,10000,[6873.885565690778],[167.58176393668163],[0.4258169398597689],-20,0.47225383165623097
4862,1.13121268402596,0.0,22,10000,[6873.885565690778],[167.58176393668163],[0.4258169398597689],-20,0.47225383165623097
4863,0.48092719790801153,0.0,22,10000,[6873.885565690778],[167.58176393668163],[0.4258169398597689],-20,0.47225383165623097
4864,-0.01975601057362121,0.0,22,10000,[6873.885565690778],[167.58176393668163],[0.4258169398597689],-20,0.47225383165623097
4865,0.5249184276339192,0.0,22,10000,[6873.885565690778],[167.58176393668163],[0.4258169398597689],-20,0.47225383165623097
4866,-0.12249327406481107,0.0,22,10000,[6873.885565690778],[167.58176393668163],[0.4258169398597689],-20,0.47225383165623097
4867,0.11129148732030587,0.0,22,10000,[6873.885565690778],[167.58176393668163],[0.4258169398597689],-20,0.47225383165623097
4868,-0.387540795453999,0.0,22,10000,[6873.885565690778],[167.58176393668163],[0.4258169398597689],-20,0.47225383165623097
4869,0.06887255768490044,0.0,22,10000,[6873.885565690778],[167.58176393668163],[0.4258169398597689],-20,0.47225383165623097
4870,-0.2864036735821017,0.0,22,10000,[6873.885565690778],[167.58176393668163],[0.4258169398597689],-20,0.47225383165623097
4871,-0.08422992156495884,0.0,22,10000,[6873.885565690778],[167.58176393668163],[0.4258169398597689],-20,0.47225383165623097
4872,0.5337115658911545,0.0,22,10000,[6873.885565690778],[167.58176393668163],[0.4258169398597689],-20,0.47225383165623097
4873,-0.4026671485563918,0.0,22,10000,[6873.885565690778],[167.58176393668163],[0.4258169398597689],-20,0.47225383165623097
4874,0.3792456190617574,0.0,22,10000,[6873.885565690778],[167.58176393668163],[0.4258169398597689],-20,0.47225383165623097
4875,-0.01149583348874138,0.0,22,10000,[6873.885565690778],[167.58176393668163],[0.4258169398597689],-20,0.47225383165623097
4876,-0.03615101847249317,0.0,22,10000,[6873.885565690778],[167.58176393668163],[0.4258169398597689],-20,0.47225383165623097
4877,-1.5230362768535877,0.0,22,10000,[6873.885565690778],[167.58176393668163],[0.4258169398597689],-20,0.47225383165623097
4878,1.0538363598768918,0.0,22,10000,[6873.885565690778],[167.58176393668163],[0.4258169398597689],-20,0.47225383165623097
4879,-0.7701523823704064,0.0,22,10000,[6873.885565690778],[167.58176393668163],[0.4258169398597689],-20,0.47225383165623097
4880,-0.0038185189582883292,0.0,22,10000,[6873.885565690778],[167.58176393668163],[0.4258169398597689],-20,0.47225383165623097
4881,0.2948003238933482,0.0,22,10000,[6873.885565690778],[167.58176393668163],[0.4258169398597689],-20,0.47225383165623097
4882,0.09956586519800081,0.0,22,10000,[6873.885565690778],[167.58176393668163],[0.4258169398597689],-20,0.47225383165623097
4883,-0.01867557815683351,0.0,22,10000,[6873.885565690778],[167.58176393668163],[0.4258169398597689],-20,0.47225383165623097
4884,0.5929467530780111,0.0,22,10000,[6873.885565690778],[167.58176393668163],[0.4258169398597689],-20,0.47225383165623097
4885,0.3953643126358055,0.0,22,10000,[6873.885565690778],[167.58176393668163],[0.4258169398597689],-20,0.47225383165623097
4886,-0.2516540397524802,0.0,22,10000,[6873.885565690778],[167.58176393668163],[0.4258169398597689],-20,0.47225383165623097
4887,0.09913524053481221,0.0,22,10000,[6873.885565690778],[167.58176393668163],[0.4258169398597689],-20,0.47225383165623097
4888,0.4063801066468916,0.0,22,10000,[6873.885565690778],[167.58176393668163],[0.4258169398597689],-20,0.47225383165623097
4889,-0.4777410759985996,0.0,22,10000,[6873.885565690778],[167.58176393668163],[0.4258169398597689],-20,0.47225383165623097
4890,1.3447965180145276,0.0,22,10000,[6873.885565690778],[167.58176393668163],[0.4258169398597689],-20,0.47225383165623097
4891,-0.2881467857990495,0.0,22,10000,[6873.885565690778],[167.58176393668163],[0.4258169398597689],-20,0.47225383165623097
4892,0.31788809583015565,0.0,22,10000,[6873.885565690778],[167.58176393668163],[0.4258169398597689],-20,0.47225383165623097
4893,0.00872194512787728,0.0,22,10000,[6873.885565690778],[167.58176393668163],[0.4258169398597689],-20,0.47225383165623097
4894,-0.6007531935191165,0.0,22,10000,[6873.885565690778],[167.58176393668163],[0.4258169398597689],-20,0.47225383165623097
4895,-0.3084522458749727,0.0,22,10000,[6873.885565690778],[167.58176393668163],[0.4258169398597689],-20,0.47225383165623097
4896,0.08897452159551852,0.0,22,10000,[6873.885565690778],[167.58176393668163],[0.4258169398597689],-20,0.47225383165623097
4897,0.38296109458159455,0.0,22,10000,[6873.885565690778],[167.58176393668163],[0.4258169398597689],-20,0.47225383165623097
4898,-0.24651804439124556,0.0,22,10000,[6873.885565690778],[167.58176393668163],[0.4258169398597689],-20,0.47225383165623097
4899,0.5226335971451788,0.0,22,10000,[6873.885565690778],[167.58176393668163],[0.4258169398597689],-20,0.47225383165623097
4900,-0.1694996330539039,0.0,22,10000,[6873.885565690778],[167.58176393668163],[0.4258169398597689],-20,0.47225383165623097
4901,0.03953614026633148,0.0,22,10000,[6873.885565690778],[167.58176393668163],[0.4258169398597689],-20,0.47225383165623097
4902,-0.5915268724459943,0.0,22,10000,[6873.885565690778],[167.58176393668163],[0.4258169398597689],-20,0.47225383165623097
4903,-0.19051441166711525,0.0,22,10000,[6873.885565690778],[167.58176393668163],[0.4258169398597689],-20,0.47225383165623097
4904,-0.8601170752356825,0.0,22,10000,[6873.885565690778],[167.58176393668163],[0.4258169398597689],-20,0.47225383165623097
4905,0.49976410614175887,0.0,22,10000,[6873.885565690778],[167.58176393668163],[0.4258169398597689],-20,0.47225383165623097
4906,0.06228454216899753,0.0,22,10000,[6873.885565690778],[167.58176393668163],[0.4258169398597689],-20,0.47225383165623097
4907,-0.07192563119742162,0.0,22,10000,[6873.885565690778],[167.58176393668163],[0.4258169398597689],-20,0.47225383165623097
4908,0.46077641361575505,0.0,22,10000,[6873.885565690778],[167.58176393668163],[0.4258169398597689],-20,0.47225383165623097
4909,0.06770329657604778,0.0,22,10000,[6873.885565690778],[167.58176393668163],[0.4258169398597689],-20,0.47225383165623097
4910,0.6406783778033648,0.0,22,10000,[6873.885565690778],[167.58176393668163],[0.4258169398597689],-20,0.47225383165623097
4911,0.3502798587735169,0.0,22,10000,[6873.885565690778],[167.58176393668163],[0.4258169398597689],-20,0.47225383165623097
4912,-0.3837507975319134,0.0,22,10000,[6873.885565690778],[167.58176393668163],[0.4258169398597689],-20,0.47225383165623097
4913,-0.24356391904269872,0.0,22,10000,[6873.885565690778],[167.58176393668163],[0.4258169398597689],-20,0.47225383165623097
4914,0.2511167046965007,0.0,22,10000,[6873.885565690778],[167.58176393668163],[0.4258169398597689],-20,0.47225383165623097
4915,-0.028902291348948107,0.0,22,10000,[6873.885565690778],[167.58176393668163],[0.4258169398597689],-20,0.47225383165623097
4916,-0.1975212459127151,0.0,22,10000,[6873.885565690778],[167.58176393668163],[0.4258169398597689],-20,0.47225383165623097
4917,1.0389218832628304,0.0,22,10000,[6873.885565690778],[167.58176393668163],[0.4258169398597689],-20,0.47225383165623097
4918,-1.6494383877780248,0.0,22,10000,[6873.885565690778],[167.58176393668163],[0.4258169398597689],-20,0.47225383165623097
4919,-0.569660551994074,0.0,22,10000,[6873.885565690778],[167.58176393668163],[0.4258169398597689],-20,0.47225383165623097
4920,0.5428876849835291,0.0,22,10000,[6873.885565690778],[167.58176393668163],[0.4258169398597689],-20,0.47225383165623097
4921,0.31992643867339643,0.0,22,10000,[6873.885565690778],[167.58176393668163],[0.4258169398597689],-20,0.47225383165623097
4922,0.4168959256598048,0.0,22,10000,[6873.885565690778],[167.58176393668163],[0.4258169398597689],-20,0.47225383165623097
4923,-0.41462322408226054,0.0,22,10000,[6873.885565690778],[167.58176393668163],[0.4258169398597689],-20,0.47225383165623097
4924,-0.23002903109656286,0.0,22,10000,[6873.885565690778],[167.58176393668163],[0.4258169398597689],-20,0.47225383165623097
4925,0.29832022396802266,0.0,22,10000,[6873.885565690778],[167.58176393668163],[0.4258169398597689],-20,0.47225383165623097
4926,0.05111667940051619,0.0,22,10000,[6873.885565690778],[167.58176393668163],[0.4258169398597689],-20,0.47225383165623097
4927,0.020618567346158707,0.0,22,10000,[6873.885565690778],[167.58176393668163],[0.4258169398597689],-20,0.47225383165623097
4928,0.5627749217202694,0.0,22,10000,[6873.885565690778],[167.58176393668163],[0.4258169398597689],-20,0.47225383165623097
4929,-0.31166678776295653,0.0,22,10000,[6873.885565690778],[167.58176393668163],[0.4258169398597689],-20,0.47225383165623097
4930,0.6561639701877875,0.0,22,10000,[6873.885565690778],[167.58176393668163],[0.4258169398597689],-20,0.47225383165623097
4931,-0.2692298033397547,0.0,22,10000,[6873.885565690778],[167.58176393668163],[0.4258169398597689],-20,0.47225383165623097
4932,0.3462490766413471,0.0,22,10000,[6873.885565690778],[167.58176393668163],[0.4258169398597689],-20,0.47225383165623097
4933,-0.2557849612830968,0.0,22,10000,[6873.885565690778],[167.58176393668163],[0.4258169398597689],-20,0.47225383165623097
4934,-0.2607595242760663,0.0,22,10000,[6873.885565690778],[167.58176393668163],[0.4258169398597689],-20,0.47225383165623097
4935,-0.32620437277274444,0.0,22,10000,[6873.885565690778],[167.58176393668163],[0.4258169398597689],-20,0.47225383165623097
4936,-0.16656155916769708,0.0,22,10000,[6873.885565690778],[167.58176393668163],[0.4258169398597689],-20,0.47225383165623097
4937,-0.505195195815804,0.0,22,10000,[6873.885565690778],[167.58176393668163],[0.4258169398597689],-20,0.47225383165623097
4938,-0.15943233415511326,0.0,22,10000,[6873.885565690778],[167.58176393668163],[0.4258169398597689],-20,0.47225383165623097
4939,-0.47760517684154075,0.0,22,10000,[6873.885565690778],[167.58176393668163],[0.4258169398597689],-20,0.47225383165623097
4940,-0.4872270741667926,0.0,22,10000,[6873.885565690778],[167.58176393668163],[0.4258169398597689],-20,0.47225383165623097
4941,0.4464988927775279,0.0,22,10000,[6873.885565690778],[167.58176393668163],[0.4258169398597689],-20,0.47225383165623097
4942,-0.6906935891526071,0.0,22,10000,[6873.885565690778],[167.58176393668163],[0.4258169398597689],-20,0.47225383165623097
4943,0.46314420343383006,0.0,22,10000,[6873.885565690778],[167.58176393668163],[0.4258169398597689],-20,0.47225383165623097
4944,0.2530729744667909,0.0,22,10000,[6873.885565690778],[167.58176393668163],[0.4258169398597689],-20,0.47225383165623097
4945,-0.38044783917602115,0.0,22,10000,[6873.885565690778],[167.58176393668163],[0.4258169398597689],-20,0.47225383165623097
4946,0.526610000323961,0.0,22,10000,[6873.885565690778],[167.58176393668163],[0.4258169398597689],-20,0.47225383165623097
4947,-0.29572155010019713,0.0,22,10000,[6873.885565690778],[167.58176393668163],[0.4258169398597689],-20,0.47225383165623097
4948,0.22118310485772655,0.0,22,10000,[6873.885565690778],[167.58176393668163],[0.4258169398597689],-20,0.47225383165623097
4949,-0.19465623732727313,0.0,22,10000,[6873.885565690778],[167.58176393668163],[0.4258169398597689],-20,0.47225383165623097
4950,-0.31389290279710563,0.0,22,10000,[6873.885565690778],[167.58176393668163],[0.4258169398597689],-20,0.47225383165623097
4951,-0.12674056564190347,0.0,22,10000,[6873.885565690778],[167.58176393668163],[0.4258169398597689],-20,0.47225383165623097
4952,-0.1151777563072426,0.0,22,10000,[6873.885565690778],[167.58176393668163],[0.4258169398597689],-20,0.47225383165623097
4953,-0.28113747818822676,0.0,22,10000,[6873.885565690778],[167.58176393668163],[0.4258169398597689],-20,0.47225383165623097
4954,-0.399500929606028,0.0,22,10000,[6873.885565690778],[167.58176393668163],[0.4258169398597689],-20,0.47225383165623097
4955,0.24044126396424237,0.0,22,10000,[6873.885565690778],[167.58176393668163],[0.4258169398597689],-20,0.47225383165623097
4956,-0.4305652615233436,0.0,22,10000,[6873.885565690778],[167.58176393668163],[0.4258169398597689],-20,0.47225383165623097
4957,0.19299280241818348,0.0,22,10000,[6873.885565690778],[167.58176393668163],[0.4258169398597689],-20,0.47225383165623097
4958,0.6625695106517419,0.0,22,10000,[6873.885565690778],[167.58176393668163],[0.4258169398597689],-20,0.47225383165623097
4959,-0.3945920394575091,0.0,22,10000,[6873.885565690778],[167.58176393668163],[0.4258169398597689],-20,0.47225383165623097
4960,0.19224911472737416,0.0,22,10000,[6873.885565690778],[167.58176393668163],[0.4258169398597689],-20,0.47225383165623097
4961,-0.7415149429837988,0.0,22,10000,[6873.885565690778],[167.58176393668163],[0.4258169398597689],-20,0.47225383165623097
4962,0.15445169453213725,0.0,22,10000,[6873.885565690778],[167.58176393668163],[0.4258169398597689],-20,0.47225383165623097
4963,0.9007859947032055,0.0,22,10000,[6873.885565690778],[167.58176393668163],[0.4258169398597689],-20,0.47225383165623097
4964,0.06237413788871517,0.0,22,10000,[6873.885565690778],[167.58176393668163],[0.4258169398597689],-20,0.47225383165623097
4965,0.4623148400818746,0.0,22,10000,[6873.885565690778],[167.58176393668163],[0.4258169398597689],-20,0.47225383165623097
4966,0.3066000706771668,0.0,22,10000,[6873.885565690778],[167.58176393668163],[0.4258169398597689],-20,0.47225383165623097
4967,0.3105015341546156,0.0,22,10000,[6873.885565690778],[167.58176393668163],[0.4258169398597689],-20,0.47225383165623097
4968,-0.4435099022455219,0.0,22,10000,[6873.885565690778],[167.58176393668163],[0.4258169398597689],-20,0.47225383165623097
4969,0.3995661294998713,0.0,22,10000,[6873.885565690778],[167.58176393668163],[0.4258169398597689],-20,0.47225383165623097
4970,-0.37470233730250424,0.0,22,10000,[6873.885565690778],[167.58176393668163],[0.4258169398597689],-20,0.47225383165623097
4971,0.4724727093993057,0.0,22,10000,[6873.885565690778],[167.58176393668163],[0.4258169398597689],-20,0.47225383165623097
4972,0.22918697056157902,0.0,22,10000,[6873.885565690778],[167.58176393668163],[0.4258169398597689],-20,0.47225383165623097
4973,0.30871412509741475,0.0,22,10000,[6873.885565690778],[167.58176393668163],[0.4258169398597689],-20,0.47225383165623097
4974,-0.53856788838477,0.0,22,10000,[6873.885565690778],[167.58176393668163],[0.4258169398597689],-20,0.47225383165623097
4975,0.6960684644945943,0.0,22,10000,[6873.885565690778],[167.58176393668163],[0.4258169398597689],-20,0.47225383165623097
4976,-0.16386100273986562,0.0,22,10000,[6873.885565690778],[167.58176393668163],[0.4258169398597689],-20,0.47225383165623097
4977,-0.10667251077210689,0.0,22,10000,[6873.885565690778],[167.58176393668163],[0.4258169398597689],-20,0.47225383165623097
4978,-0.28818254180364533,0.0,22,10000,[6873.885565690778],[167.58176393668163],[0.4258169398597689],-20,0.47225383165623097
4979,-0.15665538543411436,0.0,22,10000,[6873.885565690778],[167.58176393668163],[0.4258169398597689],-20,0.47225383165623097
4980,0.03750007303167637,0.0,22,10000,[6873.885565690778],[167.58176393668163],[0.4258169398597689],-20,0.47225383165623097
4981,0.08361153652305854,0.0,22,10000,[6873.885565690778],[167.58176393668163],[0.4258169398597689],-20,0.47225383165623097
4982,0.6661437405334291,0.0,22,10000,[6873.885565690778],[167.58176393668163],[0.4258169398597689],-20,0.47225383165623097
4983,-0.9076610714538409,0.0,22,10000,[6873.885565690778],[167.58176393668163],[0.4258169398597689],-20,0.47225383165623097
4984,0.5019444425658396,0.0,22,10000,[6873.885565690778],[167.58176393668163],[0.4258169398597689],-20,0.47225383165623097
4985,0.11352007545550345,0.0,22,10000,[6873.885565690778],[167.58176393668163],[0.4258169398597689],-20,0.47225383165623097
4986,-0.6830736857361566,0.0,22,10000,[6873.885565690778],[167.58176393668163],[0.4258169398597689],-20,0.47225383165623097
4987,-0.24091022332293674,0.0,22,10000,[6873.885565690778],[167.58176393668163],[0.4258169398597689],-20,0.47225383165623097
4988,-0.3440740290716574,0.0,22,10000,[6873.885565690778],[167.58176393668163],[0.4258169398597689],-20,0.47225383165623097
4989,0.1000172124084462,0.0,22,10000,[6873.885565690778],[167.58176393668163],[0.4258169398597689],-20,0.47225383165623097
4990,0.6303798698288848,0.0,22,10000,[6873.885565690778],[167.58176393668163],[0.4258169398597689],-20,0.47225383165623097
4991,-0.3932833332424648,0.0,22,10000,[6873.885565690778],[167.58176393668163],[0.4258169398597689],-20,0.47225383165623097
4992,-0.04835960970531761,0.0,22,10000,[6873.885565690778],[167.58176393668163],[0.4258169398597689],-20,0.47225383165623097
4993,-0.05954069881972126,0.0,22,10000,[6873.885565690778],[167.58176393668163],[0.4258169398597689],-20,0.47225383165623097
4994,0.3337417941222588,0.0,22,10000,[6873.885565690778],[167.58176393668163],[0.4258169398597689],-20,0.47225383165623097
4995,0.0504353390119531,0.0,22,10000,[6873.885565690778],[167.58176393668163],[0.4258169398597689],-20,0.47225383165623097
4996,-0.5500483594902587,0.0,22,10000,[6873.885565690778],[167.58176393668163],[0.4258169398597689],-20,0.47225383165623097
4997,0.40139062886715343,0.0,22,10000,[6873.885565690778],[167.58176393668163],[0.4258169398597689],-20,0.47225383165623097
4998,0.8529104825201469,0.0,22,10000,[6873.885565690778],[167.58176393668163],[0.4258169398597689],-20,0.47225383165623097
4999,-0.41318908340981575,0.0,22,10000,[6873.885565690778],[167.58176393668163],[0.4258169398597689],-20,0.47225383165623097
5000,1.0449666005664229,0.0,22,10000,[6873.885565690778],[167.58176393668163],[0.4258169398597689],-20,0.47225383165623097
5001,0.5432973513218241,0.0,22,10000,[6873.885565690778],[167.58176393668163],[0.4258169398597689],-20,0.47225383165623097
5002,-0.12317291260313717,0.0,22,10000,[6873.885565690778],[167.58176393668163],[0.4258169398597689],-20,0.47225383165623097
5003,-0.0081748280137148,0.0,22,10000,[6873.885565690778],[167.58176393668163],[0.4258169398597689],-20,0.47225383165623097
5004,-0.10784441802740584,0.0,22,10000,[6873.885565690778],[167.58176393668163],[0.4258169398597689],-20,0.47225383165623097
5005,0.6580905237707279,0.0,22,10000,[6873.885565690778],[167.58176393668163],[0.4258169398597689],-20,0.47225383165623097
5006,0.6754996199984062,0.0,22,10000,[6873.885565690778],[167.58176393668163],[0.4258169398597689],-20,0.47225383165623097
5007,-0.4701450943234031,0.0,22,10000,[6873.885565690778],[167.58176393668163],[0.4258169398597689],-20,0.47225383165623097
5008,-0.13208673596628354,0.0,22,10000,[6873.885565690778],[167.58176393668163],[0.4258169398597689],-20,0.47225383165623097
5009,-0.13364794743122443,0.0,22,10000,[6873.885565690778],[167.58176393668163],[0.4258169398597689],-20,0.47225383165623097
5010,-0.515210708518613,0.0,22,10000,[6873.885565690778],[167.58176393668163],[0.4258169398597689],-20,0.47225383165623097
5011,1.0030154653240515,0.0,22,10000,[6873.885565690778],[167.58176393668163],[0.4258169398597689],-20,0.47225383165623097
5012,-0.08186376342332016,0.0,22,10000,[6873.885565690778],[167.58176393668163],[0.4258169398597689],-20,0.47225383165623097
5013,0.05692304858830149,0.0,22,10000,[6873.885565690778],[167.58176393668163],[0.4258169398597689],-20,0.47225383165623097
5014,-0.5392273959551758,0.0,22,10000,[6873.885565690778],[167.58176393668163],[0.4258169398597689],-20,0.47225383165623097
5015,-0.38839727381082934,0.0,22,10000,[6873.885565690778],[167.58176393668163],[0.4258169398597689],-20,0.47225383165623097
5016,-0.21233950781037972,0.0,22,10000,[6873.885565690778],[167.58176393668163],[0.4258169398597689],-20,0.47225383165623097
5017,0.24144466667407047,0.0,22,10000,[6873.885565690778],[167.58176393668163],[0.4258169398597689],-20,0.47225383165623097
5018,-0.673361572804839,0.0,22,10000,[6873.885565690778],[167.58176393668163],[0.4258169398597689],-20,0.47225383165623097
5019,0.023287441636267524,0.0,22,10000,[6873.885565690778],[167.58176393668163],[0.4258169398597689],-20,0.47225383165623097
5020,-0.27893407235962003,0.0,22,10000,[6873.885565690778],[167.58176393668163],[0.4258169398597689],-20,0.47225383165623097
5021,0.10350152959380338,0.0,22,10000,[6873.885565690778],[167.58176393668163],[0.4258169398597689],-20,0.47225383165623097
5022,-0.34446228696076486,0.0,22,10000,[6873.885565690778],[167.58176393668163],[0.4258169398597689],-20,0.47225383165623097
5023,0.3348887562905681,0.0,22,10000,[6873.885565690778],[167.58176393668163],[0.4258169398597689],-20,0.47225383165623097
5024,0.16607893461584786,0.0,22,10000,[6873.885565690778],[167.58176393668163],[0.4258169398597689],-20,0.47225383165623097
5025,0.25633392934048366,0.0,22,10000,[6873.885565690778],[167.58176393668163],[0.4258169398597689],-20,0.47225383165623097
5026,-0.10958694916437314,0.0,22,10000,[6873.885565690778],[167.58176393668163],[0.4258169398597689],-20,0.47225383165623097
5027,-0.7709791660266935,0.0,22,10000,[6873.885565690778],[167.58176393668163],[0.4258169398597689],-20,0.47225383165623097
5028,-0.9794850988729326,0.0,22,10000,[6873.885565690778],[167.58176393668163],[0.4258169398597689],-20,0.47225383165623097
5029,-0.8140426256693738,0.0,22,10000,[6873.885565690778],[167.58176393668163],[0.4258169398597689],-20,0.47225383165623097
5030,-0.012734013993967883,0.0,22,10000,[6873.885565690778],[167.58176393668163],[0.4258169398597689],-20,0.47225383165623097
5031,-0.48629078757320543,0.0,22,10000,[6873.885565690778],[167.58176393668163],[0.4258169398597689],-20,0.47225383165623097
5032,0.3971518523660064,0.0,22,10000,[6873.885565690778],[167.58176393668163],[0.4258169398597689],-20,0.47225383165623097
5033,0.7780107709544143,0.0,22,10000,[6873.885565690778],[167.58176393668163],[0.4258169398597689],-20,0.47225383165623097
5034,-0.028753683144582404,0.0,22,10000,[6873.885565690778],[167.58176393668163],[0.4258169398597689],-20,0.47225383165623097
5035,-0.3273738973300319,0.0,22,10000,[6873.885565690778],[167.58176393668163],[0.4258169398597689],-20,0.47225383165623097
5036,-0.6486880683312657,0.0,22,10000,[6873.885565690778],[167.58176393668163],[0.4258169398597689],-20,0.47225383165623097
5037,-0.3794407855474545,0.0,22,10000,[6873.885565690778],[167.58176393668163],[0.4258169398597689],-20,0.47225383165623097
5038,0.3844936627758684,0.0,22,10000,[6873.885565690778],[167.58176393668163],[0.4258169398597689],-20,0.47225383165623097
5039,0.3058753508021603,0.0,22,10000,[6873.885565690778],[167.58176393668163],[0.4258169398597689],-20,0.47225383165623097
5040,-0.019790090144583335,0.0,22,10000,[6873.885565690778],[167.58176393668163],[0.4258169398597689],-20,0.47225383165623097
5041,0.10788712152779373,0.0,22,10000,[6873.885565690778],[167.58176393668163],[0.4258169398597689],-20,0.47225383165623097
5042,0.010219582207790793,0.0,22,10000,[6873.885565690778],[167.58176393668163],[0.4258169398597689],-20,0.47225383165623097
5043,0.15867494704775828,0.0,22,10000,[6873.885565690778],[167.58176393668163],[0.4258169398597689],-20,0.47225383165623097
5044,-0.05202954936330053,0.0,22,10000,[6873.885565690778],[167.58176393668163],[0.4258169398597689],-20,0.47225383165623097
5045,0.3281063594446053,0.0,22,10000,[6873.885565690778],[167.58176393668163],[0.4258169398597689],-20,0.47225383165623097
5046,0.6563692070696147,0.0,22,10000,[6873.885565690778],[167.58176393668163],[0.4258169398597689],-20,0.47225383165623097
5047,0.2515509062506928,0.0,22,10000,[6873.885565690778],[167.58176393668163],[0.4258169398597689],-20,0.47225383165623097
5048,-0.8614330412575859,0.0,22,10000,[6873.885565690778],[167.58176393668163],[0.4258169398597689],-20,0.47225383165623097
5049,0.12734066246944162,0.0,22,10000,[6873.885565690778],[167.58176393668163],[0.4258169398597689],-20,0.47225383165623097
5050,-0.28075612402029765,0.0,22,10000,[6873.885565690778],[167.58176393668163],[0.4258169398597689],-20,0.47225383165623097
5051,0.2935406231142941,0.0,22,10000,[6873.885565690778],[167.58176393668163],[0.4258169398597689],-20,0.47225383165623097
5052,-0.16082999304203394,0.0,22,10000,[6873.885565690778],[167.58176393668163],[0.4258169398597689],-20,0.47225383165623097
5053,0.1718029015537498,0.0,22,10000,[6873.885565690778],[167.58176393668163],[0.4258169398597689],-20,0.47225383165623097
5054,-0.3531203640442782,0.0,22,10000,[6873.885565690778],[167.58176393668163],[0.4258169398597689],-20,0.47225383165623097
5055,-0.32741177152879203,0.0,22,10000,[6873.885565690778],[167.58176393668163],[0.4258169398597689],-20,0.47225383165623097
5056,-0.7574790036216957,0.0,22,10000,[6873.885565690778],[167.58176393668163],[0.4258169398597689],-20,0.47225383165623097
5057,-0.16575624884548973,0.0,22,10000,[6873.885565690778],[167.58176393668163],[0.4258169398597689],-20,0.47225383165623097
5058,-0.34982236420539037,0.0,22,10000,[6873.885565690778],[167.58176393668163],[0.4258169398597689],-20,0.47225383165623097
5059,-0.0029983240518912917,0.0,22,10000,[6873.885565690778],[167.58176393668163],[0.4258169398597689],-20,0.47225383165623097
5060,0.36292399361043,0.0,22,10000,[6873.885565690778],[167.58176393668163],[0.4258169398597689],-20,0.47225383165623097
5061,0.07693818947111701,0.0,22,10000,[6873.885565690778],[167.58176393668163],[0.4258169398597689],-20,0.47225383165623097
5062,-0.7862730443528836,0.0,22,10000,[6873.885565690778],[167.58176393668163],[0.4258169398597689],-20,0.47225383165623097
5063,-0.21709911771728663,0.0,22,10000,[6873.885565690778],[167.58176393668163],[0.4258169398597689],-20,0.47225383165623097
5064,-0.2529535473470175,0.0,22,10000,[6873.885565690778],[167.58176393668163],[0.4258169398597689],-20,0.47225383165623097
5065,0.18990470797841094,0.0,22,10000,[6873.885565690778],[167.58176393668163],[0.4258169398597689],-20,0.47225383165623097
5066,-0.046484442760687486,0.0,22,10000,[6873.885565690778],[167.58176393668163],[0.4258169398597689],-20,0.47225383165623097
5067,-0.13385612809232217,0.0,22,10000,[6873.885565690778],[167.58176393668163],[0.4258169398597689],-20,0.47225383165623097
5068,-0.1813457677026015,0.0,22,10000,[6873.885565690778],[167.58176393668163],[0.4258169398597689],-20,0.47225383165623097
5069,0.5582317153975397,0.0,22,10000,[6873.885565690778],[167.58176393668163],[0.4258169398597689],-20,0.47225383165623097
5070,0.8695023242843899,0.0,22,10000,[6873.885565690778],[167.58176393668163],[0.4258169398597689],-20,0.47225383165623097
5071,0.5876287099145305,0.0,22,10000,[6873.885565690778],[167.58176393668163],[0.4258169398597689],-20,0.47225383165623097
5072,-0.599343925276438,0.0,22,10000,[6873.885565690778],[167.58176393668163],[0.4258169398597689],-20,0.47225383165623097
5073,-1.0563879835951675,0.0,22,10000,[6873.885565690778],[167.58176393668163],[0.4258169398597689],-20,0.47225383165623097
5074,-0.766221844694222,0.0,22,10000,[6873.885565690778],[167.58176393668163],[0.4258169398597689],-20,0.47225383165623097
5075,-0.22312820593237978,0.0,22,10000,[6873.885565690778],[167.58176393668163],[0.4258169398597689],-20,0.47225383165623097
5076,-0.35556899523204943,0.0,22,10000,[6873.885565690778],[167.58176393668163],[0.4258169398597689],-20,0.47225383165623097
5077,-0.07571507869258735,0.0,22,10000,[6873.885565690778],[167.58176393668163],[0.4258169398597689],-20,0.47225383165623097
5078,0.7363917549522009,0.0,22,10000,[6873.885565690778],[167.58176393668163],[0.4258169398597689],-20,0.47225383165623097
5079,0.4413854730979875,0.0,22,10000,[6873.885565690778],[167.58176393668163],[0.4258169398597689],-20,0.47225383165623097
5080,-0.3017892154044268,0.0,22,10000,[6873.885565690778],[167.58176393668163],[0.4258169398597689],-20,0.47225383165623097
5081,-0.034827934916735574,0.0,22,10000,[6873.885565690778],[167.58176393668163],[0.4258169398597689],-20,0.47225383165623097
5082,-0.3327999182541934,0.0,22,10000,[6873.885565690778],[167.58176393668163],[0.4258169398597689],-20,0.47225383165623097
5083,1.2733620468086801,0.0,22,10000,[6873.885565690778],[167.58176393668163],[0.4258169398597689],-20,0.47225383165623097
5084,0.18331366866319126,0.0,22,10000,[6873.885565690778],[167.58176393668163],[0.4258169398597689],-20,0.47225383165623097
5085,0.8712096581479125,0.0,22,10000,[6873.885565690778],[167.58176393668163],[0.4258169398597689],-20,0.47225383165623097
5086,0.5822455907313104,0.0,22,10000,[6873.885565690778],[167.58176393668163],[0.4258169398597689],-20,0.47225383165623097
5087,0.06536448334780892,0.0,22,10000,[6873.885565690778],[167.58176393668163],[0.4258169398597689],-20,0.47225383165623097
5088,-0.1323945883337829,0.0,22,10000,[6873.885565690778],[167.58176393668163],[0.4258169398597689],-20,0.47225383165623097
5089,0.35045972210187454,0.0,22,10000,[6873.885565690778],[167.58176393668163],[0.4258169398597689],-20,0.47225383165623097
5090,-0.012467396897055163,0.0,22,10000,[6873.885565690778],[167.58176393668163],[0.4258169398597689],-20,0.47225383165623097
5091,0.13240513320636288,0.0,22,10000,[6873.885565690778],[167.58176393668163],[0.4258169398597689],-20,0.47225383165623097
5092,-0.08411869520759982,0.0,22,10000,[6873.885565690778],[167.58176393668163],[0.4258169398597689],-20,0.47225383165623097
5093,-0.41187071843852907,0.0,22,10000,[6873.885565690778],[167.58176393668163],[0.4258169398597689],-20,0.47225383165623097
5094,0.56533756489526,0.0,22,10000,[6873.885565690778],[167.58176393668163],[0.4258169398597689],-20,0.47225383165623097
5095,0.5570911078574043,0.0,22,10000,[6873.885565690778],[167.58176393668163],[0.4258169398597689],-20,0.47225383165623097
5096,0.6719835962663495,0.0,22,10000,[6873.885565690778],[167.58176393668163],[0.4258169398597689],-20,0.47225383165623097
5097,-0.449677439997198,0.0,22,10000,[6873.885565690778],[167.58176393668163],[0.4258169398597689],-20,0.47225383165623097
5098,-0.4790932886266435,0.0,22,10000,[6873.885565690778],[167.58176393668163],[0.4258169398597689],-20,0.47225383165623097
5099,-0.35354004327099525,0.0,22,10000,[6873.885565690778],[167.58176393668163],[0.4258169398597689],-20,0.47225383165623097
5100,-0.10520025479690373,0.0,22,10000,[6873.885565690778],[167.58176393668163],[0.4258169398597689],-20,0.47225383165623097
5101,-0.4099839594645059,0.0,22,10000,[6873.885565690778],[167.58176393668163],[0.4258169398597689],-20,0.47225383165623097
5102,-0.23836584170121927,0.0,22,10000,[6873.885565690778],[167.58176393668163],[0.4258169398597689],-20,0.47225383165623097
5103,-0.05134239901556095,0.0,22,10000,[6873.885565690778],[167.58176393668163],[0.4258169398597689],-20,0.47225383165623097
5104,-0.06571717726119185,0.0,22,10000,[6873.885565690778],[167.58176393668163],[0.4258169398597689],-20,0.47225383165623097
5105,-0.07577934494441406,0.0,22,10000,[6873.885565690778],[167.58176393668163],[0.4258169398597689],-20,0.47225383165623097
5106,-0.3619553574704825,0.0,22,10000,[6873.885565690778],[167.58176393668163],[0.4258169398597689],-20,0.47225383165623097
5107,0.14170339372075114,0.0,22,10000,[6873.885565690778],[167.58176393668163],[0.4258169398597689],-20,0.47225383165623097
5108,-0.15660215276344439,0.0,22,10000,[6873.885565690778],[167.58176393668163],[0.4258169398597689],-20,0.47225383165623097
5109,0.058828974390346137,0.0,22,10000,[6873.885565690778],[167.58176393668163],[0.4258169398597689],-20,0.47225383165623097
5110,0.05680129749705675,0.0,22,10000,[6873.885565690778],[167.58176393668163],[0.4258169398597689],-20,0.47225383165623097
5111,0.5772647101637298,0.0,22,10000,[6873.885565690778],[167.58176393668163],[0.4258169398597689],-20,0.47225383165623097
5112,0.16998123513866095,0.0,22,10000,[6873.885565690778],[167.58176393668163],[0.4258169398597689],-20,0.47225383165623097
5113,-0.23057516126023667,0.0,22,10000,[6873.885565690778],[167.58176393668163],[0.4258169398597689],-20,0.47225383165623097
5114,-0.35930186291636557,0.0,22,10000,[6873.885565690778],[167.58176393668163],[0.4258169398597689],-20,0.47225383165623097
5115,-0.03256530691845681,0.0,22,10000,[6873.885565690778],[167.58176393668163],[0.4258169398597689],-20,0.47225383165623097
5116,-0.4238173900037712,0.0,22,10000,[6873.885565690778],[167.58176393668163],[0.4258169398597689],-20,0.47225383165623097
5117,0.05043543680035433,0.0,22,10000,[6873.885565690778],[167.58176393668163],[0.4258169398597689],-20,0.47225383165623097
5118,0.6408912574361074,0.0,22,10000,[6873.885565690778],[167.58176393668163],[0.4258169398597689],-20,0.47225383165623097
5119,-0.30552367972585043,0.0,22,10000,[6873.885565690778],[167.58176393668163],[0.4258169398597689],-20,0.47225383165623097
5120,0.7943216425531887,0.0,22,10000,[6873.885565690778],[167.58176393668163],[0.4258169398597689],-20,0.47225383165623097
5121,-0.0772310223875454,0.0,22,10000,[6873.885565690778],[167.58176393668163],[0.4258169398597689],-20,0.47225383165623097
5122,0.39501180147867077,0.0,22,10000,[6873.885565690778],[167.58176393668163],[0.4258169398597689],-20,0.47225383165623097
5123,0.15488120154167123,0.0,22,10000,[6873.885565690778],[167.58176393668163],[0.4258169398597689],-20,0.47225383165623097
5124,-0.07129641800810196,0.0,22,10000,[6873.885565690778],[167.58176393668163],[0.4258169398597689],-20,0.47225383165623097
5125,0.5231018589389697,0.0,22,10000,[6873.885565690778],[167.58176393668163],[0.4258169398597689],-20,0.47225383165623097
5126,-0.2910032879670311,0.0,22,10000,[6873.885565690778],[167.58176393668163],[0.4258169398597689],-20,0.47225383165623097
5127,-0.03883585462210296,0.0,22,10000,[6873.885565690778],[167.58176393668163],[0.4258169398597689],-20,0.47225383165623097
5128,-0.20936429148822694,0.0,22,10000,[6873.885565690778],[167.58176393668163],[0.4258169398597689],-20,0.47225383165623097
5129,-0.2678968081272572,0.0,22,10000,[6873.885565690778],[167.58176393668163],[0.4258169398597689],-20,0.47225383165623097
5130,-0.1530072755335986,0.0,22,10000,[6873.885565690778],[167.58176393668163],[0.4258169398597689],-20,0.47225383165623097
5131,0.5623375230911886,0.0,22,10000,[6873.885565690778],[167.58176393668163],[0.4258169398597689],-20,0.47225383165623097
5132,-0.19788915047458508,0.0,22,10000,[6873.885565690778],[167.58176393668163],[0.4258169398597689],-20,0.47225383165623097
5133,-0.16960732903824532,0.0,22,10000,[6873.885565690778],[167.58176393668163],[0.4258169398597689],-20,0.47225383165623097
5134,0.6385734567809356,0.0,22,10000,[6873.885565690778],[167.58176393668163],[0.4258169398597689],-20,0.47225383165623097
5135,-0.5085764636002418,0.0,22,10000,[6873.885565690778],[167.58176393668163],[0.4258169398597689],-20,0.47225383165623097
5136,0.1738675616351648,0.0,22,10000,[6873.885565690778],[167.58176393668163],[0.4258169398597689],-20,0.47225383165623097
5137,0.832209604797281,0.0,22,10000,[6873.885565690778],[167.58176393668163],[0.4258169398597689],-20,0.47225383165623097
5138,0.74832276837775,0.0,22,10000,[6873.885565690778],[167.58176393668163],[0.4258169398597689],-20,0.47225383165623097
5139,0.2604562321283839,0.0,22,10000,[6873.885565690778],[167.58176393668163],[0.4258169398597689],-20,0.47225383165623097
5140,-0.270941813758043,0.0,22,10000,[6873.885565690778],[167.58176393668163],[0.4258169398597689],-20,0.47225383165623097
5141,0.45750357916712386,0.0,22,10000,[6873.885565690778],[167.58176393668163],[0.4258169398597689],-20,0.47225383165623097
5142,-0.603465696475591,0.0,22,10000,[6873.885565690778],[167.58176393668163],[0.4258169398597689],-20,0.47225383165623097
5143,0.3051016419559395,0.0,22,10000,[6873.885565690778],[167.58176393668163],[0.4258169398597689],-20,0.47225383165623097
5144,0.6073600626943915,0.0,22,10000,[6873.885565690778],[167.58176393668163],[0.4258169398597689],-20,0.47225383165623097
5145,0.07013854320021824,0.0,22,10000,[6873.885565690778],[167.58176393668163],[0.4258169398597689],-20,0.47225383165623097
5146,0.11084597833334349,0.0,22,10000,[6873.885565690778],[167.58176393668163],[0.4258169398597689],-20,0.47225383165623097
5147,0.3727478711628536,0.0,22,10000,[6873.885565690778],[167.58176393668163],[0.4258169398597689],-20,0.47225383165623097
5148,-0.10318320447329872,0.0,22,10000,[6873.885565690778],[167.58176393668163],[0.4258169398597689],-20,0.47225383165623097
5149,-0.4171242818959308,0.0,22,10000,[6873.885565690778],[167.58176393668163],[0.4258169398597689],-20,0.47225383165623097
5150,0.8080233953483823,0.0,22,10000,[6873.885565690778],[167.58176393668163],[0.4258169398597689],-20,0.47225383165623097
5151,0.4642981252255667,0.0,22,10000,[6873.885565690778],[167.58176393668163],[0.4258169398597689],-20,0.47225383165623097
5152,-0.45184400445229017,0.0,22,10000,[6873.885565690778],[167.58176393668163],[0.4258169398597689],-20,0.47225383165623097
5153,0.20915223519249018,0.0,22,10000,[6873.885565690778],[167.58176393668163],[0.4258169398597689],-20,0.47225383165623097
5154,-0.41171535118350977,0.0,22,10000,[6873.885565690778],[167.58176393668163],[0.4258169398597689],-20,0.47225383165623097
5155,0.1824456725967847,0.0,22,10000,[6873.885565690778],[167.58176393668163],[0.4258169398597689],-20,0.47225383165623097
5156,-0.5589208349268685,0.0,22,10000,[6873.885565690778],[167.58176393668163],[0.4258169398597689],-20,0.47225383165623097
5157,-0.1586587756615351,0.0,22,10000,[6873.885565690778],[167.58176393668163],[0.4258169398597689],-20,0.47225383165623097
5158,0.11754915169450936,0.0,22,10000,[6873.885565690778],[167.58176393668163],[0.4258169398597689],-20,0.47225383165623097
5159,-0.0850086549600427,0.0,22,10000,[6873.885565690778],[167.58176393668163],[0.4258169398597689],-20,0.47225383165623097
5160,-0.3276871481392276,0.0,22,10000,[6873.885565690778],[167.58176393668163],[0.4258169398597689],-20,0.47225383165623097
5161,-0.40234925398107513,0.0,22,10000,[6873.885565690778],[167.58176393668163],[0.4258169398597689],-20,0.47225383165623097
5162,0.4326710365372523,0.0,22,10000,[6873.885565690778],[167.58176393668163],[0.4258169398597689],-20,0.47225383165623097
5163,0.3347561161056551,0.0,22,10000,[6873.885565690778],[167.58176393668163],[0.4258169398597689],-20,0.47225383165623097
5164,0.6978035474338223,0.0,22,10000,[6873.885565690778],[167.58176393668163],[0.4258169398597689],-20,0.47225383165623097
5165,-0.667152802999257,0.0,22,10000,[6873.885565690778],[167.58176393668163],[0.4258169398597689],-20,0.47225383165623097
5166,-0.9643211210173139,0.0,22,10000,[6873.885565690778],[167.58176393668163],[0.4258169398597689],-20,0.47225383165623097
5167,-0.02935149685895985,0.0,22,10000,[6873.885565690778],[167.58176393668163],[0.4258169398597689],-20,0.47225383165623097
5168,-0.3351218291092905,0.0,22,10000,[6873.885565690778],[167.58176393668163],[0.4258169398597689],-20,0.47225383165623097
5169,-0.4499797074040182,0.0,22,10000,[6873.885565690778],[167.58176393668163],[0.4258169398597689],-20,0.47225383165623097
5170,-0.5434308643613134,0.0,22,10000,[6873.885565690778],[167.58176393668163],[0.4258169398597689],-20,0.47225383165623097
5171,-0.3631142922496033,0.0,22,10000,[6873.885565690778],[167.58176393668163],[0.4258169398597689],-20,0.47225383165623097
5172,-0.30985967103076306,0.0,22,10000,[6873.885565690778],[167.58176393668163],[0.4258169398597689],-20,0.47225383165623097
5173,-0.6633350290523908,0.0,22,10000,[6873.885565690778],[167.58176393668163],[0.4258169398597689],-20,0.47225383165623097
5174,-0.08862286505630738,0.0,22,10000,[6873.885565690778],[167.58176393668163],[0.4258169398597689],-20,0.47225383165623097
5175,0.07463071689524145,0.0,22,10000,[6873.885565690778],[167.58176393668163],[0.4258169398597689],-20,0.47225383165623097
5176,-0.3800390055248928,0.0,22,10000,[6873.885565690778],[167.58176393668163],[0.4258169398597689],-20,0.47225383165623097
5177,-0.20289994894959132,0.0,22,10000,[6873.885565690778],[167.58176393668163],[0.4258169398597689],-20,0.47225383165623097
5178,1.0896901132536023,0.0,22,10000,[6873.885565690778],[167.58176393668163],[0.4258169398597689],-20,0.47225383165623097
5179,-0.5836659445541184,0.0,22,10000,[6873.885565690778],[167.58176393668163],[0.4258169398597689],-20,0.47225383165623097
5180,0.3526678474873235,0.0,22,10000,[6873.885565690778],[167.58176393668163],[0.4258169398597689],-20,0.47225383165623097
5181,-0.10514864462718022,0.0,22,10000,[6873.885565690778],[167.58176393668163],[0.4258169398597689],-20,0.47225383165623097
5182,0.46985047290104337,0.0,22,10000,[6873.885565690778],[167.58176393668163],[0.4258169398597689],-20,0.47225383165623097
5183,-0.11464084074131266,0.0,22,10000,[6873.885565690778],[167.58176393668163],[0.4258169398597689],-20,0.47225383165623097
5184,0.17279234286366826,0.0,22,10000,[6873.885565690778],[167.58176393668163],[0.4258169398597689],-20,0.47225383165623097
5185,-1.1341114941880153,0.0,22,10000,[6873.885565690778],[167.58176393668163],[0.4258169398597689],-20,0.47225383165623097
5186,0.9268837019409508,0.0,22,10000,[6873.885565690778],[167.58176393668163],[0.4258169398597689],-20,0.47225383165623097
5187,-0.13535156304550766,0.0,22,10000,[6873.885565690778],[167.58176393668163],[0.4258169398597689],-20,0.47225383165623097
5188,0.05672073817172687,0.0,22,10000,[6873.885565690778],[167.58176393668163],[0.4258169398597689],-20,0.47225383165623097
5189,0.547940358793338,0.0,22,10000,[6873.885565690778],[167.58176393668163],[0.4258169398597689],-20,0.47225383165623097
5190,-0.11182661585632021,0.0,22,10000,[6873.885565690778],[167.58176393668163],[0.4258169398597689],-20,0.47225383165623097
5191,0.16664974731663762,0.0,22,10000,[6873.885565690778],[167.58176393668163],[0.4258169398597689],-20,0.47225383165623097
5192,0.39273870214385265,0.0,22,10000,[6873.885565690778],[167.58176393668163],[0.4258169398597689],-20,0.47225383165623097
5193,-0.20115209045366156,0.0,22,10000,[6873.885565690778],[167.58176393668163],[0.4258169398597689],-20,0.47225383165623097
5194,0.0603624092850051,0.0,22,10000,[6873.885565690778],[167.58176393668163],[0.4258169398597689],-20,0.47225383165623097
5195,1.2208114395655854,0.0,22,10000,[6873.885565690778],[167.58176393668163],[0.4258169398597689],-20,0.47225383165623097
5196,-0.0313608072053321,0.0,22,10000,[6873.885565690778],[167.58176393668163],[0.4258169398597689],-20,0.47225383165623097
5197,0.19112161867413355,0.0,22,10000,[6873.885565690778],[167.58176393668163],[0.4258169398597689],-20,0.47225383165623097
5198,0.026798315944146184,0.0,22,10000,[6873.885565690778],[167.58176393668163],[0.4258169398597689],-20,0.47225383165623097
5199,-0.18315569519072847,0.0,22,10000,[6873.885565690778],[167.58176393668163],[0.4258169398597689],-20,0.47225383165623097
5200,0.20073630811149293,0.0,22,10000,[6873.885565690778],[167.58176393668163],[0.4258169398597689],-20,0.47225383165623097
5201,0.34229737335699484,0.0,22,10000,[6873.885565690778],[167.58176393668163],[0.4258169398597689],-20,0.47225383165623097
5202,0.23600133137106796,0.0,22,10000,[6873.885565690778],[167.58176393668163],[0.4258169398597689],-20,0.47225383165623097
5203,0.13670958173974396,0.0,22,10000,[6873.885565690778],[167.58176393668163],[0.4258169398597689],-20,0.47225383165623097
5204,0.7006523553520925,0.0,22,10000,[6873.885565690778],[167.58176393668163],[0.4258169398597689],-20,0.47225383165623097
5205,0.006619692367611979,0.0,22,10000,[6873.885565690778],[167.58176393668163],[0.4258169398597689],-20,0.47225383165623097
5206,0.5773566320632559,0.0,22,10000,[6873.885565690778],[167.58176393668163],[0.4258169398597689],-20,0.47225383165623097
5207,-0.2387268175370453,0.0,22,10000,[6873.885565690778],[167.58176393668163],[0.4258169398597689],-20,0.47225383165623097
5208,-0.22332247727123805,0.0,22,10000,[6873.885565690778],[167.58176393668163],[0.4258169398597689],-20,0.47225383165623097
5209,-0.6631567904693406,0.0,22,10000,[6873.885565690778],[167.58176393668163],[0.4258169398597689],-20,0.47225383165623097
5210,-0.2393391196047453,0.0,22,10000,[6873.885565690778],[167.58176393668163],[0.4258169398597689],-20,0.47225383165623097
5211,0.5723969164258917,0.0,22,10000,[6873.885565690778],[167.58176393668163],[0.4258169398597689],-20,0.47225383165623097
5212,0.7537806978374685,0.0,22,10000,[6873.885565690778],[167.58176393668163],[0.4258169398597689],-20,0.47225383165623097
5213,-0.0851098539996762,0.0,22,10000,[6873.885565690778],[167.58176393668163],[0.4258169398597689],-20,0.47225383165623097
5214,-0.6829217890469237,0.0,22,10000,[6873.885565690778],[167.58176393668163],[0.4258169398597689],-20,0.47225383165623097
5215,-0.3049233272610112,0.0,22,10000,[6873.885565690778],[167.58176393668163],[0.4258169398597689],-20,0.47225383165623097
5216,0.6341615238153684,0.0,22,10000,[6873.885565690778],[167.58176393668163],[0.4258169398597689],-20,0.47225383165623097
5217,-0.07442001425073112,0.0,22,10000,[6873.885565690778],[167.58176393668163],[0.4258169398597689],-20,0.47225383165623097
5218,-0.4264645973583181,0.0,22,10000,[6873.885565690778],[167.58176393668163],[0.4258169398597689],-20,0.47225383165623097
5219,-0.8537187597242858,0.0,22,10000,[6873.885565690778],[167.58176393668163],[0.4258169398597689],-20,0.47225383165623097
5220,-0.2504788658029343,0.0,22,10000,[6873.885565690778],[167.58176393668163],[0.4258169398597689],-20,0.47225383165623097
5221,0.6469705289847008,0.0,22,10000,[6873.885565690778],[167.58176393668163],[0.4258169398597689],-20,0.47225383165623097
5222,-0.5211674759274478,0.0,22,10000,[6873.885565690778],[167.58176393668163],[0.4258169398597689],-20,0.47225383165623097
5223,0.1917929714645019,0.0,22,10000,[6873.885565690778],[167.58176393668163],[0.4258169398597689],-20,0.47225383165623097
5224,0.6758637791486841,0.0,22,10000,[6873.885565690778],[167.58176393668163],[0.4258169398597689],-20,0.47225383165623097
5225,0.09700156105625912,0.0,22,10000,[6873.885565690778],[167.58176393668163],[0.4258169398597689],-20,0.47225383165623097
5226,-0.7938572141254601,0.0,22,10000,[6873.885565690778],[167.58176393668163],[0.4258169398597689],-20,0.47225383165623097
5227,-0.1668304691692915,0.0,22,10000,[6873.885565690778],[167.58176393668163],[0.4258169398597689],-20,0.47225383165623097
5228,0.1389248369580828,0.0,22,10000,[6873.885565690778],[167.58176393668163],[0.4258169398597689],-20,0.47225383165623097
5229,0.5131372050316837,0.0,22,10000,[6873.885565690778],[167.58176393668163],[0.4258169398597689],-20,0.47225383165623097
5230,0.23885577281317144,0.0,22,10000,[6873.885565690778],[167.58176393668163],[0.4258169398597689],-20,0.47225383165623097
5231,0.7772312989733321,0.0,22,10000,[6873.885565690778],[167.58176393668163],[0.4258169398597689],-20,0.47225383165623097
5232,-0.23516624392513558,0.0,22,10000,[6873.885565690778],[167.58176393668163],[0.4258169398597689],-20,0.47225383165623097
5233,0.19620664689892686,0.0,22,10000,[6873.885565690778],[167.58176393668163],[0.4258169398597689],-20,0.47225383165623097
5234,0.5268717580983471,0.0,22,10000,[6873.885565690778],[167.58176393668163],[0.4258169398597689],-20,0.47225383165623097
5235,-0.4878625364674448,0.0,22,10000,[6873.885565690778],[167.58176393668163],[0.4258169398597689],-20,0.47225383165623097
5236,-0.1169217113706852,0.0,22,10000,[6873.885565690778],[167.58176393668163],[0.4258169398597689],-20,0.47225383165623097
5237,-0.12350174618265991,0.0,22,10000,[6873.885565690778],[167.58176393668163],[0.4258169398597689],-20,0.47225383165623097
5238,0.30651902284752924,0.0,22,10000,[6873.885565690778],[167.58176393668163],[0.4258169398597689],-20,0.47225383165623097
5239,-0.4898873304220268,0.0,22,10000,[6873.885565690778],[167.58176393668163],[0.4258169398597689],-20,0.47225383165623097
5240,0.3173601658943224,0.0,22,10000,[6873.885565690778],[167.58176393668163],[0.4258169398597689],-20,0.47225383165623097
5241,-0.5128534186952667,0.0,22,10000,[6873.885565690778],[167.58176393668163],[0.4258169398597689],-20,0.47225383165623097
5242,-0.14310999326221535,0.0,22,10000,[6873.885565690778],[167.58176393668163],[0.4258169398597689],-20,0.47225383165623097
5243,0.3400716135594289,0.0,22,10000,[6873.885565690778],[167.58176393668163],[0.4258169398597689],-20,0.47225383165623097
5244,0.2551963728349248,0.0,22,10000,[6873.885565690778],[167.58176393668163],[0.4258169398597689],-20,0.47225383165623097
5245,0.16548303216524693,0.0,22,10000,[6873.885565690778],[167.58176393668163],[0.4258169398597689],-20,0.47225383165623097
5246,0.726878301722457,0.0,22,10000,[6873.885565690778],[167.58176393668163],[0.4258169398597689],-20,0.47225383165623097
5247,-0.23981929449625916,0.0,22,10000,[6873.885565690778],[167.58176393668163],[0.4258169398597689],-20,0.47225383165623097
5248,-0.2904939135640677,0.0,22,10000,[6873.885565690778],[167.58176393668163],[0.4258169398597689],-20,0.47225383165623097
5249,0.16537275314336317,0.0,22,10000,[6873.885565690778],[167.58176393668163],[0.4258169398597689],-20,0.47225383165623097
5250,0.21098593762632137,0.0,22,10000,[6873.885565690778],[167.58176393668163],[0.4258169398597689],-20,0.47225383165623097
5251,-0.6415523308065112,0.0,22,10000,[6873.885565690778],[167.58176393668163],[0.4258169398597689],-20,0.47225383165623097
5252,-0.31147731265585893,0.0,22,10000,[6873.885565690778],[167.58176393668163],[0.4258169398597689],-20,0.47225383165623097
5253,0.2782329686504898,0.0,22,10000,[6873.885565690778],[167.58176393668163],[0.4258169398597689],-20,0.47225383165623097
5254,0.18604342655014175,0.0,22,10000,[6873.885565690778],[167.58176393668163],[0.4258169398597689],-20,0.47225383165623097
5255,0.6128230557378201,0.0,22,10000,[6873.885565690778],[167.58176393668163],[0.4258169398597689],-20,0.47225383165623097
5256,0.7527909806873582,0.0,22,10000,[6873.885565690778],[167.58176393668163],[0.4258169398597689],-20,0.47225383165623097
5257,-0.27892253903782027,0.0,22,10000,[6873.885565690778],[167.58176393668163],[0.4258169398597689],-20,0.47225383165623097
5258,-0.9290557280341355,0.0,22,10000,[6873.885565690778],[167.58176393668163],[0.4258169398597689],-20,0.47225383165623097
5259,0.13801668242303367,0.0,22,10000,[6873.885565690778],[167.58176393668163],[0.4258169398597689],-20,0.47225383165623097
5260,0.003975733974283748,0.0,22,10000,[6873.885565690778],[167.58176393668163],[0.4258169398597689],-20,0.47225383165623097
5261,-0.33552069664938516,0.0,22,10000,[6873.885565690778],[167.58176393668163],[0.4258169398597689],-20,0.47225383165623097
5262,-0.08542990295470877,0.0,22,10000,[6873.885565690778],[167.58176393668163],[0.4258169398597689],-20,0.47225383165623097
5263,-0.19978129668556022,0.0,22,10000,[6873.885565690778],[167.58176393668163],[0.4258169398597689],-20,0.47225383165623097
5264,0.3327000524278973,0.0,22,10000,[6873.885565690778],[167.58176393668163],[0.4258169398597689],-20,0.47225383165623097
5265,0.2772677081277391,0.0,22,10000,[6873.885565690778],[167.58176393668163],[0.4258169398597689],-20,0.47225383165623097
5266,0.5595440683152849,0.0,22,10000,[6873.885565690778],[167.58176393668163],[0.4258169398597689],-20,0.47225383165623097
5267,-0.2866653718050417,0.0,22,10000,[6873.885565690778],[167.58176393668163],[0.4258169398597689],-20,0.47225383165623097
5268,-0.9444614817164392,0.0,22,10000,[6873.885565690778],[167.58176393668163],[0.4258169398597689],-20,0.47225383165623097
5269,0.19322390878639042,0.0,22,10000,[6873.885565690778],[167.58176393668163],[0.4258169398597689],-20,0.47225383165623097
5270,0.12808528813372408,0.0,22,10000,[6873.885565690778],[167.58176393668163],[0.4258169398597689],-20,0.47225383165623097
5271,0.4757505552469473,0.0,22,10000,[6873.885565690778],[167.58176393668163],[0.4258169398597689],-20,0.47225383165623097
5272,0.5585187759040356,0.0,22,10000,[6873.885565690778],[167.58176393668163],[0.4258169398597689],-20,0.47225383165623097
5273,0.04691324320828222,0.0,22,10000,[6873.885565690778],[167.58176393668163],[0.4258169398597689],-20,0.47225383165623097
5274,0.2939014399491434,0.0,22,10000,[6873.885565690778],[167.58176393668163],[0.4258169398597689],-20,0.47225383165623097
5275,-0.3926249569889845,0.0,22,10000,[6873.885565690778],[167.58176393668163],[0.4258169398597689],-20,0.47225383165623097
5276,-0.09635372244883082,0.0,22,10000,[6873.885565690778],[167.58176393668163],[0.4258169398597689],-20,0.47225383165623097
5277,-0.0006175564100272599,0.0,22,10000,[6873.885565690778],[167.58176393668163],[0.4258169398597689],-20,0.47225383165623097
5278,0.08651889929868631,0.0,22,10000,[6873.885565690778],[167.58176393668163],[0.4258169398597689],-20,0.47225383165623097
5279,-0.01819184052248956,0.0,22,10000,[6873.885565690778],[167.58176393668163],[0.4258169398597689],-20,0.47225383165623097
5280,-0.20759081187677453,0.0,22,10000,[6873.885565690778],[167.58176393668163],[0.4258169398597689],-20,0.47225383165623097
5281,0.4616205987383504,0.0,22,10000,[6873.885565690778],[167.58176393668163],[0.4258169398597689],-20,0.47225383165623097
5282,-0.40188627507234337,0.0,22,10000,[6873.885565690778],[167.58176393668163],[0.4258169398597689],-20,0.47225383165623097
5283,0.9215604671838329,0.0,22,10000,[6873.885565690778],[167.58176393668163],[0.4258169398597689],-20,0.47225383165623097
5284,-0.024589486286722948,0.0,22,10000,[6873.885565690778],[167.58176393668163],[0.4258169398597689],-20,0.47225383165623097
5285,-0.07008451903937697,0.0,22,10000,[6873.885565690778],[167.58176393668163],[0.4258169398597689],-20,0.47225383165623097
5286,-0.47581395525898224,0.0,22,10000,[6873.885565690778],[167.58176393668163],[0.4258169398597689],-20,0.47225383165623097
5287,0.275510931975061,0.0,22,10000,[6873.885565690778],[167.58176393668163],[0.4258169398597689],-20,0.47225383165623097
5288,0.14291348276758722,0.0,22,10000,[6873.885565690778],[167.58176393668163],[0.4258169398597689],-20,0.47225383165623097
5289,0.7646440682964097,0.0,22,10000,[6873.885565690778],[167.58176393668163],[0.4258169398597689],-20,0.47225383165623097
5290,0.28148115829429265,0.0,22,10000,[6873.885565690778],[167.58176393668163],[0.4258169398597689],-20,0.47225383165623097
5291,-0.5336988657317654,0.0,22,10000,[6873.885565690778],[167.58176393668163],[0.4258169398597689],-20,0.47225383165623097
5292,-0.1582166411147376,0.0,22,10000,[6873.885565690778],[167.58176393668163],[0.4258169398597689],-20,0.47225383165623097
5293,0.3277430044882452,0.0,22,10000,[6873.885565690778],[167.58176393668163],[0.4258169398597689],-20,0.47225383165623097
5294,-0.7071540825866729,0.0,22,10000,[6873.885565690778],[167.58176393668163],[0.4258169398597689],-20,0.47225383165623097
5295,-0.41466695319865976,0.0,22,10000,[6873.885565690778],[167.58176393668163],[0.4258169398597689],-20,0.47225383165623097
5296,0.8613069005905949,0.0,22,10000,[6873.885565690778],[167.58176393668163],[0.4258169398597689],-20,0.47225383165623097
5297,0.33858262041677456,0.0,22,10000,[6873.885565690778],[167.58176393668163],[0.4258169398597689],-20,0.47225383165623097
5298,-0.294021366773104,0.0,22,10000,[6873.885565690778],[167.58176393668163],[0.4258169398597689],-20,0.47225383165623097
5299,-0.1099093571547503,0.0,22,10000,[6873.885565690778],[167.58176393668163],[0.4258169398597689],-20,0.47225383165623097
5300,-0.05817683583627613,0.0,22,10000,[6873.885565690778],[167.58176393668163],[0.4258169398597689],-20,0.47225383165623097
5301,0.11272202078589082,0.0,22,10000,[6873.885565690778],[167.58176393668163],[0.4258169398597689],-20,0.47225383165623097
5302,-0.6448411421492083,0.0,22,10000,[6873.885565690778],[167.58176393668163],[0.4258169398597689],-20,0.47225383165623097
5303,0.2750917341732775,0.0,22,10000,[6873.885565690778],[167.58176393668163],[0.4258169398597689],-20,0.47225383165623097
5304,0.7161516197532293,0.0,22,10000,[6873.885565690778],[167.58176393668163],[0.4258169398597689],-20,0.47225383165623097
5305,-0.6222084629708646,0.0,22,10000,[6873.885565690778],[167.58176393668163],[0.4258169398597689],-20,0.47225383165623097
5306,0.2949440664656739,0.0,22,10000,[6873.885565690778],[167.58176393668163],[0.4258169398597689],-20,0.47225383165623097
5307,-0.2771837459580078,0.0,22,10000,[6873.885565690778],[167.58176393668163],[0.4258169398597689],-20,0.47225383165623097
5308,-0.058156302553961696,0.0,22,10000,[6873.885565690778],[167.58176393668163],[0.4258169398597689],-20,0.47225383165623097
5309,-0.2290763005182306,0.0,22,10000,[6873.885565690778],[167.58176393668163],[0.4258169398597689],-20,0.47225383165623097
5310,0.36099479044193944,0.0,22,10000,[6873.885565690778],[167.58176393668163],[0.4258169398597689],-20,0.47225383165623097
5311,0.08348768527944259,0.0,22,10000,[6873.885565690778],[167.58176393668163],[0.4258169398597689],-20,0.47225383165623097
5312,0.3343898765081204,0.0,22,10000,[6873.885565690778],[167.58176393668163],[0.4258169398597689],-20,0.47225383165623097
5313,0.42539693988416766,0.0,22,10000,[6873.885565690778],[167.58176393668163],[0.4258169398597689],-20,0.47225383165623097
5314,0.049150465136469,0.0,22,10000,[6873.885565690778],[167.58176393668163],[0.4258169398597689],-20,0.47225383165623097
5315,0.19315160152494582,0.0,22,10000,[6873.885565690778],[167.58176393668163],[0.4258169398597689],-20,0.47225383165623097
5316,-0.7111183192184756,0.0,22,10000,[6873.885565690778],[167.58176393668163],[0.4258169398597689],-20,0.47225383165623097
5317,-0.9142506385497151,0.0,22,10000,[6873.885565690778],[167.58176393668163],[0.4258169398597689],-20,0.47225383165623097
5318,-0.1382461555948613,0.0,22,10000,[6873.885565690778],[167.58176393668163],[0.4258169398597689],-20,0.47225383165623097
5319,-0.4719696331878784,0.0,22,10000,[6873.885565690778],[167.58176393668163],[0.4258169398597689],-20,0.47225383165623097
5320,-0.18079738277699486,0.0,22,10000,[6873.885565690778],[167.58176393668163],[0.4258169398597689],-20,0.47225383165623097
5321,0.15818218865005365,0.0,22,10000,[6873.885565690778],[167.58176393668163],[0.4258169398597689],-20,0.47225383165623097
5322,-0.011215953358969728,0.0,22,10000,[6873.885565690778],[167.58176393668163],[0.4258169398597689],-20,0.47225383165623097
5323,0.2058822113724933,0.0,22,10000,[6873.885565690778],[167.58176393668163],[0.4258169398597689],-20,0.47225383165623097
5324,-0.5419799162504432,0.0,22,10000,[6873.885565690778],[167.58176393668163],[0.4258169398597689],-20,0.47225383165623097
5325,0.031800222233047494,0.0,22,10000,[6873.885565690778],[167.58176393668163],[0.4258169398597689],-20,0.47225383165623097
5326,-0.08250969012426525,0.0,22,10000,[6873.885565690778],[167.58176393668163],[0.4258169398597689],-20,0.47225383165623097
5327,0.5055694946819789,0.0,22,10000,[6873.885565690778],[167.58176393668163],[0.4258169398597689],-20,0.47225383165623097
5328,0.008976812016558451,0.0,22,10000,[6873.885565690778],[167.58176393668163],[0.4258169398597689],-20,0.47225383165623097
5329,0.03111857065289773,0.0,22,10000,[6873.885565690778],[167.58176393668163],[0.4258169398597689],-20,0.47225383165623097
5330,1.1452831526922886,0.0,22,10000,[6873.885565690778],[167.58176393668163],[0.4258169398597689],-20,0.47225383165623097
5331,-0.13307987713282848,0.0,22,10000,[6873.885565690778],[167.58176393668163],[0.4258169398597689],-20,0.47225383165623097
5332,-1.0082170229412761,0.0,22,10000,[6873.885565690778],[167.58176393668163],[0.4258169398597689],-20,0.47225383165623097
5333,0.10749046331754704,0.0,22,10000,[6873.885565690778],[167.58176393668163],[0.4258169398597689],-20,0.47225383165623097
5334,0.03498453953256488,0.0,22,10000,[6873.885565690778],[167.58176393668163],[0.4258169398597689],-20,0.47225383165623097
5335,0.21264237067813238,0.0,22,10000,[6873.885565690778],[167.58176393668163],[0.4258169398597689],-20,0.47225383165623097
5336,-0.20090580368103803,0.0,22,10000,[6873.885565690778],[167.58176393668163],[0.4258169398597689],-20,0.47225383165623097
5337,0.12373843159308387,0.0,22,10000,[6873.885565690778],[167.58176393668163],[0.4258169398597689],-20,0.47225383165623097
5338,-0.3967885619832684,0.0,22,10000,[6873.885565690778],[167.58176393668163],[0.4258169398597689],-20,0.47225383165623097
5339,-0.1220478842117134,0.0,22,10000,[6873.885565690778],[167.58176393668163],[0.4258169398597689],-20,0.47225383165623097
5340,-0.2882266738510298,0.0,22,10000,[6873.885565690778],[167.58176393668163],[0.4258169398597689],-20,0.47225383165623097
5341,0.4372802708454744,0.0,22,10000,[6873.885565690778],[167.58176393668163],[0.4258169398597689],-20,0.47225383165623097
5342,-0.277601126296722,0.0,22,10000,[6873.885565690778],[167.58176393668163],[0.4258169398597689],-20,0.47225383165623097
5343,-0.078441181443231,0.0,22,10000,[6873.885565690778],[167.58176393668163],[0.4258169398597689],-20,0.47225383165623097
5344,0.5275674735079374,0.0,22,10000,[6873.885565690778],[167.58176393668163],[0.4258169398597689],-20,0.47225383165623097
5345,0.6404876859189879,0.0,22,10000,[6873.885565690778],[167.58176393668163],[0.4258169398597689],-20,0.47225383165623097
5346,0.34759992381293003,0.0,22,10000,[6873.885565690778],[167.58176393668163],[0.4258169398597689],-20,0.47225383165623097
5347,0.32998144137941465,0.0,22,10000,[6873.885565690778],[167.58176393668163],[0.4258169398597689],-20,0.47225383165623097
5348,0.5036566136653374,0.0,22,10000,[6873.885565690778],[167.58176393668163],[0.4258169398597689],-20,0.47225383165623097
5349,-0.39466979348002706,0.0,22,10000,[6873.885565690778],[167.58176393668163],[0.4258169398597689],-20,0.47225383165623097
5350,-1.5158447934481907,0.0,22,10000,[6873.885565690778],[167.58176393668163],[0.4258169398597689],-20,0.47225383165623097
5351,-0.25746450048074443,0.0,22,10000,[6873.885565690778],[167.58176393668163],[0.4258169398597689],-20,0.47225383165623097
5352,0.45788894220823456,0.0,22,10000,[6873.885565690778],[167.58176393668163],[0.4258169398597689],-20,0.47225383165623097
5353,-0.5227381943918356,0.0,22,10000,[6873.885565690778],[167.58176393668163],[0.4258169398597689],-20,0.47225383165623097
5354,0.9260233146050041,0.0,22,10000,[6873.885565690778],[167.58176393668163],[0.4258169398597689],-20,0.47225383165623097
5355,-0.025583533883239026,0.0,22,10000,[6873.885565690778],[167.58176393668163],[0.4258169398597689],-20,0.47225383165623097
5356,-0.6081320752641407,0.0,22,10000,[6873.885565690778],[167.58176393668163],[0.4258169398597689],-20,0.47225383165623097
5357,-0.28335874427375213,0.0,22,10000,[6873.885565690778],[167.58176393668163],[0.4258169398597689],-20,0.47225383165623097
5358,-0.5224435887513246,0.0,22,10000,[6873.885565690778],[167.58176393668163],[0.4258169398597689],-20,0.47225383165623097
5359,0.06434853058544479,0.0,22,10000,[6873.885565690778],[167.58176393668163],[0.4258169398597689],-20,0.47225383165623097
5360,-0.007071250823202261,0.0,22,10000,[6873.885565690778],[167.58176393668163],[0.4258169398597689],-20,0.47225383165623097
5361,0.52392889478141,0.0,22,10000,[6873.885565690778],[167.58176393668163],[0.4258169398597689],-20,0.47225383165623097
5362,-0.6249102227762879,0.0,22,10000,[6873.885565690778],[167.58176393668163],[0.4258169398597689],-20,0.47225383165623097
5363,-0.3316469685914726,0.0,22,10000,[6873.885565690778],[167.58176393668163],[0.4258169398597689],-20,0.47225383165623097
5364,0.04616752193963634,0.0,22,10000,[6873.885565690778],[167.58176393668163],[0.4258169398597689],-20,0.47225383165623097
5365,-0.34585932878055453,0.0,22,10000,[6873.885565690778],[167.58176393668163],[0.4258169398597689],-20,0.47225383165623097
5366,0.4066002692412351,0.0,22,10000,[6873.885565690778],[167.58176393668163],[0.4258169398597689],-20,0.47225383165623097
5367,0.31292097859112245,0.0,22,10000,[6873.885565690778],[167.58176393668163],[0.4258169398597689],-20,0.47225383165623097
5368,-0.058180101486810853,0.0,22,10000,[6873.885565690778],[167.58176393668163],[0.4258169398597689],-20,0.47225383165623097
5369,0.2139280014806879,0.0,22,10000,[6873.885565690778],[167.58176393668163],[0.4258169398597689],-20,0.47225383165623097
5370,-0.11466364365606765,0.0,22,10000,[6873.885565690778],[167.58176393668163],[0.4258169398597689],-20,0.47225383165623097
5371,-0.5060484521771819,0.0,22,10000,[6873.885565690778],[167.58176393668163],[0.4258169398597689],-20,0.47225383165623097
5372,-0.7607251273975417,0.0,22,10000,[6873.885565690778],[167.58176393668163],[0.4258169398597689],-20,0.47225383165623097
5373,-0.4846474438572562,0.0,22,10000,[6873.885565690778],[167.58176393668163],[0.4258169398597689],-20,0.47225383165623097
5374,0.2734536710580831,0.0,22,10000,[6873.885565690778],[167.58176393668163],[0.4258169398597689],-20,0.47225383165623097
5375,-0.026988935810529253,0.0,22,10000,[6873.885565690778],[167.58176393668163],[0.4258169398597689],-20,0.47225383165623097
5376,0.32427678433224566,0.0,22,10000,[6873.885565690778],[167.58176393668163],[0.4258169398597689],-20,0.47225383165623097
5377,0.3623940114931439,0.0,22,10000,[6873.885565690778],[167.58176393668163],[0.4258169398597689],-20,0.47225383165623097
5378,0.38277856630181717,0.0,22,10000,[6873.885565690778],[167.58176393668163],[0.4258169398597689],-20,0.47225383165623097
5379,-0.81019036062884,0.0,22,10000,[6873.885565690778],[167.58176393668163],[0.4258169398597689],-20,0.47225383165623097
5380,0.050241473222121316,0.0,22,10000,[6873.885565690778],[167.58176393668163],[0.4258169398597689],-20,0.47225383165623097
5381,0.9779492395572389,0.0,22,10000,[6873.885565690778],[167.58176393668163],[0.4258169398597689],-20,0.47225383165623097
5382,0.059491771257918914,0.0,22,10000,[6873.885565690778],[167.58176393668163],[0.4258169398597689],-20,0.47225383165623097
5383,-0.16952348839691492,0.0,22,10000,[6873.885565690778],[167.58176393668163],[0.4258169398597689],-20,0.47225383165623097
5384,0.30175324856612545,0.0,22,10000,[6873.885565690778],[167.58176393668163],[0.4258169398597689],-20,0.47225383165623097
5385,0.5252851621443414,0.0,22,10000,[6873.885565690778],[167.58176393668163],[0.4258169398597689],-20,0.47225383165623097
5386,0.4584690213454874,0.0,22,10000,[6873.885565690778],[167.58176393668163],[0.4258169398597689],-20,0.47225383165623097
5387,-0.8265750257433687,0.0,22,10000,[6873.885565690778],[167.58176393668163],[0.4258169398597689],-20,0.47225383165623097
5388,0.7495781048016211,0.0,22,10000,[6873.885565690778],[167.58176393668163],[0.4258169398597689],-20,0.47225383165623097
5389,0.23615677068717683,0.0,22,10000,[6873.885565690778],[167.58176393668163],[0.4258169398597689],-20,0.47225383165623097
5390,0.7398237805019404,0.0,22,10000,[6873.885565690778],[167.58176393668163],[0.4258169398597689],-20,0.47225383165623097
5391,0.6746778366888271,0.0,22,10000,[6873.885565690778],[167.58176393668163],[0.4258169398597689],-20,0.47225383165623097
5392,0.23940148793043733,0.0,22,10000,[6873.885565690778],[167.58176393668163],[0.4258169398597689],-20,0.47225383165623097
5393,0.5177535160914014,0.0,22,10000,[6873.885565690778],[167.58176393668163],[0.4258169398597689],-20,0.47225383165623097
5394,0.07700874654141539,0.0,22,10000,[6873.885565690778],[167.58176393668163],[0.4258169398597689],-20,0.47225383165623097
5395,-0.5096464779307647,0.0,22,10000,[6873.885565690778],[167.58176393668163],[0.4258169398597689],-20,0.47225383165623097
5396,-0.6503987900497894,0.0,22,10000,[6873.885565690778],[167.58176393668163],[0.4258169398597689],-20,0.47225383165623097
5397,1.2279123245370658,0.0,22,10000,[6873.885565690778],[167.58176393668163],[0.4258169398597689],-20,0.47225383165623097
5398,0.32993497195839344,0.0,22,10000,[6873.885565690778],[167.58176393668163],[0.4258169398597689],-20,0.47225383165623097
5399,-0.17508021727363104,0.0,22,10000,[6873.885565690778],[167.58176393668163],[0.4258169398597689],-20,0.47225383165623097
5400,0.37938557076887947,0.0,22,10000,[6873.885565690778],[167.58176393668163],[0.4258169398597689],-20,0.47225383165623097
5401,-0.12634749309523696,0.0,22,10000,[6873.885565690778],[167.58176393668163],[0.4258169398597689],-20,0.47225383165623097
5402,-0.10676784824743703,0.0,22,10000,[6873.885565690778],[167.58176393668163],[0.4258169398597689],-20,0.47225383165623097
5403,-0.7678243031874006,0.0,22,10000,[6873.885565690778],[167.58176393668163],[0.4258169398597689],-20,0.47225383165623097
5404,1.4200636193670702,0.0,22,10000,[6873.885565690778],[167.58176393668163],[0.4258169398597689],-20,0.47225383165623097
5405,0.355816308953893,0.0,22,10000,[6873.885565690778],[167.58176393668163],[0.4258169398597689],-20,0.47225383165623097
5406,-0.439971661074598,0.0,22,10000,[6873.885565690778],[167.58176393668163],[0.4258169398597689],-20,0.47225383165623097
5407,0.25774723180136133,0.0,22,10000,[6873.885565690778],[167.58176393668163],[0.4258169398597689],-20,0.47225383165623097
5408,0.13246833049953896,0.0,22,10000,[6873.885565690778],[167.58176393668163],[0.4258169398597689],-20,0.47225383165623097
5409,-0.6057958339709109,0.0,22,10000,[6873.885565690778],[167.58176393668163],[0.4258169398597689],-20,0.47225383165623097
5410,0.07988026260383646,0.0,22,10000,[6873.885565690778],[167.58176393668163],[0.4258169398597689],-20,0.47225383165623097
5411,0.49182288795152435,0.0,22,10000,[6873.885565690778],[167.58176393668163],[0.4258169398597689],-20,0.47225383165623097
5412,0.8084277694273586,0.0,22,10000,[6873.885565690778],[167.58176393668163],[0.4258169398597689],-20,0.47225383165623097
5413,0.23586108729149027,0.0,22,10000,[6873.885565690778],[167.58176393668163],[0.4258169398597689],-20,0.47225383165623097
5414,-0.27221732508943647,0.0,22,10000,[6873.885565690778],[167.58176393668163],[0.4258169398597689],-20,0.47225383165623097
5415,0.7794376906265437,0.0,22,10000,[6873.885565690778],[167.58176393668163],[0.4258169398597689],-20,0.47225383165623097
5416,-0.17072190815922889,0.0,22,10000,[6873.885565690778],[167.58176393668163],[0.4258169398597689],-20,0.47225383165623097
5417,-0.016746298559309432,0.0,22,10000,[6873.885565690778],[167.58176393668163],[0.4258169398597689],-20,0.47225383165623097
5418,-0.0938377743710864,0.0,22,10000,[6873.885565690778],[167.58176393668163],[0.4258169398597689],-20,0.47225383165623097
5419,0.11034738837428597,0.0,22,10000,[6873.885565690778],[167.58176393668163],[0.4258169398597689],-20,0.47225383165623097
5420,-0.13959843258707239,0.0,22,10000,[6873.885565690778],[167.58176393668163],[0.4258169398597689],-20,0.47225383165623097
5421,-0.661070857387697,0.0,22,10000,[6873.885565690778],[167.58176393668163],[0.4258169398597689],-20,0.47225383165623097
5422,-0.20242425228369162,0.0,22,10000,[6873.885565690778],[167.58176393668163],[0.4258169398597689],-20,0.47225383165623097
5423,-0.0972994057954225,0.0,22,10000,[6873.885565690778],[167.58176393668163],[0.4258169398597689],-20,0.47225383165623097
5424,-0.4926185120779182,0.0,22,10000,[6873.885565690778],[167.58176393668163],[0.4258169398597689],-20,0.47225383165623097
5425,-0.12895354512781462,0.0,22,10000,[6873.885565690778],[167.58176393668163],[0.4258169398597689],-20,0.47225383165623097
5426,-0.04164986235723248,0.0,22,10000,[6873.885565690778],[167.58176393668163],[0.4258169398597689],-20,0.47225383165623097
5427,-0.1377604183079061,0.0,22,10000,[6873.885565690778],[167.58176393668163],[0.4258169398597689],-20,0.47225383165623097
5428,0.2571752882004133,0.0,22,10000,[6873.885565690778],[167.58176393668163],[0.4258169398597689],-20,0.47225383165623097
5429,-0.4826284596077411,0.0,22,10000,[6873.885565690778],[167.58176393668163],[0.4258169398597689],-20,0.47225383165623097
5430,-0.21132472146603962,0.0,22,10000,[6873.885565690778],[167.58176393668163],[0.4258169398597689],-20,0.47225383165623097
5431,-0.28943541839775666,0.0,22,10000,[6873.885565690778],[167.58176393668163],[0.4258169398597689],-20,0.47225383165623097
5432,0.21498160978757347,0.0,22,10000,[6873.885565690778],[167.58176393668163],[0.4258169398597689],-20,0.47225383165623097
5433,0.2336899304626702,0.0,22,10000,[6873.885565690778],[167.58176393668163],[0.4258169398597689],-20,0.47225383165623097
5434,-0.16719399388934747,0.0,22,10000,[6873.885565690778],[167.58176393668163],[0.4258169398597689],-20,0.47225383165623097
5435,-0.8474681164684922,0.0,22,10000,[6873.885565690778],[167.58176393668163],[0.4258169398597689],-20,0.47225383165623097
5436,-0.15654958746755662,0.0,22,10000,[6873.885565690778],[167.58176393668163],[0.4258169398597689],-20,0.47225383165623097
5437,0.16275746790966444,0.0,22,10000,[6873.885565690778],[167.58176393668163],[0.4258169398597689],-20,0.47225383165623097
5438,0.3452826913881649,0.0,22,10000,[6873.885565690778],[167.58176393668163],[0.4258169398597689],-20,0.47225383165623097
5439,-0.7880030748268262,0.0,22,10000,[6873.885565690778],[167.58176393668163],[0.4258169398597689],-20,0.47225383165623097
5440,-0.166007969095965,0.0,22,10000,[6873.885565690778],[167.58176393668163],[0.4258169398597689],-20,0.47225383165623097
5441,-0.15936084390579477,0.0,22,10000,[6873.885565690778],[167.58176393668163],[0.4258169398597689],-20,0.47225383165623097
5442,0.31021266346230864,0.0,22,10000,[6873.885565690778],[167.58176393668163],[0.4258169398597689],-20,0.47225383165623097
5443,0.11772301985343403,0.0,22,10000,[6873.885565690778],[167.58176393668163],[0.4258169398597689],-20,0.47225383165623097
5444,-0.10671969828963761,0.0,22,10000,[6873.885565690778],[167.58176393668163],[0.4258169398597689],-20,0.47225383165623097
5445,-0.8021610581299282,0.0,22,10000,[6873.885565690778],[167.58176393668163],[0.4258169398597689],-20,0.47225383165623097
5446,0.5799096749664155,0.0,22,10000,[6873.885565690778],[167.58176393668163],[0.4258169398597689],-20,0.47225383165623097
5447,0.7494647032829331,0.0,22,10000,[6873.885565690778],[167.58176393668163],[0.4258169398597689],-20,0.47225383165623097
5448,-0.11892133369348701,0.0,22,10000,[6873.885565690778],[167.58176393668163],[0.4258169398597689],-20,0.47225383165623097
5449,-0.09940168273261969,0.0,22,10000,[6873.885565690778],[167.58176393668163],[0.4258169398597689],-20,0.47225383165623097
5450,0.06877195588894106,0.0,22,10000,[6873.885565690778],[167.58176393668163],[0.4258169398597689],-20,0.47225383165623097
5451,-0.5203778924493403,0.0,22,10000,[6873.885565690778],[167.58176393668163],[0.4258169398597689],-20,0.47225383165623097
5452,0.22344930762686388,0.0,22,10000,[6873.885565690778],[167.58176393668163],[0.4258169398597689],-20,0.47225383165623097
5453,0.03461715780546433,0.0,22,10000,[6873.885565690778],[167.58176393668163],[0.4258169398597689],-20,0.47225383165623097
5454,0.46566237168689456,0.0,22,10000,[6873.885565690778],[167.58176393668163],[0.4258169398597689],-20,0.47225383165623097
5455,-0.4379951434214457,0.0,22,10000,[6873.885565690778],[167.58176393668163],[0.4258169398597689],-20,0.47225383165623097
5456,0.19120764610493798,0.0,22,10000,[6873.885565690778],[167.58176393668163],[0.4258169398597689],-20,0.47225383165623097
5457,0.5434844819671122,0.0,22,10000,[6873.885565690778],[167.58176393668163],[0.4258169398597689],-20,0.47225383165623097
5458,-0.06140839834245952,0.0,22,10000,[6873.885565690778],[167.58176393668163],[0.4258169398597689],-20,0.47225383165623097
5459,0.18466252427034358,0.0,22,10000,[6873.885565690778],[167.58176393668163],[0.4258169398597689],-20,0.47225383165623097
5460,-0.8659807378993296,0.0,22,10000,[6873.885565690778],[167.58176393668163],[0.4258169398597689],-20,0.47225383165623097
5461,0.2457620034619771,0.0,22,10000,[6873.885565690778],[167.58176393668163],[0.4258169398597689],-20,0.47225383165623097
5462,0.7345512832327693,0.0,22,10000,[6873.885565690778],[167.58176393668163],[0.4258169398597689],-20,0.47225383165623097
5463,0.14659466617269568,0.0,22,10000,[6873.885565690778],[167.58176393668163],[0.4258169398597689],-20,0.47225383165623097
5464,-0.6733919643933263,0.0,22,10000,[6873.885565690778],[167.58176393668163],[0.4258169398597689],-20,0.47225383165623097
5465,-0.8260639471513467,0.0,22,10000,[6873.885565690778],[167.58176393668163],[0.4258169398597689],-20,0.47225383165623097
5466,0.13174970207053338,0.0,22,10000,[6873.885565690778],[167.58176393668163],[0.4258169398597689],-20,0.47225383165623097
5467,0.4608891008740273,0.0,22,10000,[6873.885565690778],[167.58176393668163],[0.4258169398597689],-20,0.47225383165623097
5468,-0.2647568030199456,0.0,22,10000,[6873.885565690778],[167.58176393668163],[0.4258169398597689],-20,0.47225383165623097
5469,-0.1734231863844831,0.0,22,10000,[6873.885565690778],[167.58176393668163],[0.4258169398597689],-20,0.47225383165623097
5470,0.40676609993860696,0.0,22,10000,[6873.885565690778],[167.58176393668163],[0.4258169398597689],-20,0.47225383165623097
5471,0.849519996285411,0.0,22,10000,[6873.885565690778],[167.58176393668163],[0.4258169398597689],-20,0.47225383165623097
5472,0.34477486053283685,0.0,22,10000,[6873.885565690778],[167.58176393668163],[0.4258169398597689],-20,0.47225383165623097
5473,0.3810466171997601,0.0,22,10000,[6873.885565690778],[167.58176393668163],[0.4258169398597689],-20,0.47225383165623097
5474,0.3243245494446821,0.0,22,10000,[6873.885565690778],[167.58176393668163],[0.4258169398597689],-20,0.47225383165623097
5475,-0.07642509630846442,0.0,22,10000,[6873.885565690778],[167.58176393668163],[0.4258169398597689],-20,0.47225383165623097
5476,0.0020277555465696854,0.0,22,10000,[6873.885565690778],[167.58176393668163],[0.4258169398597689],-20,0.47225383165623097
5477,-1.0053836393941264,0.0,22,10000,[6873.885565690778],[167.58176393668163],[0.4258169398597689],-20,0.47225383165623097
5478,-0.5773009282554936,0.0,22,10000,[6873.885565690778],[167.58176393668163],[0.4258169398597689],-20,0.47225383165623097
5479,-0.35963836378390596,0.0,22,10000,[6873.885565690778],[167.58176393668163],[0.4258169398597689],-20,0.47225383165623097
5480,-0.1622241705415891,0.0,22,10000,[6873.885565690778],[167.58176393668163],[0.4258169398597689],-20,0.47225383165623097
5481,0.12174849175469304,0.0,22,10000,[6873.885565690778],[167.58176393668163],[0.4258169398597689],-20,0.47225383165623097
5482,-0.37484305901835574,0.0,22,10000,[6873.885565690778],[167.58176393668163],[0.4258169398597689],-20,0.47225383165623097
5483,-0.23037388601603995,0.0,22,10000,[6873.885565690778],[167.58176393668163],[0.4258169398597689],-20,0.47225383165623097
5484,0.5172489724733226,0.0,22,10000,[6873.885565690778],[167.58176393668163],[0.4258169398597689],-20,0.47225383165623097
5485,-0.7147115335556791,0.0,22,10000,[6873.885565690778],[167.58176393668163],[0.4258169398597689],-20,0.47225383165623097
5486,-0.006426455122294271,0.0,22,10000,[6873.885565690778],[167.58176393668163],[0.4258169398597689],-20,0.47225383165623097
5487,0.8257466758091123,0.0,22,10000,[6873.885565690778],[167.58176393668163],[0.4258169398597689],-20,0.47225383165623097
5488,0.3268468308651885,0.0,22,10000,[6873.885565690778],[167.58176393668163],[0.4258169398597689],-20,0.47225383165623097
5489,-0.5048957564800457,0.0,22,10000,[6873.885565690778],[167.58176393668163],[0.4258169398597689],-20,0.47225383165623097
5490,0.10177328996813152,0.0,22,10000,[6873.885565690778],[167.58176393668163],[0.4258169398597689],-20,0.47225383165623097
5491,-0.24072257009068107,0.0,22,10000,[6873.885565690778],[167.58176393668163],[0.4258169398597689],-20,0.47225383165623097
5492,0.627935860937074,0.0,22,10000,[6873.885565690778],[167.58176393668163],[0.4258169398597689],-20,0.47225383165623097
5493,0.3571399308983331,0.0,22,10000,[6873.885565690778],[167.58176393668163],[0.4258169398597689],-20,0.47225383165623097
5494,-0.7463620407043287,0.0,22,10000,[6873.885565690778],[167.58176393668163],[0.4258169398597689],-20,0.47225383165623097
5495,1.0002432341572314,0.0,22,10000,[6873.885565690778],[167.58176393668163],[0.4258169398597689],-20,0.47225383165623097
5496,-0.41961634465800474,0.0,22,10000,[6873.885565690778],[167.58176393668163],[0.4258169398597689],-20,0.47225383165623097
5497,0.06229708970784131,0.0,22,10000,[6873.885565690778],[167.58176393668163],[0.4258169398597689],-20,0.47225383165623097
5498,-0.48607936255905154,0.0,22,10000,[6873.885565690778],[167.58176393668163],[0.4258169398597689],-20,0.47225383165623097
5499,-0.13881018594060346,0.0,22,10000,[6873.885565690778],[167.58176393668163],[0.4258169398597689],-20,0.47225383165623097
5500,0.6398755729338131,0.0,22,10000,[6873.885565690778],[167.58176393668163],[0.4258169398597689],-20,0.47225383165623097
5501,0.2073674072968681,0.0,22,10000,[6873.885565690778],[167.58176393668163],[0.4258169398597689],-20,0.47225383165623097
5502,-0.35737030919950075,0.0,22,10000,[6873.885565690778],[167.58176393668163],[0.4258169398597689],-20,0.47225383165623097
5503,0.3266904364769834,0.0,22,10000,[6873.885565690778],[167.58176393668163],[0.4258169398597689],-20,0.47225383165623097
5504,0.239875109785927,0.0,22,10000,[6873.885565690778],[167.58176393668163],[0.4258169398597689],-20,0.47225383165623097
5505,-1.3091295453196732,0.0,22,10000,[6873.885565690778],[167.58176393668163],[0.4258169398597689],-20,0.47225383165623097
5506,-0.23426740658637024,0.0,22,10000,[6873.885565690778],[167.58176393668163],[0.4258169398597689],-20,0.47225383165623097
5507,0.3621139931992369,0.0,22,10000,[6873.885565690778],[167.58176393668163],[0.4258169398597689],-20,0.47225383165623097
5508,0.3177110502360344,0.0,22,10000,[6873.885565690778],[167.58176393668163],[0.4258169398597689],-20,0.47225383165623097
5509,-0.5412503577266895,0.0,22,10000,[6873.885565690778],[167.58176393668163],[0.4258169398597689],-20,0.47225383165623097
5510,0.2726609484438923,0.0,22,10000,[6873.885565690778],[167.58176393668163],[0.4258169398597689],-20,0.47225383165623097
5511,0.07604578448301576,0.0,22,10000,[6873.885565690778],[167.58176393668163],[0.4258169398597689],-20,0.47225383165623097
5512,0.10046719333512358,0.0,22,10000,[6873.885565690778],[167.58176393668163],[0.4258169398597689],-20,0.47225383165623097
5513,-0.27783908407688196,0.0,22,10000,[6873.885565690778],[167.58176393668163],[0.4258169398597689],-20,0.47225383165623097
5514,0.5817074967727489,0.0,22,10000,[6873.885565690778],[167.58176393668163],[0.4258169398597689],-20,0.47225383165623097
5515,-0.576373357379887,0.0,22,10000,[6873.885565690778],[167.58176393668163],[0.4258169398597689],-20,0.47225383165623097
5516,-0.014525331962518066,0.0,22,10000,[6873.885565690778],[167.58176393668163],[0.4258169398597689],-20,0.47225383165623097
5517,-0.5688295426341448,0.0,22,10000,[6873.885565690778],[167.58176393668163],[0.4258169398597689],-20,0.47225383165623097
5518,0.025605536540763228,0.0,22,10000,[6873.885565690778],[167.58176393668163],[0.4258169398597689],-20,0.47225383165623097
5519,0.5523332799167817,0.0,22,10000,[6873.885565690778],[167.58176393668163],[0.4258169398597689],-20,0.47225383165623097
5520,0.010713458123302455,0.0,22,10000,[6873.885565690778],[167.58176393668163],[0.4258169398597689],-20,0.47225383165623097
5521,0.3705691227663628,0.0,22,10000,[6873.885565690778],[167.58176393668163],[0.4258169398597689],-20,0.47225383165623097
5522,0.5167308933442334,0.0,22,10000,[6873.885565690778],[167.58176393668163],[0.4258169398597689],-20,0.47225383165623097
5523,-1.0344210725908225,0.0,22,10000,[6873.885565690778],[167.58176393668163],[0.4258169398597689],-20,0.47225383165623097
5524,-0.3657238192023737,0.0,22,10000,[6873.885565690778],[167.58176393668163],[0.4258169398597689],-20,0.47225383165623097
5525,-0.31540047573820884,0.0,22,10000,[6873.885565690778],[167.58176393668163],[0.4258169398597689],-20,0.47225383165623097
5526,-0.2509644375517658,0.0,22,10000,[6873.885565690778],[167.58176393668163],[0.4258169398597689],-20,0.47225383165623097
5527,1.0923072989564837,0.0,22,10000,[6873.885565690778],[167.58176393668163],[0.4258169398597689],-20,0.47225383165623097
5528,-0.11609014147202831,0.0,22,10000,[6873.885565690778],[167.58176393668163],[0.4258169398597689],-20,0.47225383165623097
5529,-0.10585135625153864,0.0,22,10000,[6873.885565690778],[167.58176393668163],[0.4258169398597689],-20,0.47225383165623097
5530,0.6521500950091145,0.0,22,10000,[6873.885565690778],[167.58176393668163],[0.4258169398597689],-20,0.47225383165623097
5531,0.47711758099011314,0.0,22,10000,[6873.885565690778],[167.58176393668163],[0.4258169398597689],-20,0.47225383165623097
5532,-0.07451350626201848,0.0,22,10000,[6873.885565690778],[167.58176393668163],[0.4258169398597689],-20,0.47225383165623097
5533,0.4952790141092236,0.0,22,10000,[6873.885565690778],[167.58176393668163],[0.4258169398597689],-20,0.47225383165623097
5534,0.8157577517141703,0.0,22,10000,[6873.885565690778],[167.58176393668163],[0.4258169398597689],-20,0.47225383165623097
5535,-0.035287249014332625,0.0,22,10000,[6873.885565690778],[167.58176393668163],[0.4258169398597689],-20,0.47225383165623097
5536,-0.07179274072808088,0.0,22,10000,[6873.885565690778],[167.58176393668163],[0.4258169398597689],-20,0.47225383165623097
5537,0.00899047037913185,0.0,22,10000,[6873.885565690778],[167.58176393668163],[0.4258169398597689],-20,0.47225383165623097
5538,-0.3192057112246942,0.0,22,10000,[6873.885565690778],[167.58176393668163],[0.4258169398597689],-20,0.47225383165623097
5539,0.7142535055247272,0.0,22,10000,[6873.885565690778],[167.58176393668163],[0.4258169398597689],-20,0.47225383165623097
5540,-0.5082940562415751,0.0,22,10000,[6873.885565690778],[167.58176393668163],[0.4258169398597689],-20,0.47225383165623097
5541,-0.6302825229490829,0.0,22,10000,[6873.885565690778],[167.58176393668163],[0.4258169398597689],-20,0.47225383165623097
5542,0.15833801085769178,0.0,22,10000,[6873.885565690778],[167.58176393668163],[0.4258169398597689],-20,0.47225383165623097
5543,-0.6444580714743439,0.0,22,10000,[6873.885565690778],[167.58176393668163],[0.4258169398597689],-20,0.47225383165623097
5544,-1.1065369727457148,0.0,22,10000,[6873.885565690778],[167.58176393668163],[0.4258169398597689],-20,0.47225383165623097
5545,1.6893093915971504,0.0,22,10000,[6873.885565690778],[167.58176393668163],[0.4258169398597689],-20,0.47225383165623097
5546,-0.5213194972303645,0.0,22,10000,[6873.885565690778],[167.58176393668163],[0.4258169398597689],-20,0.47225383165623097
5547,0.6216537491916948,0.0,22,10000,[6873.885565690778],[167.58176393668163],[0.4258169398597689],-20,0.47225383165623097
5548,-0.0073862913256248055,0.0,22,10000,[6873.885565690778],[167.58176393668163],[0.4258169398597689],-20,0.47225383165623097
5549,-0.4733964777929299,0.0,22,10000,[6873.885565690778],[167.58176393668163],[0.4258169398597689],-20,0.47225383165623097
5550,-0.567328935737352,0.0,22,10000,[6873.885565690778],[167.58176393668163],[0.4258169398597689],-20,0.47225383165623097
5551,0.7875063140398775,0.0,22,10000,[6873.885565690778],[167.58176393668163],[0.4258169398597689],-20,0.47225383165623097
5552,0.12609275081706864,0.0,22,10000,[6873.885565690778],[167.58176393668163],[0.4258169398597689],-20,0.47225383165623097
5553,-1.196406656331006,0.0,22,10000,[6873.885565690778],[167.58176393668163],[0.4258169398597689],-20,0.47225383165623097
5554,-0.5336825335445083,0.0,22,10000,[6873.885565690778],[167.58176393668163],[0.4258169398597689],-20,0.47225383165623097
5555,-0.05615701987505179,0.0,22,10000,[6873.885565690778],[167.58176393668163],[0.4258169398597689],-20,0.47225383165623097
5556,-0.13334551601774067,0.0,22,10000,[6873.885565690778],[167.58176393668163],[0.4258169398597689],-20,0.47225383165623097
5557,-0.18038732981644084,0.0,22,10000,[6873.885565690778],[167.58176393668163],[0.4258169398597689],-20,0.47225383165623097
5558,0.04309609481855118,0.0,22,10000,[6873.885565690778],[167.58176393668163],[0.4258169398597689],-20,0.47225383165623097
5559,-0.44327923741516784,0.0,22,10000,[6873.885565690778],[167.58176393668163],[0.4258169398597689],-20,0.47225383165623097
5560,0.03864709509333486,0.0,22,10000,[6873.885565690778],[167.58176393668163],[0.4258169398597689],-20,0.47225383165623097
5561,-0.6925553418057552,0.0,22,10000,[6873.885565690778],[167.58176393668163],[0.4258169398597689],-20,0.47225383165623097
5562,-0.39658501609177843,0.0,22,10000,[6873.885565690778],[167.58176393668163],[0.4258169398597689],-20,0.47225383165623097
5563,0.08552305914890022,0.0,22,10000,[6873.885565690778],[167.58176393668163],[0.4258169398597689],-20,0.47225383165623097
5564,-0.20818087097808802,0.0,22,10000,[6873.885565690778],[167.58176393668163],[0.4258169398597689],-20,0.47225383165623097
5565,-0.7958167664744504,0.0,22,10000,[6873.885565690778],[167.58176393668163],[0.4258169398597689],-20,0.47225383165623097
5566,-0.35748564538925287,0.0,22,10000,[6873.885565690778],[167.58176393668163],[0.4258169398597689],-20,0.47225383165623097
5567,-0.31791936267941195,0.0,22,10000,[6873.885565690778],[167.58176393668163],[0.4258169398597689],-20,0.47225383165623097
5568,0.27395880131282974,0.0,22,10000,[6873.885565690778],[167.58176393668163],[0.4258169398597689],-20,0.47225383165623097
5569,-0.5694120102155583,0.0,22,10000,[6873.885565690778],[167.58176393668163],[0.4258169398597689],-20,0.47225383165623097
5570,-0.0052851687045609086,0.0,22,10000,[6873.885565690778],[167.58176393668163],[0.4258169398597689],-20,0.47225383165623097
5571,-0.1407880002442791,0.0,22,10000,[6873.885565690778],[167.58176393668163],[0.4258169398597689],-20,0.47225383165623097
5572,-0.32387562507746126,0.0,22,10000,[6873.885565690778],[167.58176393668163],[0.4258169398597689],-20,0.47225383165623097
5573,-1.187374153358603,0.0,22,10000,[6873.885565690778],[167.58176393668163],[0.4258169398597689],-20,0.47225383165623097
5574,-0.4219746841757581,0.0,22,10000,[6873.885565690778],[167.58176393668163],[0.4258169398597689],-20,0.47225383165623097
5575,-0.0634744149704686,0.0,22,10000,[6873.885565690778],[167.58176393668163],[0.4258169398597689],-20,0.47225383165623097
5576,-0.2998961471529234,0.0,22,10000,[6873.885565690778],[167.58176393668163],[0.4258169398597689],-20,0.47225383165623097
5577,-0.4491967726173965,0.0,22,10000,[6873.885565690778],[167.58176393668163],[0.4258169398597689],-20,0.47225383165623097
5578,0.4120883684166392,0.0,22,10000,[6873.885565690778],[167.58176393668163],[0.4258169398597689],-20,0.47225383165623097
5579,0.2870828006865769,0.0,22,10000,[6873.885565690778],[167.58176393668163],[0.4258169398597689],-20,0.47225383165623097
5580,0.2515850831859514,0.0,22,10000,[6873.885565690778],[167.58176393668163],[0.4258169398597689],-20,0.47225383165623097
5581,0.042569803483350765,0.0,22,10000,[6873.885565690778],[167.58176393668163],[0.4258169398597689],-20,0.47225383165623097
5582,-0.6757049719947774,0.0,22,10000,[6873.885565690778],[167.58176393668163],[0.4258169398597689],-20,0.47225383165623097
5583,0.30516962618061766,0.0,22,10000,[6873.885565690778],[167.58176393668163],[0.4258169398597689],-20,0.47225383165623097
5584,-0.22294424583856198,0.0,22,10000,[6873.885565690778],[167.58176393668163],[0.4258169398597689],-20,0.47225383165623097
5585,-0.23212254334299992,0.0,22,10000,[6873.885565690778],[167.58176393668163],[0.4258169398597689],-20,0.47225383165623097
5586,0.11007284417769621,0.0,22,10000,[6873.885565690778],[167.58176393668163],[0.4258169398597689],-20,0.47225383165623097
5587,0.6484445544464874,0.0,22,10000,[6873.885565690778],[167.58176393668163],[0.4258169398597689],-20,0.47225383165623097
5588,-0.2138692273800857,0.0,22,10000,[6873.885565690778],[167.58176393668163],[0.4258169398597689],-20,0.47225383165623097
5589,-0.38442726358470425,0.0,22,10000,[6873.885565690778],[167.58176393668163],[0.4258169398597689],-20,0.47225383165623097
5590,-0.23069000532179265,0.0,22,10000,[6873.885565690778],[167.58176393668163],[0.4258169398597689],-20,0.47225383165623097
5591,0.18747141609832038,0.0,22,10000,[6873.885565690778],[167.58176393668163],[0.4258169398597689],-20,0.47225383165623097
5592,0.64059583312998,0.0,22,10000,[6873.885565690778],[167.58176393668163],[0.4258169398597689],-20,0.47225383165623097
5593,-0.291416548672353,0.0,22,10000,[6873.885565690778],[167.58176393668163],[0.4258169398597689],-20,0.47225383165623097
5594,0.35367506902517987,0.0,22,10000,[6873.885565690778],[167.58176393668163],[0.4258169398597689],-20,0.47225383165623097
5595,0.23496742041145285,0.0,22,10000,[6873.885565690778],[167.58176393668163],[0.4258169398597689],-20,0.47225383165623097
5596,0.23723677235922822,0.0,22,10000,[6873.885565690778],[167.58176393668163],[0.4258169398597689],-20,0.47225383165623097
5597,1.1827995776539326,0.0,22,10000,[6873.885565690778],[167.58176393668163],[0.4258169398597689],-20,0.47225383165623097
5598,0.49378186765209775,0.0,22,10000,[6873.885565690778],[167.58176393668163],[0.4258169398597689],-20,0.47225383165623097
5599,0.09241865164898826,0.0,22,10000,[6873.885565690778],[167.58176393668163],[0.4258169398597689],-20,0.47225383165623097
5600,0.7275559994432519,0.0,22,10000,[6873.885565690778],[167.58176393668163],[0.4258169398597689],-20,0.47225383165623097
5601,-0.31739220987251326,0.0,22,10000,[6873.885565690778],[167.58176393668163],[0.4258169398597689],-20,0.47225383165623097
5602,0.5040625638704725,0.0,22,10000,[6873.885565690778],[167.58176393668163],[0.4258169398597689],-20,0.47225383165623097
5603,-0.10241310215101307,0.0,22,10000,[6873.885565690778],[167.58176393668163],[0.4258169398597689],-20,0.47225383165623097
5604,-0.16869143153264501,0.0,22,10000,[6873.885565690778],[167.58176393668163],[0.4258169398597689],-20,0.47225383165623097
5605,0.30727305699713203,0.0,22,10000,[6873.885565690778],[167.58176393668163],[0.4258169398597689],-20,0.47225383165623097
5606,-0.1802862060185124,0.0,22,10000,[6873.885565690778],[167.58176393668163],[0.4258169398597689],-20,0.47225383165623097
5607,-0.20577732793258735,0.0,22,10000,[6873.885565690778],[167.58176393668163],[0.4258169398597689],-20,0.47225383165623097
5608,-0.3275953939459519,0.0,22,10000,[6873.885565690778],[167.58176393668163],[0.4258169398597689],-20,0.47225383165623097
5609,-1.0757345498653463,0.0,22,10000,[6873.885565690778],[167.58176393668163],[0.4258169398597689],-20,0.47225383165623097
5610,-0.15649840833279235,0.0,22,10000,[6873.885565690778],[167.58176393668163],[0.4258169398597689],-20,0.47225383165623097
5611,0.7496052877647889,0.0,22,10000,[6873.885565690778],[167.58176393668163],[0.4258169398597689],-20,0.47225383165623097
5612,0.3808504962068674,0.0,22,10000,[6873.885565690778],[167.58176393668163],[0.4258169398597689],-20,0.47225383165623097
5613,-0.4337683186720058,0.0,22,10000,[6873.885565690778],[167.58176393668163],[0.4258169398597689],-20,0.47225383165623097
5614,-0.23281839059826565,0.0,22,10000,[6873.885565690778],[167.58176393668163],[0.4258169398597689],-20,0.47225383165623097
5615,-0.4656794468449344,0.0,22,10000,[6873.885565690778],[167.58176393668163],[0.4258169398597689],-20,0.47225383165623097
5616,-0.43064309189659583,0.0,22,10000,[6873.885565690778],[167.58176393668163],[0.4258169398597689],-20,0.47225383165623097
5617,-0.20704513239779027,0.0,22,10000,[6873.885565690778],[167.58176393668163],[0.4258169398597689],-20,0.47225383165623097
5618,1.026625058166024,0.0,22,10000,[6873.885565690778],[167.58176393668163],[0.4258169398597689],-20,0.47225383165623097
5619,-0.3118453634993937,0.0,22,10000,[6873.885565690778],[167.58176393668163],[0.4258169398597689],-20,0.47225383165623097
5620,0.7718429790411306,0.0,22,10000,[6873.885565690778],[167.58176393668163],[0.4258169398597689],-20,0.47225383165623097
5621,-0.2664935424725069,0.0,22,10000,[6873.885565690778],[167.58176393668163],[0.4258169398597689],-20,0.47225383165623097
5622,0.16468028807934437,0.0,22,10000,[6873.885565690778],[167.58176393668163],[0.4258169398597689],-20,0.47225383165623097
5623,0.13057829200974125,0.0,22,10000,[6873.885565690778],[167.58176393668163],[0.4258169398597689],-20,0.47225383165623097
5624,0.20036163420413552,0.0,22,10000,[6873.885565690778],[167.58176393668163],[0.4258169398597689],-20,0.47225383165623097
5625,-0.08257674003681782,0.0,22,10000,[6873.885565690778],[167.58176393668163],[0.4258169398597689],-20,0.47225383165623097
5626,-0.10454300195227367,0.0,22,10000,[6873.885565690778],[167.58176393668163],[0.4258169398597689],-20,0.47225383165623097
5627,-0.3554641552067562,0.0,22,10000,[6873.885565690778],[167.58176393668163],[0.4258169398597689],-20,0.47225383165623097
5628,0.9710986763847187,0.0,22,10000,[6873.885565690778],[167.58176393668163],[0.4258169398597689],-20,0.47225383165623097
5629,-0.4422671186281561,0.0,22,10000,[6873.885565690778],[167.58176393668163],[0.4258169398597689],-20,0.47225383165623097
5630,-0.2550428087685246,0.0,22,10000,[6873.885565690778],[167.58176393668163],[0.4258169398597689],-20,0.47225383165623097
5631,0.7643141949728939,0.0,22,10000,[6873.885565690778],[167.58176393668163],[0.4258169398597689],-20,0.47225383165623097
5632,0.4852482878646521,0.0,22,10000,[6873.885565690778],[167.58176393668163],[0.4258169398597689],-20,0.47225383165623097
5633,0.7503597934057165,0.0,22,10000,[6873.885565690778],[167.58176393668163],[0.4258169398597689],-20,0.47225383165623097
5634,0.2341956488155373,0.0,22,10000,[6873.885565690778],[167.58176393668163],[0.4258169398597689],-20,0.47225383165623097
5635,-0.08776975909833876,0.0,22,10000,[6873.885565690778],[167.58176393668163],[0.4258169398597689],-20,0.47225383165623097
5636,0.34337319234136765,0.0,22,10000,[6873.885565690778],[167.58176393668163],[0.4258169398597689],-20,0.47225383165623097
5637,-0.40494319281953783,0.0,22,10000,[6873.885565690778],[167.58176393668163],[0.4258169398597689],-20,0.47225383165623097
5638,-0.5706223835434264,0.0,22,10000,[6873.885565690778],[167.58176393668163],[0.4258169398597689],-20,0.47225383165623097
5639,0.5808643141143589,0.0,22,10000,[6873.885565690778],[167.58176393668163],[0.4258169398597689],-20,0.47225383165623097
5640,1.0336341681254744,0.0,22,10000,[6873.885565690778],[167.58176393668163],[0.4258169398597689],-20,0.47225383165623097
5641,-0.19917161108124493,0.0,22,10000,[6873.885565690778],[167.58176393668163],[0.4258169398597689],-20,0.47225383165623097
5642,-0.1563884588285276,0.0,22,10000,[6873.885565690778],[167.58176393668163],[0.4258169398597689],-20,0.47225383165623097
5643,0.3872016529874165,0.0,22,10000,[6873.885565690778],[167.58176393668163],[0.4258169398597689],-20,0.47225383165623097
5644,-0.5146105559227646,0.0,22,10000,[6873.885565690778],[167.58176393668163],[0.4258169398597689],-20,0.47225383165623097
5645,0.2539678840888264,0.0,22,10000,[6873.885565690778],[167.58176393668163],[0.4258169398597689],-20,0.47225383165623097
5646,0.04303121913972217,0.0,22,10000,[6873.885565690778],[167.58176393668163],[0.4258169398597689],-20,0.47225383165623097
5647,-0.6188618565035195,0.0,22,10000,[6873.885565690778],[167.58176393668163],[0.4258169398597689],-20,0.47225383165623097
5648,-0.011440618749060261,0.0,22,10000,[6873.885565690778],[167.58176393668163],[0.4258169398597689],-20,0.47225383165623097
5649,-0.6822408383799512,0.0,22,10000,[6873.885565690778],[167.58176393668163],[0.4258169398597689],-20,0.47225383165623097
5650,0.5731043208546077,0.0,22,10000,[6873.885565690778],[167.58176393668163],[0.4258169398597689],-20,0.47225383165623097
5651,-0.820112155084438,0.0,22,10000,[6873.885565690778],[167.58176393668163],[0.4258169398597689],-20,0.47225383165623097
5652,-0.07617133569148804,0.0,22,10000,[6873.885565690778],[167.58176393668163],[0.4258169398597689],-20,0.47225383165623097
5653,-0.22343234664932746,0.0,22,10000,[6873.885565690778],[167.58176393668163],[0.4258169398597689],-20,0.47225383165623097
5654,-0.06871630258356257,0.0,22,10000,[6873.885565690778],[167.58176393668163],[0.4258169398597689],-20,0.47225383165623097
5655,-0.230957452652596,0.0,22,10000,[6873.885565690778],[167.58176393668163],[0.4258169398597689],-20,0.47225383165623097
5656,0.8794131684371133,0.0,22,10000,[6873.885565690778],[167.58176393668163],[0.4258169398597689],-20,0.47225383165623097
5657,0.04408932778630033,0.0,22,10000,[6873.885565690778],[167.58176393668163],[0.4258169398597689],-20,0.47225383165623097
5658,-0.5883601553808744,0.0,22,10000,[6873.885565690778],[167.58176393668163],[0.4258169398597689],-20,0.47225383165623097
5659,-0.7046774142877337,0.0,22,10000,[6873.885565690778],[167.58176393668163],[0.4258169398597689],-20,0.47225383165623097
5660,0.5029414468372736,0.0,22,10000,[6873.885565690778],[167.58176393668163],[0.4258169398597689],-20,0.47225383165623097
5661,0.66827610773419,0.0,22,10000,[6873.885565690778],[167.58176393668163],[0.4258169398597689],-20,0.47225383165623097
5662,-0.015556688515902544,0.0,22,10000,[6873.885565690778],[167.58176393668163],[0.4258169398597689],-20,0.47225383165623097
5663,0.9166409313528375,0.0,22,10000,[6873.885565690778],[167.58176393668163],[0.4258169398597689],-20,0.47225383165623097
5664,0.255065465436422,0.0,22,10000,[6873.885565690778],[167.58176393668163],[0.4258169398597689],-20,0.47225383165623097
5665,1.0153438162231416,0.0,22,10000,[6873.885565690778],[167.58176393668163],[0.4258169398597689],-20,0.47225383165623097
5666,0.03646151744488137,0.0,22,10000,[6873.885565690778],[167.58176393668163],[0.4258169398597689],-20,0.47225383165623097
5667,0.3829207006014222,0.0,22,10000,[6873.885565690778],[167.58176393668163],[0.4258169398597689],-20,0.47225383165623097
5668,0.5035665165696104,0.0,22,10000,[6873.885565690778],[167.58176393668163],[0.4258169398597689],-20,0.47225383165623097
5669,0.4710376241714469,0.0,22,10000,[6873.885565690778],[167.58176393668163],[0.4258169398597689],-20,0.47225383165623097
5670,-0.3338792382372632,0.0,22,10000,[6873.885565690778],[167.58176393668163],[0.4258169398597689],-20,0.47225383165623097
5671,-0.40294282296002554,0.0,22,10000,[6873.885565690778],[167.58176393668163],[0.4258169398597689],-20,0.47225383165623097
5672,0.5899533376256814,0.0,22,10000,[6873.885565690778],[167.58176393668163],[0.4258169398597689],-20,0.47225383165623097
5673,1.0849692510583913,0.0,22,10000,[6873.885565690778],[167.58176393668163],[0.4258169398597689],-20,0.47225383165623097
5674,-0.29360284140762366,0.0,22,10000,[6873.885565690778],[167.58176393668163],[0.4258169398597689],-20,0.47225383165623097
5675,0.3637748270422772,0.0,22,10000,[6873.885565690778],[167.58176393668163],[0.4258169398597689],-20,0.47225383165623097
5676,0.31818493688096117,0.0,22,10000,[6873.885565690778],[167.58176393668163],[0.4258169398597689],-20,0.47225383165623097
5677,-0.7265983591351178,0.0,22,10000,[6873.885565690778],[167.58176393668163],[0.4258169398597689],-20,0.47225383165623097
5678,-0.03628523437489781,0.0,22,10000,[6873.885565690778],[167.58176393668163],[0.4258169398597689],-20,0.47225383165623097
5679,-0.21000162350985713,0.0,22,10000,[6873.885565690778],[167.58176393668163],[0.4258169398597689],-20,0.47225383165623097
5680,0.2501514198369729,0.0,22,10000,[6873.885565690778],[167.58176393668163],[0.4258169398597689],-20,0.47225383165623097
5681,-0.5017530491483134,0.0,22,10000,[6873.885565690778],[167.58176393668163],[0.4258169398597689],-20,0.47225383165623097
5682,-0.00879898473360825,0.0,22,10000,[6873.885565690778],[167.58176393668163],[0.4258169398597689],-20,0.47225383165623097
5683,0.9609776696035239,0.0,22,10000,[6873.885565690778],[167.58176393668163],[0.4258169398597689],-20,0.47225383165623097
5684,-0.3832639969902536,0.0,22,10000,[6873.885565690778],[167.58176393668163],[0.4258169398597689],-20,0.47225383165623097
5685,0.06048253786247121,0.0,22,10000,[6873.885565690778],[167.58176393668163],[0.4258169398597689],-20,0.47225383165623097
5686,-0.3024679497164428,0.0,22,10000,[6873.885565690778],[167.58176393668163],[0.4258169398597689],-20,0.47225383165623097
5687,0.1699616553660853,0.0,22,10000,[6873.885565690778],[167.58176393668163],[0.4258169398597689],-20,0.47225383165623097
5688,0.5696112334233526,0.0,22,10000,[6873.885565690778],[167.58176393668163],[0.4258169398597689],-20,0.47225383165623097
5689,0.388298333348294,0.0,22,10000,[6873.885565690778],[167.58176393668163],[0.4258169398597689],-20,0.47225383165623097
5690,0.18621866789312283,0.0,22,10000,[6873.885565690778],[167.58176393668163],[0.4258169398597689],-20,0.47225383165623097
5691,-0.09484239930562711,0.0,22,10000,[6873.885565690778],[167.58176393668163],[0.4258169398597689],-20,0.47225383165623097
5692,-0.30498749832833527,0.0,22,10000,[6873.885565690778],[167.58176393668163],[0.4258169398597689],-20,0.47225383165623097
5693,-0.13841862736455618,0.0,22,10000,[6873.885565690778],[167.58176393668163],[0.4258169398597689],-20,0.47225383165623097
5694,-0.5691319906568225,0.0,22,10000,[6873.885565690778],[167.58176393668163],[0.4258169398597689],-20,0.47225383165623097
5695,-0.328483588351904,0.0,22,10000,[6873.885565690778],[167.58176393668163],[0.4258169398597689],-20,0.47225383165623097
5696,0.4707069446488599,0.0,22,10000,[6873.885565690778],[167.58176393668163],[0.4258169398597689],-20,0.47225383165623097
5697,-0.018749659966621597,0.0,22,10000,[6873.885565690778],[167.58176393668163],[0.4258169398597689],-20,0.47225383165623097
5698,-0.18119490210505712,0.0,22,10000,[6873.885565690778],[167.58176393668163],[0.4258169398597689],-20,0.47225383165623097
5699,0.5521993905784106,0.0,22,10000,[6873.885565690778],[167.58176393668163],[0.4258169398597689],-20,0.47225383165623097
5700,-0.6751490917680055,0.0,22,10000,[6873.885565690778],[167.58176393668163],[0.4258169398597689],-20,0.47225383165623097
5701,0.2346986210071389,0.0,22,10000,[6873.885565690778],[167.58176393668163],[0.4258169398597689],-20,0.47225383165623097
5702,0.14917243780117923,0.0,22,10000,[6873.885565690778],[167.58176393668163],[0.4258169398597689],-20,0.47225383165623097
5703,-0.008778502870786643,0.0,22,10000,[6873.885565690778],[167.58176393668163],[0.4258169398597689],-20,0.47225383165623097
5704,-1.2338150523211555,0.0,22,10000,[6873.885565690778],[167.58176393668163],[0.4258169398597689],-20,0.47225383165623097
5705,-0.5317927299474086,0.0,22,10000,[6873.885565690778],[167.58176393668163],[0.4258169398597689],-20,0.47225383165623097
5706,-0.08450797498750973,0.0,22,10000,[6873.885565690778],[167.58176393668163],[0.4258169398597689],-20,0.47225383165623097
5707,-0.0689872585778586,0.0,22,10000,[6873.885565690778],[167.58176393668163],[0.4258169398597689],-20,0.47225383165623097
5708,-0.041921718471973145,0.0,22,10000,[6873.885565690778],[167.58176393668163],[0.4258169398597689],-20,0.47225383165623097
5709,0.234333716415705,0.0,22,10000,[6873.885565690778],[167.58176393668163],[0.4258169398597689],-20,0.47225383165623097
5710,0.38675707055255415,0.0,22,10000,[6873.885565690778],[167.58176393668163],[0.4258169398597689],-20,0.47225383165623097
5711,0.11493505378401211,0.0,22,10000,[6873.885565690778],[167.58176393668163],[0.4258169398597689],-20,0.47225383165623097
5712,0.37660231091188046,0.0,22,10000,[6873.885565690778],[167.58176393668163],[0.4258169398597689],-20,0.47225383165623097
5713,0.5085657314654497,0.0,22,10000,[6873.885565690778],[167.58176393668163],[0.4258169398597689],-20,0.47225383165623097
5714,-0.16811882176078566,0.0,22,10000,[6873.885565690778],[167.58176393668163],[0.4258169398597689],-20,0.47225383165623097
5715,0.0837164845533215,0.0,22,10000,[6873.885565690778],[167.58176393668163],[0.4258169398597689],-20,0.47225383165623097
5716,0.02717228763181517,0.0,22,10000,[6873.885565690778],[167.58176393668163],[0.4258169398597689],-20,0.47225383165623097
5717,-0.34732330708467934,0.0,22,10000,[6873.885565690778],[167.58176393668163],[0.4258169398597689],-20,0.47225383165623097
5718,-0.028438540649582626,0.0,22,10000,[6873.885565690778],[167.58176393668163],[0.4258169398597689],-20,0.47225383165623097
5719,-0.71752109172648,0.0,22,10000,[6873.885565690778],[167.58176393668163],[0.4258169398597689],-20,0.47225383165623097
5720,0.21643258250514302,0.0,22,10000,[6873.885565690778],[167.58176393668163],[0.4258169398597689],-20,0.47225383165623097
5721,0.1297146127059074,0.0,22,10000,[6873.885565690778],[167.58176393668163],[0.4258169398597689],-20,0.47225383165623097
5722,-0.1937636524918008,0.0,22,10000,[6873.885565690778],[167.58176393668163],[0.4258169398597689],-20,0.47225383165623097
5723,-0.37435541792810595,0.0,22,10000,[6873.885565690778],[167.58176393668163],[0.4258169398597689],-20,0.47225383165623097
5724,-0.28642600457078465,0.0,22,10000,[6873.885565690778],[167.58176393668163],[0.4258169398597689],-20,0.47225383165623097
5725,-1.2880879916000125,0.0,22,10000,[6873.885565690778],[167.58176393668163],[0.4258169398597689],-20,0.47225383165623097
5726,-0.2691157218542267,0.0,22,10000,[6873.885565690778],[167.58176393668163],[0.4258169398597689],-20,0.47225383165623097
5727,0.7066081503030954,0.0,22,10000,[6873.885565690778],[167.58176393668163],[0.4258169398597689],-20,0.47225383165623097
5728,0.04892953443995547,0.0,22,10000,[6873.885565690778],[167.58176393668163],[0.4258169398597689],-20,0.47225383165623097
5729,0.19327029634884565,0.0,22,10000,[6873.885565690778],[167.58176393668163],[0.4258169398597689],-20,0.47225383165623097
5730,0.11505163345582306,0.0,22,10000,[6873.885565690778],[167.58176393668163],[0.4258169398597689],-20,0.47225383165623097
5731,1.3201748090269223,0.0,22,10000,[6873.885565690778],[167.58176393668163],[0.4258169398597689],-20,0.47225383165623097
5732,-0.37542162236531107,0.0,22,10000,[6873.885565690778],[167.58176393668163],[0.4258169398597689],-20,0.47225383165623097
5733,-0.22615623124368373,0.0,22,10000,[6873.885565690778],[167.58176393668163],[0.4258169398597689],-20,0.47225383165623097
5734,-0.21073969229431017,0.0,22,10000,[6873.885565690778],[167.58176393668163],[0.4258169398597689],-20,0.47225383165623097
5735,0.19301268255928292,0.0,22,10000,[6873.885565690778],[167.58176393668163],[0.4258169398597689],-20,0.47225383165623097
5736,0.2238405239854308,0.0,22,10000,[6873.885565690778],[167.58176393668163],[0.4258169398597689],-20,0.47225383165623097
5737,0.27798965260092323,0.0,22,10000,[6873.885565690778],[167.58176393668163],[0.4258169398597689],-20,0.47225383165623097
5738,-0.25843327531529536,0.0,22,10000,[6873.885565690778],[167.58176393668163],[0.4258169398597689],-20,0.47225383165623097
5739,0.9542500883934065,0.0,22,10000,[6873.885565690778],[167.58176393668163],[0.4258169398597689],-20,0.47225383165623097
5740,-1.1313565299094663,0.0,22,10000,[6873.885565690778],[167.58176393668163],[0.4258169398597689],-20,0.47225383165623097
5741,0.2354207367284424,0.0,22,10000,[6873.885565690778],[167.58176393668163],[0.4258169398597689],-20,0.47225383165623097
5742,-0.8357268315232695,0.0,22,10000,[6873.885565690778],[167.58176393668163],[0.4258169398597689],-20,0.47225383165623097
5743,0.6520274035366741,0.0,22,10000,[6873.885565690778],[167.58176393668163],[0.4258169398597689],-20,0.47225383165623097
5744,0.021958975227489762,0.0,22,10000,[6873.885565690778],[167.58176393668163],[0.4258169398597689],-20,0.47225383165623097
5745,0.1898285517964593,0.0,22,10000,[6873.885565690778],[167.58176393668163],[0.4258169398597689],-20,0.47225383165623097
5746,0.41587991869371094,0.0,22,10000,[6873.885565690778],[167.58176393668163],[0.4258169398597689],-20,0.47225383165623097
5747,0.22833176593303273,0.0,22,10000,[6873.885565690778],[167.58176393668163],[0.4258169398597689],-20,0.47225383165623097
5748,-0.6548378965752555,0.0,22,10000,[6873.885565690778],[167.58176393668163],[0.4258169398597689],-20,0.47225383165623097
5749,-0.9673469694639456,0.0,22,10000,[6873.885565690778],[167.58176393668163],[0.4258169398597689],-20,0.47225383165623097
5750,0.48022101474071116,0.0,22,10000,[6873.885565690778],[167.58176393668163],[0.4258169398597689],-20,0.47225383165623097
5751,-0.6490156704478749,0.0,22,10000,[6873.885565690778],[167.58176393668163],[0.4258169398597689],-20,0.47225383165623097
5752,-0.06993013852171873,0.0,22,10000,[6873.885565690778],[167.58176393668163],[0.4258169398597689],-20,0.47225383165623097
5753,-0.841402362990851,0.0,22,10000,[6873.885565690778],[167.58176393668163],[0.4258169398597689],-20,0.47225383165623097
5754,1.193574567217737,0.0,22,10000,[6873.885565690778],[167.58176393668163],[0.4258169398597689],-20,0.47225383165623097
5755,0.7501968359820875,0.0,22,10000,[6873.885565690778],[167.58176393668163],[0.4258169398597689],-20,0.47225383165623097
5756,-0.072628779780074,0.0,22,10000,[6873.885565690778],[167.58176393668163],[0.4258169398597689],-20,0.47225383165623097
5757,-0.8229094276997717,0.0,22,10000,[6873.885565690778],[167.58176393668163],[0.4258169398597689],-20,0.47225383165623097
5758,-0.8219387684257494,0.0,22,10000,[6873.885565690778],[167.58176393668163],[0.4258169398597689],-20,0.47225383165623097
5759,0.19997740117009485,0.0,22,10000,[6873.885565690778],[167.58176393668163],[0.4258169398597689],-20,0.47225383165623097
5760,0.3094784533052385,0.0,22,10000,[6873.885565690778],[167.58176393668163],[0.4258169398597689],-20,0.47225383165623097
5761,0.6158884639227354,0.0,22,10000,[6873.885565690778],[167.58176393668163],[0.4258169398597689],-20,0.47225383165623097
5762,-0.5114618440168403,0.0,22,10000,[6873.885565690778],[167.58176393668163],[0.4258169398597689],-20,0.47225383165623097
5763,-0.20073651548799534,0.0,22,10000,[6873.885565690778],[167.58176393668163],[0.4258169398597689],-20,0.47225383165623097
5764,-0.13964945784014146,0.0,22,10000,[6873.885565690778],[167.58176393668163],[0.4258169398597689],-20,0.47225383165623097
5765,0.29197393506703634,0.0,22,10000,[6873.885565690778],[167.58176393668163],[0.4258169398597689],-20,0.47225383165623097
5766,-0.2131984478276651,0.0,22,10000,[6873.885565690778],[167.58176393668163],[0.4258169398597689],-20,0.47225383165623097
5767,0.40361674139159276,0.0,22,10000,[6873.885565690778],[167.58176393668163],[0.4258169398597689],-20,0.47225383165623097
5768,0.33573874625056316,0.0,22,10000,[6873.885565690778],[167.58176393668163],[0.4258169398597689],-20,0.47225383165623097
5769,-0.10704749958999571,0.0,22,10000,[6873.885565690778],[167.58176393668163],[0.4258169398597689],-20,0.47225383165623097
5770,-0.7888950423510068,0.0,22,10000,[6873.885565690778],[167.58176393668163],[0.4258169398597689],-20,0.47225383165623097
5771,-0.21264934379945052,0.0,22,10000,[6873.885565690778],[167.58176393668163],[0.4258169398597689],-20,0.47225383165623097
5772,0.8218170346625158,0.4258169398597689,22,10000,[6873.885565690778],[167.58176393668163],[0.4258169398597689],-20,0.47225383165623097
5773,0.24765024194966714,0.4258169398597689,22,10000,[6873.885565690778],[167.58176393668163],[0.4258169398597689],-20,0.47225383165623097
5774,0.6487006784927021,0.4258169398597689,22,10000,[6873.885565690778],[167.58176393668163],[0.4258169398597689],-20,0.47225383165623097
5775,0.5659765780278382,0.4258169398597689,22,10000,[6873.885565690778],[167.58176393668163],[0.4258169398597689],-20,0.47225383165623097
5776,0.6486955798699066,0.4258169398597689,22,10000,[6873.885565690778],[167.58176393668163],[0.4258169398597689],-20,0.47225383165623097
5777,0.8681097208436487,0.4258169398597689,22,10000,[6873.885565690778],[167.58176393668163],[0.4258169398597689],-20,0.47225383165623097
5778,0.5441432019877055,0.4258169398597689,22,10000,[6873.885565690778],[167.58176393668163],[0.4258169398597689],-20,0.47225383165623097
5779,0.795428814628679,0.4258169398597689,22,10000,[6873.885565690778],[167.58176393668163],[0.4258169398597689],-20,0.47225383165623097
5780,1.0960836328680905,0.4258169398597689,22,10000,[6873.885565690778],[167.58176393668163],[0.4258169398597689],-20,0.47225383165623097
5781,0.32161582644257347,0.4258169398597689,22,10000,[6873.885565690778],[167.58176393668163],[0.4258169398597689],-20,0.47225383165623097
5782,0.5067007424392194,0.4258169398597689,22,10000,[6873.885565690778],[167.58176393668163],[0.4258169398597689],-20,0.47225383165623097
5783,1.204441474218468,0.4258169398597689,22,10000,[6873.885565690778],[167.58176393668163],[0.4258169398597689],-20,0.47225383165623097
5784,0.48283190715363045,0.4258169398597689,22,10000,[6873.885565690778],[167.58176393668163],[0.4258169398597689],-20,0.47225383165623097
5785,-0.4745291595471325,0.4258169398597689,22,10000,[6873.885565690778],[167.58176393668163],[0.4258169398597689],-20,0.47225383165623097
5786,-0.1748176536993532,0.4258169398597689,22,10000,[6873.885565690778],[167.58176393668163],[0.4258169398597689],-20,0.47225383165623097
5787,0.36175355763506434,0.4258169398597689,22,10000,[6873.885565690778],[167.58176393668163],[0.4258169398597689],-20,0.47225383165623097
5788,0.8294736775658522,0.4258169398597689,22,10000,[6873.885565690778],[167.58176393668163],[0.4258169398597689],-20,0.47225383165623097
5789,-0.2171754035682184,0.4258169398597689,22,10000,[6873.885565690778],[167.58176393668163],[0.4258169398597689],-20,0.47225383165623097
5790,-0.2623407283910998,0.4258169398597689,22,10000,[6873.885565690778],[167.58176393668163],[0.4258169398597689],-20,0.47225383165623097
5791,1.0189002650268113,0.4258169398597689,22,10000,[6873.885565690778],[167.58176393668163],[0.4258169398597689],-20,0.47225383165623097
5792,0.3682437966799683,0.4258169398597689,22,10000,[6873.885565690778],[167.58176393668163],[0.4258169398597689],-20,0.47225383165623097
5793,0.29130578253767236,0.4258169398597689,22,10000,[6873.885565690778],[167.58176393668163],[0.4258169398597689],-20,0.47225383165623097
5794,0.5127934958477234,0.4258169398597689,22,10000,[6873.885565690778],[167.58176393668163],[0.4258169398597689],-20,0.47225383165623097
5795,0.4231289105267938,0.4258169398597689,22,10000,[6873.885565690778],[167.58176393668163],[0.4258169398597689],-20,0.47225383165623097
5796,1.1076171038875564,0.4258169398597689,22,10000,[6873.885565690778],[167.58176393668163],[0.4258169398597689],-20,0.47225383165623097
5797,-0.016980669407649418,0.4258169398597689,22,10000,[6873.885565690778],[167.58176393668163],[0.4258169398597689],-20,0.47225383165623097
5798,-0.08565178770868775,0.4258169398597689,22,10000,[6873.885565690778],[167.58176393668163],[0.4258169398597689],-20,0.47225383165623097
5799,0.6402793620415883,0.4258169398597689,22,10000,[6873.885565690778],[167.58176393668163],[0.4258169398597689],-20,0.47225383165623097
5800,0.22661628568826142,0.4258169398597689,22,10000,[6873.885565690778],[167.58176393668163],[0.4258169398597689],-20,0.47225383165623097
5801,0.12525228071210337,0.4258169398597689,22,10000,[6873.885565690778],[167.58176393668163],[0.4258169398597689],-20,0.47225383165623097
5802,-0.6672224408591878,0.4258169398597689,22,10000,[6873.885565690778],[167.58176393668163],[0.4258169398597689],-20,0.47225383165623097
5803,1.0217293288232177,0.4258169398597689,22,10000,[6873.885565690778],[167.58176393668163],[0.4258169398597689],-20,0.47225383165623097
5804,0.18311049270461457,0.4258169398597689,22,10000,[6873.885565690778],[167.58176393668163],[0.4258169398597689],-20,0.47225383165623097
5805,-0.08963286769844625,0.4258169398597689,22,10000,[6873.885565690778],[167.58176393668163],[0.4258169398597689],-20,0.47225383165623097
5806,0.6962047687761947,0.4258169398597689,22,10000,[6873.885565690778],[167.58176393668163],[0.4258169398597689],-20,0.47225383165623097
5807,0.030846951374176035,0.4258169398597689,22,10000,[6873.885565690778],[167.58176393668163],[0.4258169398597689],-20,0.47225383165623097
5808,0.1408230924269403,0.4258169398597689,22,10000,[6873.885565690778],[167.58176393668163],[0.4258169398597689],-20,0.47225383165623097
5809,1.722533962176159,0.4258169398597689,22,10000,[6873.885565690778],[167.58176393668163],[0.4258169398597689],-20,0.47225383165623097
5810,0.5487240276760814,0.4258169398597689,22,10000,[6873.885565690778],[167.58176393668163],[0.4258169398597689],-20,0.47225383165623097
5811,0.5130209134836118,0.4258169398597689,22,10000,[6873.885565690778],[167.58176393668163],[0.4258169398597689],-20,0.47225383165623097
5812,0.7962002756568652,0.4258169398597689,22,10000,[6873.885565690778],[167.58176393668163],[0.4258169398597689],-20,0.47225383165623097
5813,-0.08188699890197848,0.4258169398597689,22,10000,[6873.885565690778],[167.58176393668163],[0.4258169398597689],-20,0.47225383165623097
5814,0.42098236610397555,0.4258169398597689,22,10000,[6873.885565690778],[167.58176393668163],[0.4258169398597689],-20,0.47225383165623097
5815,0.29167227804523693,0.4258169398597689,22,10000,[6873.885565690778],[167.58176393668163],[0.4258169398597689],-20,0.47225383165623097
5816,1.0325940526175978,0.4258169398597689,22,10000,[6873.885565690778],[167.58176393668163],[0.4258169398597689],-20,0.47225383165623097
5817,0.7039392838328286,0.4258169398597689,22,10000,[6873.885565690778],[167.58176393668163],[0.4258169398597689],-20,0.47225383165623097
5818,0.7382242809746884,0.4258169398597689,22,10000,[6873.885565690778],[167.58176393668163],[0.4258169398597689],-20,0.47225383165623097
5819,0.39266285424095765,0.4258169398597689,22,10000,[6873.885565690778],[167.58176393668163],[0.4258169398597689],-20,0.47225383165623097
5820,0.26971285455609,0.4258169398597689,22,10000,[6873.885565690778],[167.58176393668163],[0.4258169398597689],-20,0.47225383165623097
5821,0.34770438131128445,0.4258169398597689,22,10000,[6873.885565690778],[167.58176393668163],[0.4258169398597689],-20,0.47225383165623097
5822,0.7027615414824632,0.4258169398597689,22,10000,[6873.885565690778],[167.58176393668163],[0.4258169398597689],-20,0.47225383165623097
5823,0.6077127055746884,0.4258169398597689,22,10000,[6873.885565690778],[167.58176393668163],[0.4258169398597689],-20,0.47225383165623097
5824,0.4519441325854772,0.4258169398597689,22,10000,[6873.885565690778],[167.58176393668163],[0.4258169398597689],-20,0.47225383165623097
5825,0.5241620169303532,0.4258169398597689,22,10000,[6873.885565690778],[167.58176393668163],[0.4258169398597689],-20,0.47225383165623097
5826,-0.14904682053476104,0.4258169398597689,22,10000,[6873.885565690778],[167.58176393668163],[0.4258169398597689],-20,0.47225383165623097
5827,-0.1048167121053607,0.4258169398597689,22,10000,[6873.885565690778],[167.58176393668163],[0.4258169398597689],-20,0.47225383165623097
5828,-0.09497616805994091,0.4258169398597689,22,10000,[6873.885565690778],[167.58176393668163],[0.4258169398597689],-20,0.47225383165623097
5829,-0.19280716105829976,0.4258169398597689,22,10000,[6873.885565690778],[167.58176393668163],[0.4258169398597689],-20,0.47225383165623097
5830,0.6264774182185565,0.4258169398597689,22,10000,[6873.885565690778],[167.58176393668163],[0.4258169398597689],-20,0.47225383165623097
5831,0.15071429166620143,0.4258169398597689,22,10000,[6873.885565690778],[167.58176393668163],[0.4258169398597689],-20,0.47225383165623097
5832,0.6773302565514208,0.4258169398597689,22,10000,[6873.885565690778],[167.58176393668163],[0.4258169398597689],-20,0.47225383165623097
5833,0.5912972545361583,0.4258169398597689,22,10000,[6873.885565690778],[167.58176393668163],[0.4258169398597689],-20,0.47225383165623097
5834,0.31485775243167397,0.4258169398597689,22,10000,[6873.885565690778],[167.58176393668163],[0.4258169398597689],-20,0.47225383165623097
5835,-0.029964283271174175,0.4258169398597689,22,10000,[6873.885565690778],[167.58176393668163],[0.4258169398597689],-20,0.47225383165623097
5836,1.2513129932719511,0.4258169398597689,22,10000,[6873.885565690778],[167.58176393668163],[0.4258169398597689],-20,0.47225383165623097
5837,-0.40259060132829483,0.4258169398597689,22,10000,[6873.885565690778],[167.58176393668163],[0.4258169398597689],-20,0.47225383165623097
5838,-0.005785459149604544,0.4258169398597689,22,10000,[6873.885565690778],[167.58176393668163],[0.4258169398597689],-20,0.47225383165623097
5839,0.024866073335171823,0.4258169398597689,22,10000,[6873.885565690778],[167.58176393668163],[0.4258169398597689],-20,0.47225383165623097
5840,0.003268942999546831,0.4258169398597689,22,10000,[6873.885565690778],[167.58176393668163],[0.4258169398597689],-20,0.47225383165623097
5841,-0.42809193058441286,0.4258169398597689,22,10000,[6873.885565690778],[167.58176393668163],[0.4258169398597689],-20,0.47225383165623097
5842,0.48958399047990675,0.4258169398597689,22,10000,[6873.885565690778],[167.58176393668163],[0.4258169398597689],-20,0.47225383165623097
5843,-0.1041821646328398,0.4258169398597689,22,10000,[6873.885565690778],[167.58176393668163],[0.4258169398597689],-20,0.47225383165623097
5844,0.1481247116711411,0.4258169398597689,22,10000,[6873.885565690778],[167.58176393668163],[0.4258169398597689],-20,0.47225383165623097
5845,0.7145479841026023,0.4258169398597689,22,10000,[6873.885565690778],[167.58176393668163],[0.4258169398597689],-20,0.47225383165623097
5846,0.6464602459226971,0.4258169398597689,22,10000,[6873.885565690778],[167.58176393668163],[0.4258169398597689],-20,0.47225383165623097
5847,0.08346348295073697,0.4258169398597689,22,10000,[6873.885565690778],[167.58176393668163],[0.4258169398597689],-20,0.47225383165623097
5848,0.7665428268913612,0.4258169398597689,22,10000,[6873.885565690778],[167.58176393668163],[0.4258169398597689],-20,0.47225383165623097
5849,0.05238191863913616,0.4258169398597689,22,10000,[6873.885565690778],[167.58176393668163],[0.4258169398597689],-20,0.47225383165623097
5850,-0.7161324636678386,0.4258169398597689,22,10000,[6873.885565690778],[167.58176393668163],[0.4258169398597689],-20,0.47225383165623097
5851,0.5168877021406506,0.4258169398597689,22,10000,[6873.885565690778],[167.58176393668163],[0.4258169398597689],-20,0.47225383165623097
5852,0.8369885825602696,0.4258169398597689,22,10000,[6873.885565690778],[167.58176393668163],[0.4258169398597689],-20,0.47225383165623097
5853,0.7857866440370265,0.4258169398597689,22,10000,[6873.885565690778],[167.58176393668163],[0.4258169398597689],-20,0.47225383165623097
5854,1.480424129275429,0.4258169398597689,22,10000,[6873.885565690778],[167.58176393668163],[0.4258169398597689],-20,0.47225383165623097
5855,0.6766776846421291,0.4258169398597689,22,10000,[6873.885565690778],[167.58176393668163],[0.4258169398597689],-20,0.47225383165623097
5856,1.2942517547682264,0.4258169398597689,22,10000,[6873.885565690778],[167.58176393668163],[0.4258169398597689],-20,0.47225383165623097
5857,-0.15853946085339587,0.4258169398597689,22,10000,[6873.885565690778],[167.58176393668163],[0.4258169398597689],-20,0.47225383165623097
5858,0.296785628031688,0.4258169398597689,22,10000,[6873.885565690778],[167.58176393668163],[0.4258169398597689],-20,0.47225383165623097
5859,-0.9418161175767144,0.4258169398597689,22,10000,[6873.885565690778],[167.58176393668163],[0.4258169398597689],-20,0.47225383165623097
5860,0.6475780208275639,0.4258169398597689,22,10000,[6873.885565690778],[167.58176393668163],[0.4258169398597689],-20,0.47225383165623097
5861,0.18443738043989244,0.4258169398597689,22,10000,[6873.885565690778],[167.58176393668163],[0.4258169398597689],-20,0.47225383165623097
5862,-0.1314920178327491,0.4258169398597689,22,10000,[6873.885565690778],[167.58176393668163],[0.4258169398597689],-20,0.47225383165623097
5863,0.67818686753706,0.4258169398597689,22,10000,[6873.885565690778],[167.58176393668163],[0.4258169398597689],-20,0.47225383165623097
5864,0.2762820314730873,0.4258169398597689,22,10000,[6873.885565690778],[167.58176393668163],[0.4258169398597689],-20,0.47225383165623097
5865,0.676874643075848,0.4258169398597689,22,10000,[6873.885565690778],[167.58176393668163],[0.4258169398597689],-20,0.47225383165623097
5866,0.058251815897430614,0.4258169398597689,22,10000,[6873.885565690778],[167.58176393668163],[0.4258169398597689],-20,0.47225383165623097
5867,0.7504127292873886,0.4258169398597689,22,10000,[6873.885565690778],[167.58176393668163],[0.4258169398597689],-20,0.47225383165623097
5868,0.9971842991223603,0.4258169398597689,22,10000,[6873.885565690778],[167.58176393668163],[0.4258169398597689],-20,0.47225383165623097
5869,0.4482632579253037,0.4258169398597689,22,10000,[6873.885565690778],[167.58176393668163],[0.4258169398597689],-20,0.47225383165623097
5870,1.3778901492593254,0.4258169398597689,22,10000,[6873.885565690778],[167.58176393668163],[0.4258169398597689],-20,0.47225383165623097
5871,0.7399163825159808,0.4258169398597689,22,10000,[6873.885565690778],[167.58176393668163],[0.4258169398597689],-20,0.47225383165623097
5872,1.0723823172528928,0.4258169398597689,22,10000,[6873.885565690778],[167.58176393668163],[0.4258169398597689],-20,0.47225383165623097
5873,0.37018923064426745,0.4258169398597689,22,10000,[6873.885565690778],[167.58176393668163],[0.4258169398597689],-20,0.47225383165623097
5874,0.4052611323499507,0.4258169398597689,22,10000,[6873.885565690778],[167.58176393668163],[0.4258169398597689],-20,0.47225383165623097
5875,0.5663591181266295,0.4258169398597689,22,10000,[6873.885565690778],[167.58176393668163],[0.4258169398597689],-20,0.47225383165623097
5876,0.328754849956321,0.4258169398597689,22,10000,[6873.885565690778],[167.58176393668163],[0.4258169398597689],-20,0.47225383165623097
5877,0.5203678773055279,0.4258169398597689,22,10000,[6873.885565690778],[167.58176393668163],[0.4258169398597689],-20,0.47225383165623097
5878,1.109382506338095,0.4258169398597689,22,10000,[6873.885565690778],[167.58176393668163],[0.4258169398597689],-20,0.47225383165623097
5879,0.36684312940482555,0.4258169398597689,22,10000,[6873.885565690778],[167.58176393668163],[0.4258169398597689],-20,0.47225383165623097
5880,0.14028240695508293,0.4258169398597689,22,10000,[6873.885565690778],[167.58176393668163],[0.4258169398597689],-20,0.47225383165623097
5881,0.35332189862757957,0.4258169398597689,22,10000,[6873.885565690778],[167.58176393668163],[0.4258169398597689],-20,0.47225383165623097
5882,0.9082073923345336,0.4258169398597689,22,10000,[6873.885565690778],[167.58176393668163],[0.4258169398597689],-20,0.47225383165623097
5883,0.5256910522125016,0.4258169398597689,22,10000,[6873.885565690778],[167.58176393668163],[0.4258169398597689],-20,0.47225383165623097
5884,0.10167578408247807,0.4258169398597689,22,10000,[6873.885565690778],[167.58176393668163],[0.4258169398597689],-20,0.47225383165623097
5885,-0.18566894082755447,0.4258169398597689,22,10000,[6873.885565690778],[167.58176393668163],[0.4258169398597689],-20,0.47225383165623097
5886,0.9555802325940905,0.4258169398597689,22,10000,[6873.885565690778],[167.58176393668163],[0.4258169398597689],-20,0.47225383165623097
5887,-0.08850532535276501,0.4258169398597689,22,10000,[6873.885565690778],[167.58176393668163],[0.4258169398597689],-20,0.47225383165623097
5888,-0.18095887963767765,0.4258169398597689,22,10000,[6873.885565690778],[167.58176393668163],[0.4258169398597689],-20,0.47225383165623097
5889,-0.18386108931849388,0.4258169398597689,22,10000,[6873.885565690778],[167.58176393668163],[0.4258169398597689],-20,0.47225383165623097
5890,0.8541739319577202,0.4258169398597689,22,10000,[6873.885565690778],[167.58176393668163],[0.4258169398597689],-20,0.47225383165623097
5891,0.9672634626108428,0.4258169398597689,22,10000,[6873.885565690778],[167.58176393668163],[0.4258169398597689],-20,0.47225383165623097
5892,1.1441103523755052,0.4258169398597689,22,10000,[6873.885565690778],[167.58176393668163],[0.4258169398597689],-20,0.47225383165623097
5893,0.22821644831519322,0.4258169398597689,22,10000,[6873.885565690778],[167.58176393668163],[0.4258169398597689],-20,0.47225383165623097
5894,1.0344539039646805,0.4258169398597689,22,10000,[6873.885565690778],[167.58176393668163],[0.4258169398597689],-20,0.47225383165623097
5895,0.19888213167728336,0.0,22,10000,[6873.885565690778],[167.58176393668163],[0.4258169398597689],-20,0.47225383165623097
5896,1.0969695502283312,0.0,22,10000,[6873.885565690778],[167.58176393668163],[0.4258169398597689],-20,0.47225383165623097
5897,-0.2346648252086225,0.0,22,10000,[6873.885565690778],[167.58176393668163],[0.4258169398597689],-20,0.47225383165623097
5898,0.23522517673118762,0.0,22,10000,[6873.885565690778],[167.58176393668163],[0.4258169398597689],-20,0.47225383165623097
5899,0.4321655141064053,0.0,22,10000,[6873.885565690778],[167.58176393668163],[0.4258169398597689],-20,0.47225383165623097
5900,0.36322316025682516,0.0,22,10000,[6873.885565690778],[167.58176393668163],[0.4258169398597689],-20,0.47225383165623097
5901,0.017971799060573924,0.0,22,10000,[6873.885565690778],[167.58176393668163],[0.4258169398597689],-20,0.47225383165623097
5902,0.2067545136955076,0.0,22,10000,[6873.885565690778],[167.58176393668163],[0.4258169398597689],-20,0.47225383165623097
5903,-0.3314047612362001,0.0,22,10000,[6873.885565690778],[167.58176393668163],[0.4258169398597689],-20,0.47225383165623097
5904,0.7464971324525921,0.0,22,10000,[6873.885565690778],[167.58176393668163],[0.4258169398597689],-20,0.47225383165623097
5905,-0.5931212088483906,0.0,22,10000,[6873.885565690778],[167.58176393668163],[0.4258169398597689],-20,0.47225383165623097
5906,-0.17822547637637973,0.0,22,10000,[6873.885565690778],[167.58176393668163],[0.4258169398597689],-20,0.47225383165623097
5907,-0.26014697761047245,0.0,22,10000,[6873.885565690778],[167.58176393668163],[0.4258169398597689],-20,0.47225383165623097
5908,0.010796662919128137,0.0,22,10000,[6873.885565690778],[167.58176393668163],[0.4258169398597689],-20,0.47225383165623097
5909,0.08476764950678133,0.0,22,10000,[6873.885565690778],[167.58176393668163],[0.4258169398597689],-20,0.47225383165623097
5910,1.1114036323379979,0.0,22,10000,[6873.885565690778],[167.58176393668163],[0.4258169398597689],-20,0.47225383165623097
5911,-0.05387965300216918,0.0,22,10000,[6873.885565690778],[167.58176393668163],[0.4258169398597689],-20,0.47225383165623097
5912,0.2796637706853106,0.0,22,10000,[6873.885565690778],[167.58176393668163],[0.4258169398597689],-20,0.47225383165623097
5913,0.29568451367526183,0.0,22,10000,[6873.885565690778],[167.58176393668163],[0.4258169398597689],-20,0.47225383165623097
5914,0.6547368185700506,0.0,22,10000,[6873.885565690778],[167.58176393668163],[0.4258169398597689],-20,0.47225383165623097
5915,-0.35381894778577266,0.0,22,10000,[6873.885565690778],[167.58176393668163],[0.4258169398597689],-20,0.47225383165623097
5916,0.16839841553504423,0.0,22,10000,[6873.885565690778],[167.58176393668163],[0.4258169398597689],-20,0.47225383165623097
5917,-0.34776452841944616,0.0,22,10000,[6873.885565690778],[167.58176393668163],[0.4258169398597689],-20,0.47225383165623097
5918,-1.1116710776215875,0.0,22,10000,[6873.885565690778],[167.58176393668163],[0.4258169398597689],-20,0.47225383165623097
5919,-0.22097638732988364,0.0,22,10000,[6873.885565690778],[167.58176393668163],[0.4258169398597689],-20,0.47225383165623097
5920,-0.8264376138916157,0.0,22,10000,[6873.885565690778],[167.58176393668163],[0.4258169398597689],-20,0.47225383165623097
5921,0.36088407593244165,0.0,22,10000,[6873.885565690778],[167.58176393668163],[0.4258169398597689],-20,0.47225383165623097
5922,-0.7520356805162881,0.0,22,10000,[6873.885565690778],[167.58176393668163],[0.4258169398597689],-20,0.47225383165623097
5923,0.6154226089271427,0.0,22,10000,[6873.885565690778],[167.58176393668163],[0.4258169398597689],-20,0.47225383165623097
5924,-0.41550072751818296,0.0,22,10000,[6873.885565690778],[167.58176393668163],[0.4258169398597689],-20,0.47225383165623097
5925,0.19114877079340264,0.0,22,10000,[6873.885565690778],[167.58176393668163],[0.4258169398597689],-20,0.47225383165623097
5926,0.01554934856423053,0.0,22,10000,[6873.885565690778],[167.58176393668163],[0.4258169398597689],-20,0.47225383165623097
5927,-0.049015639126487265,0.0,22,10000,[6873.885565690778],[167.58176393668163],[0.4258169398597689],-20,0.47225383165623097
5928,-0.19235811206508635,0.0,22,10000,[6873.885565690778],[167.58176393668163],[0.4258169398597689],-20,0.47225383165623097
5929,-0.6488477787684619,0.0,22,10000,[6873.885565690778],[167.58176393668163],[0.4258169398597689],-20,0.47225383165623097
5930,0.3406829192006561,0.0,22,10000,[6873.885565690778],[167.58176393668163],[0.4258169398597689],-20,0.47225383165623097
5931,-0.12250493570299373,0.0,22,10000,[6873.885565690778],[167.58176393668163],[0.4258169398597689],-20,0.47225383165623097
5932,-0.038180724976127255,0.0,22,10000,[6873.885565690778],[167.58176393668163],[0.4258169398597689],-20,0.47225383165623097
5933,0.3066099812769511,0.0,22,10000,[6873.885565690778],[167.58176393668163],[0.4258169398597689],-20,0.47225383165623097
5934,0.18403946507324864,0.0,22,10000,[6873.885565690778],[167.58176393668163],[0.4258169398597689],-20,0.47225383165623097
5935,0.09567255456086572,0.0,22,10000,[6873.885565690778],[167.58176393668163],[0.4258169398597689],-20,0.47225383165623097
5936,0.4078296220478068,0.0,22,10000,[6873.885565690778],[167.58176393668163],[0.4258169398597689],-20,0.47225383165623097
5937,0.4092651245804028,0.0,22,10000,[6873.885565690778],[167.58176393668163],[0.4258169398597689],-20,0.47225383165623097
5938,0.14891011662336465,0.0,22,10000,[6873.885565690778],[167.58176393668163],[0.4258169398597689],-20,0.47225383165623097
5939,-0.7310492170640746,0.0,22,10000,[6873.885565690778],[167.58176393668163],[0.4258169398597689],-20,0.47225383165623097
5940,-0.4353139436085458,0.0,22,10000,[6873.885565690778],[167.58176393668163],[0.4258169398597689],-20,0.47225383165623097
5941,0.25087785513358946,0.0,22,10000,[6873.885565690778],[167.58176393668163],[0.4258169398597689],-20,0.47225383165623097
5942,-0.07439462573163022,0.0,22,10000,[6873.885565690778],[167.58176393668163],[0.4258169398597689],-20,0.47225383165623097
5943,-0.5319745211709009,0.0,22,10000,[6873.885565690778],[167.58176393668163],[0.4258169398597689],-20,0.47225383165623097
5944,0.44527850260832835,0.0,22,10000,[6873.885565690778],[167.58176393668163],[0.4258169398597689],-20,0.47225383165623097
5945,-0.22788227584388843,0.0,22,10000,[6873.885565690778],[167.58176393668163],[0.4258169398597689],-20,0.47225383165623097
5946,-0.28161399387892344,0.0,22,10000,[6873.885565690778],[167.58176393668163],[0.4258169398597689],-20,0.47225383165623097
5947,-0.8172828845538496,0.0,22,10000,[6873.885565690778],[167.58176393668163],[0.4258169398597689],-20,0.47225383165623097
5948,0.18716075310796162,0.0,22,10000,[6873.885565690778],[167.58176393668163],[0.4258169398597689],-20,0.47225383165623097
5949,0.34052374987471123,0.0,22,10000,[6873.885565690778],[167.58176393668163],[0.4258169398597689],-20,0.47225383165623097
5950,0.7906625800265282,0.0,22,10000,[6873.885565690778],[167.58176393668163],[0.4258169398597689],-20,0.47225383165623097
5951,0.8879059351176305,0.0,22,10000,[6873.885565690778],[167.58176393668163],[0.4258169398597689],-20,0.47225383165623097
5952,-0.4152416480021989,0.0,22,10000,[6873.885565690778],[167.58176393668163],[0.4258169398597689],-20,0.47225383165623097
5953,0.33556169400761665,0.0,22,10000,[6873.885565690778],[167.58176393668163],[0.4258169398597689],-20,0.47225383165623097
5954,0.40860265100886717,0.0,22,10000,[6873.885565690778],[167.58176393668163],[0.4258169398597689],-20,0.47225383165623097
5955,0.869462395349197,0.0,22,10000,[6873.885565690778],[167.58176393668163],[0.4258169398597689],-20,0.47225383165623097
5956,-0.1125052480134991,0.0,22,10000,[6873.885565690778],[167.58176393668163],[0.4258169398597689],-20,0.47225383165623097
5957,-0.02057345835971825,0.0,22,10000,[6873.885565690778],[167.58176393668163],[0.4258169398597689],-20,0.47225383165623097
5958,0.0009484652523780978,0.0,22,10000,[6873.885565690778],[167.58176393668163],[0.4258169398597689],-20,0.47225383165623097
5959,0.02392053644005588,0.0,22,10000,[6873.885565690778],[167.58176393668163],[0.4258169398597689],-20,0.47225383165623097
5960,0.46604651499066907,0.0,22,10000,[6873.885565690778],[167.58176393668163],[0.4258169398597689],-20,0.47225383165623097
5961,-0.5314737729578647,0.0,22,10000,[6873.885565690778],[167.58176393668163],[0.4258169398597689],-20,0.47225383165623097
5962,0.7401297028751077,0.0,22,10000,[6873.885565690778],[167.58176393668163],[0.4258169398597689],-20,0.47225383165623097
5963,-0.18741786192812687,0.0,22,10000,[6873.885565690778],[167.58176393668163],[0.4258169398597689],-20,0.47225383165623097
5964,-0.06745425359437747,0.0,22,10000,[6873.885565690778],[167.58176393668163],[0.4258169398597689],-20,0.47225383165623097
5965,-0.3241424934051988,0.0,22,10000,[6873.885565690778],[167.58176393668163],[0.4258169398597689],-20,0.47225383165623097
5966,0.41442859836675555,0.0,22,10000,[6873.885565690778],[167.58176393668163],[0.4258169398597689],-20,0.47225383165623097
5967,0.4759469184557912,0.0,22,10000,[6873.885565690778],[167.58176393668163],[0.4258169398597689],-20,0.47225383165623097
5968,-0.05561630705080213,0.0,22,10000,[6873.885565690778],[167.58176393668163],[0.4258169398597689],-20,0.47225383165623097
5969,-0.3495468571687046,0.0,22,10000,[6873.885565690778],[167.58176393668163],[0.4258169398597689],-20,0.47225383165623097
5970,0.5591032710983955,0.0,22,10000,[6873.885565690778],[167.58176393668163],[0.4258169398597689],-20,0.47225383165623097
5971,0.10521399865406801,0.0,22,10000,[6873.885565690778],[167.58176393668163],[0.4258169398597689],-20,0.47225383165623097
5972,0.08534936756672903,0.0,22,10000,[6873.885565690778],[167.58176393668163],[0.4258169398597689],-20,0.47225383165623097
5973,0.26764359320471826,0.0,22,10000,[6873.885565690778],[167.58176393668163],[0.4258169398597689],-20,0.47225383165623097
5974,-0.47759611450244044,0.0,22,10000,[6873.885565690778],[167.58176393668163],[0.4258169398597689],-20,0.47225383165623097
5975,0.5196465934146917,0.0,22,10000,[6873.885565690778],[167.58176393668163],[0.4258169398597689],-20,0.47225383165623097
5976,-0.27087828615314363,0.0,22,10000,[6873.885565690778],[167.58176393668163],[0.4258169398597689],-20,0.47225383165623097
5977,0.20086619443520998,0.0,22,10000,[6873.885565690778],[167.58176393668163],[0.4258169398597689],-20,0.47225383165623097
5978,-0.6053125085551492,0.0,22,10000,[6873.885565690778],[167.58176393668163],[0.4258169398597689],-20,0.47225383165623097
5979,0.4081416221771716,0.0,22,10000,[6873.885565690778],[167.58176393668163],[0.4258169398597689],-20,0.47225383165623097
5980,-0.09860450585980927,0.0,22,10000,[6873.885565690778],[167.58176393668163],[0.4258169398597689],-20,0.47225383165623097
5981,-0.4627189864261691,0.0,22,10000,[6873.885565690778],[167.58176393668163],[0.4258169398597689],-20,0.47225383165623097
5982,-0.1807459422956802,0.0,22,10000,[6873.885565690778],[167.58176393668163],[0.4258169398597689],-20,0.47225383165623097
5983,-0.22376585131771443,0.0,22,10000,[6873.885565690778],[167.58176393668163],[0.4258169398597689],-20,0.47225383165623097
5984,0.4221841563552537,0.0,22,10000,[6873.885565690778],[167.58176393668163],[0.4258169398597689],-20,0.47225383165623097
5985,-0.1540315988036932,0.0,22,10000,[6873.885565690778],[167.58176393668163],[0.4258169398597689],-20,0.47225383165623097
5986,0.23221487229575777,0.0,22,10000,[6873.885565690778],[167.58176393668163],[0.4258169398597689],-20,0.47225383165623097
5987,-0.11478596177521612,0.0,22,10000,[6873.885565690778],[167.58176393668163],[0.4258169398597689],-20,0.47225383165623097
5988,-0.44627512095315236,0.0,22,10000,[6873.885565690778],[167.58176393668163],[0.4258169398597689],-20,0.47225383165623097
5989,0.2819736264285758,0.0,22,10000,[6873.885565690778],[167.58176393668163],[0.4258169398597689],-20,0.47225383165623097
5990,0.31082827377461875,0.0,22,10000,[6873.885565690778],[167.58176393668163],[0.4258169398597689],-20,0.47225383165623097
5991,-0.9492921986220643,0.0,22,10000,[6873.885565690778],[167.58176393668163],[0.4258169398597689],-20,0.47225383165623097
5992,-0.011725758064693507,0.0,22,10000,[6873.885565690778],[167.58176393668163],[0.4258169398597689],-20,0.47225383165623097
5993,0.4197842223596452,0.0,22,10000,[6873.885565690778],[167.58176393668163],[0.4258169398597689],-20,0.47225383165623097
5994,-0.2891402784778596,0.0,22,10000,[6873.885565690778],[167.58176393668163],[0.4258169398597689],-20,0.47225383165623097
5995,-0.35726352096221675,0.0,22,10000,[6873.885565690778],[167.58176393668163],[0.4258169398597689],-20,0.47225383165623097
5996,0.4197392426327706,0.0,22,10000,[6873.885565690778],[167.58176393668163],[0.4258169398597689],-20,0.47225383165623097
5997,0.5603395490881811,0.0,22,10000,[6873.885565690778],[167.58176393668163],[0.4258169398597689],-20,0.47225383165623097
5998,0.6050899645369281,0.0,22,10000,[6873.885565690778],[167.58176393668163],[0.4258169398597689],-20,0.47225383165623097
5999,0.8892296155137909,0.0,22,10000,[6873.885565690778],[167.58176393668163],[0.4258169398597689],-20,0.47225383165623097
6000,-0.08136921096663402,0.0,22,10000,[6873.885565690778],[167.58176393668163],[0.4258169398597689],-20,0.47225383165623097
6001,0.22388316654826013,0.0,22,10000,[6873.885565690778],[167.58176393668163],[0.4258169398597689],-20,0.47225383165623097
6002,-0.4034898574899903,0.0,22,10000,[6873.885565690778],[167.58176393668163],[0.4258169398597689],-20,0.47225383165623097
6003,-0.10417365061760714,0.0,22,10000,[6873.885565690778],[167.58176393668163],[0.4258169398597689],-20,0.47225383165623097
6004,-0.385198421245602,0.0,22,10000,[6873.885565690778],[167.58176393668163],[0.4258169398597689],-20,0.47225383165623097
6005,-0.39923984189463335,0.0,22,10000,[6873.885565690778],[167.58176393668163],[0.4258169398597689],-20,0.47225383165623097
6006,1.253737690877433,0.0,22,10000,[6873.885565690778],[167.58176393668163],[0.4258169398597689],-20,0.47225383165623097
6007,0.5664409464002891,0.0,22,10000,[6873.885565690778],[167.58176393668163],[0.4258169398597689],-20,0.47225383165623097
6008,-0.28061021970173644,0.0,22,10000,[6873.885565690778],[167.58176393668163],[0.4258169398597689],-20,0.47225383165623097
6009,0.06111476980386746,0.0,22,10000,[6873.885565690778],[167.58176393668163],[0.4258169398597689],-20,0.47225383165623097
6010,0.41023127119789804,0.0,22,10000,[6873.885565690778],[167.58176393668163],[0.4258169398597689],-20,0.47225383165623097
6011,-0.8603354891299815,0.0,22,10000,[6873.885565690778],[167.58176393668163],[0.4258169398597689],-20,0.47225383165623097
6012,-0.14309437090201615,0.0,22,10000,[6873.885565690778],[167.58176393668163],[0.4258169398597689],-20,0.47225383165623097
6013,-0.21539154370277763,0.0,22,10000,[6873.885565690778],[167.58176393668163],[0.4258169398597689],-20,0.47225383165623097
6014,-0.44367548779321997,0.0,22,10000,[6873.885565690778],[167.58176393668163],[0.4258169398597689],-20,0.47225383165623097
6015,0.16840329415018496,0.0,22,10000,[6873.885565690778],[167.58176393668163],[0.4258169398597689],-20,0.47225383165623097
6016,0.4944125463006244,0.0,22,10000,[6873.885565690778],[167.58176393668163],[0.4258169398597689],-20,0.47225383165623097
6017,0.27849018803669345,0.0,22,10000,[6873.885565690778],[167.58176393668163],[0.4258169398597689],-20,0.47225383165623097
6018,0.6602281213566332,0.0,22,10000,[6873.885565690778],[167.58176393668163],[0.4258169398597689],-20,0.47225383165623097
6019,-0.011367371978219534,0.0,22,10000,[6873.885565690778],[167.58176393668163],[0.4258169398597689],-20,0.47225383165623097
6020,-0.4252101413890758,0.0,22,10000,[6873.885565690778],[167.58176393668163],[0.4258169398597689],-20,0.47225383165623097
6021,-0.044343925831245815,0.0,22,10000,[6873.885565690778],[167.58176393668163],[0.4258169398597689],-20,0.47225383165623097
6022,-0.051940308183409764,0.0,22,10000,[6873.885565690778],[167.58176393668163],[0.4258169398597689],-20,0.47225383165623097
6023,-0.866486007904363,0.0,22,10000,[6873.885565690778],[167.58176393668163],[0.4258169398597689],-20,0.47225383165623097
6024,0.13331886688446595,0.0,22,10000,[6873.885565690778],[167.58176393668163],[0.4258169398597689],-20,0.47225383165623097
6025,-0.12847145873450644,0.0,22,10000,[6873.885565690778],[167.58176393668163],[0.4258169398597689],-20,0.47225383165623097
6026,0.25266114058966743,0.0,22,10000,[6873.885565690778],[167.58176393668163],[0.4258169398597689],-20,0.47225383165623097
6027,1.1157081004935059,0.0,22,10000,[6873.885565690778],[167.58176393668163],[0.4258169398597689],-20,0.47225383165623097
6028,-0.5961979115166597,0.0,22,10000,[6873.885565690778],[167.58176393668163],[0.4258169398597689],-20,0.47225383165623097
6029,0.5471222448610937,0.0,22,10000,[6873.885565690778],[167.58176393668163],[0.4258169398597689],-20,0.47225383165623097
6030,-0.3445893493300191,0.0,22,10000,[6873.885565690778],[167.58176393668163],[0.4258169398597689],-20,0.47225383165623097
6031,-0.11730193424921875,0.0,22,10000,[6873.885565690778],[167.58176393668163],[0.4258169398597689],-20,0.47225383165623097
6032,-0.14896824235460693,0.0,22,10000,[6873.885565690778],[167.58176393668163],[0.4258169398597689],-20,0.47225383165623097
6033,0.6743845257626003,0.0,22,10000,[6873.885565690778],[167.58176393668163],[0.4258169398597689],-20,0.47225383165623097
6034,0.46727934812018335,0.0,22,10000,[6873.885565690778],[167.58176393668163],[0.4258169398597689],-20,0.47225383165623097
6035,0.0713557354787901,0.0,22,10000,[6873.885565690778],[167.58176393668163],[0.4258169398597689],-20,0.47225383165623097
6036,-0.35446405267304015,0.0,22,10000,[6873.885565690778],[167.58176393668163],[0.4258169398597689],-20,0.47225383165623097
6037,-0.8323648327196178,0.0,22,10000,[6873.885565690778],[167.58176393668163],[0.4258169398597689],-20,0.47225383165623097
6038,0.2670553942919346,0.0,22,10000,[6873.885565690778],[167.58176393668163],[0.4258169398597689],-20,0.47225383165623097
6039,0.8251654442508058,0.0,22,10000,[6873.885565690778],[167.58176393668163],[0.4258169398597689],-20,0.47225383165623097
6040,-0.12322223019603543,0.0,22,10000,[6873.885565690778],[167.58176393668163],[0.4258169398597689],-20,0.47225383165623097
6041,0.14004020547652146,0.0,22,10000,[6873.885565690778],[167.58176393668163],[0.4258169398597689],-20,0.47225383165623097
6042,-0.4779911577180166,0.0,22,10000,[6873.885565690778],[167.58176393668163],[0.4258169398597689],-20,0.47225383165623097
6043,-0.40642289272442406,0.0,22,10000,[6873.885565690778],[167.58176393668163],[0.4258169398597689],-20,0.47225383165623097
6044,-0.8314171597634747,0.0,22,10000,[6873.885565690778],[167.58176393668163],[0.4258169398597689],-20,0.47225383165623097
6045,-0.5124766794580858,0.0,22,10000,[6873.885565690778],[167.58176393668163],[0.4258169398597689],-20,0.47225383165623097
6046,-0.5689345066732489,0.0,22,10000,[6873.885565690778],[167.58176393668163],[0.4258169398597689],-20,0.47225383165623097
6047,-0.8403632987139444,0.0,22,10000,[6873.885565690778],[167.58176393668163],[0.4258169398597689],-20,0.47225383165623097
6048,0.6484234340096314,0.0,22,10000,[6873.885565690778],[167.58176393668163],[0.4258169398597689],-20,0.47225383165623097
6049,-0.5244971137299428,0.0,22,10000,[6873.885565690778],[167.58176393668163],[0.4258169398597689],-20,0.47225383165623097
6050,0.43482735351605245,0.0,22,10000,[6873.885565690778],[167.58176393668163],[0.4258169398597689],-20,0.47225383165623097
6051,-0.2915848619909303,0.0,22,10000,[6873.885565690778],[167.58176393668163],[0.4258169398597689],-20,0.47225383165623097
6052,-0.7446654969271611,0.0,22,10000,[6873.885565690778],[167.58176393668163],[0.4258169398597689],-20,0.47225383165623097
6053,0.5515385013049486,0.0,22,10000,[6873.885565690778],[167.58176393668163],[0.4258169398597689],-20,0.47225383165623097
6054,-0.11991994643622031,0.0,22,10000,[6873.885565690778],[167.58176393668163],[0.4258169398597689],-20,0.47225383165623097
6055,-0.5938862932088247,0.0,22,10000,[6873.885565690778],[167.58176393668163],[0.4258169398597689],-20,0.47225383165623097
6056,0.23949861895324479,0.0,22,10000,[6873.885565690778],[167.58176393668163],[0.4258169398597689],-20,0.47225383165623097
6057,-0.15151841027528368,0.0,22,10000,[6873.885565690778],[167.58176393668163],[0.4258169398597689],-20,0.47225383165623097
6058,1.4069593329875574,0.0,22,10000,[6873.885565690778],[167.58176393668163],[0.4258169398597689],-20,0.47225383165623097
6059,-0.020510555502945817,0.0,22,10000,[6873.885565690778],[167.58176393668163],[0.4258169398597689],-20,0.47225383165623097
6060,-0.1980437017889482,0.0,22,10000,[6873.885565690778],[167.58176393668163],[0.4258169398597689],-20,0.47225383165623097
6061,0.043729380571540515,0.0,22,10000,[6873.885565690778],[167.58176393668163],[0.4258169398597689],-20,0.47225383165623097
6062,0.526266026409811,0.0,22,10000,[6873.885565690778],[167.58176393668163],[0.4258169398597689],-20,0.47225383165623097
6063,0.5416808997699507,0.0,22,10000,[6873.885565690778],[167.58176393668163],[0.4258169398597689],-20,0.47225383165623097
6064,1.0531182729477637,0.0,22,10000,[6873.885565690778],[167.58176393668163],[0.4258169398597689],-20,0.47225383165623097
6065,-0.6468687376281678,0.0,22,10000,[6873.885565690778],[167.58176393668163],[0.4258169398597689],-20,0.47225383165623097
6066,-0.2934878366605881,0.0,22,10000,[6873.885565690778],[167.58176393668163],[0.4258169398597689],-20,0.47225383165623097
6067,0.2139422597937879,0.0,22,10000,[6873.885565690778],[167.58176393668163],[0.4258169398597689],-20,0.47225383165623097
6068,0.5475897444079806,0.0,22,10000,[6873.885565690778],[167.58176393668163],[0.4258169398597689],-20,0.47225383165623097
6069,-0.5102671853421875,0.0,22,10000,[6873.885565690778],[167.58176393668163],[0.4258169398597689],-20,0.47225383165623097
6070,0.788936579240218,0.0,22,10000,[6873.885565690778],[167.58176393668163],[0.4258169398597689],-20,0.47225383165623097
6071,-0.3941058893930144,0.0,22,10000,[6873.885565690778],[167.58176393668163],[0.4258169398597689],-20,0.47225383165623097
6072,-0.9712549060313794,0.0,22,10000,[6873.885565690778],[167.58176393668163],[0.4258169398597689],-20,0.47225383165623097
6073,-0.4401069019074419,0.0,22,10000,[6873.885565690778],[167.58176393668163],[0.4258169398597689],-20,0.47225383165623097
6074,-0.27817912178034765,0.0,22,10000,[6873.885565690778],[167.58176393668163],[0.4258169398597689],-20,0.47225383165623097
6075,-0.2605724530179719,0.0,22,10000,[6873.885565690778],[167.58176393668163],[0.4258169398597689],-20,0.47225383165623097
6076,0.0918588177511909,0.0,22,10000,[6873.885565690778],[167.58176393668163],[0.4258169398597689],-20,0.47225383165623097
6077,-0.5157741067665367,0.0,22,10000,[6873.885565690778],[167.58176393668163],[0.4258169398597689],-20,0.47225383165623097
6078,-0.04513103835972494,0.0,22,10000,[6873.885565690778],[167.58176393668163],[0.4258169398597689],-20,0.47225383165623097
6079,-0.6120705565970687,0.0,22,10000,[6873.885565690778],[167.58176393668163],[0.4258169398597689],-20,0.47225383165623097
6080,0.09316509716762456,0.0,22,10000,[6873.885565690778],[167.58176393668163],[0.4258169398597689],-20,0.47225383165623097
6081,-0.013331839300117118,0.0,22,10000,[6873.885565690778],[167.58176393668163],[0.4258169398597689],-20,0.47225383165623097
6082,-0.4681275749949506,0.0,22,10000,[6873.885565690778],[167.58176393668163],[0.4258169398597689],-20,0.47225383165623097
6083,-0.7273987007748147,0.0,22,10000,[6873.885565690778],[167.58176393668163],[0.4258169398597689],-20,0.47225383165623097
6084,-0.01630974961427238,0.0,22,10000,[6873.885565690778],[167.58176393668163],[0.4258169398597689],-20,0.47225383165623097
6085,0.5521511988650191,0.0,22,10000,[6873.885565690778],[167.58176393668163],[0.4258169398597689],-20,0.47225383165623097
6086,0.19591125760715808,0.0,22,10000,[6873.885565690778],[167.58176393668163],[0.4258169398597689],-20,0.47225383165623097
6087,0.48646508215226236,0.0,22,10000,[6873.885565690778],[167.58176393668163],[0.4258169398597689],-20,0.47225383165623097
6088,-0.19471738105699762,0.0,22,10000,[6873.885565690778],[167.58176393668163],[0.4258169398597689],-20,0.47225383165623097
6089,0.39486794196090164,0.0,22,10000,[6873.885565690778],[167.58176393668163],[0.4258169398597689],-20,0.47225383165623097
6090,0.31918936419438526,0.0,22,10000,[6873.885565690778],[167.58176393668163],[0.4258169398597689],-20,0.47225383165623097
6091,1.1554368038320066,0.0,22,10000,[6873.885565690778],[167.58176393668163],[0.4258169398597689],-20,0.47225383165623097
6092,-0.8672114174929334,0.0,22,10000,[6873.885565690778],[167.58176393668163],[0.4258169398597689],-20,0.47225383165623097
6093,-0.2926129742242259,0.0,22,10000,[6873.885565690778],[167.58176393668163],[0.4258169398597689],-20,0.47225383165623097
6094,-0.6325492639201457,0.0,22,10000,[6873.885565690778],[167.58176393668163],[0.4258169398597689],-20,0.47225383165623097
6095,-0.6239252212749226,0.0,22,10000,[6873.885565690778],[167.58176393668163],[0.4258169398597689],-20,0.47225383165623097
6096,-0.12487608705989688,0.0,22,10000,[6873.885565690778],[167.58176393668163],[0.4258169398597689],-20,0.47225383165623097
6097,0.18002414736679556,0.0,22,10000,[6873.885565690778],[167.58176393668163],[0.4258169398597689],-20,0.47225383165623097
6098,0.2623529966306653,0.0,22,10000,[6873.885565690778],[167.58176393668163],[0.4258169398597689],-20,0.47225383165623097
6099,-0.4550329118852779,0.0,22,10000,[6873.885565690778],[167.58176393668163],[0.4258169398597689],-20,0.47225383165623097
6100,0.2163702495336947,0.0,22,10000,[6873.885565690778],[167.58176393668163],[0.4258169398597689],-20,0.47225383165623097
6101,0.3528118658915107,0.0,22,10000,[6873.885565690778],[167.58176393668163],[0.4258169398597689],-20,0.47225383165623097
6102,-1.2800062048318763,0.0,22,10000,[6873.885565690778],[167.58176393668163],[0.4258169398597689],-20,0.47225383165623097
6103,-0.015065338478547397,0.0,22,10000,[6873.885565690778],[167.58176393668163],[0.4258169398597689],-20,0.47225383165623097
6104,-0.0016626891466800056,0.0,22,10000,[6873.885565690778],[167.58176393668163],[0.4258169398597689],-20,0.47225383165623097
6105,0.20283603294754626,0.0,22,10000,[6873.885565690778],[167.58176393668163],[0.4258169398597689],-20,0.47225383165623097
6106,0.07962516439561726,0.0,22,10000,[6873.885565690778],[167.58176393668163],[0.4258169398597689],-20,0.47225383165623097
6107,0.13108217941595265,0.0,22,10000,[6873.885565690778],[167.58176393668163],[0.4258169398597689],-20,0.47225383165623097
6108,-0.10426802944335589,0.0,22,10000,[6873.885565690778],[167.58176393668163],[0.4258169398597689],-20,0.47225383165623097
6109,-0.11647714151029377,0.0,22,10000,[6873.885565690778],[167.58176393668163],[0.4258169398597689],-20,0.47225383165623097
6110,0.375352413573287,0.0,22,10000,[6873.885565690778],[167.58176393668163],[0.4258169398597689],-20,0.47225383165623097
6111,-0.3583459368383896,0.0,22,10000,[6873.885565690778],[167.58176393668163],[0.4258169398597689],-20,0.47225383165623097
6112,-0.4387280942917868,0.0,22,10000,[6873.885565690778],[167.58176393668163],[0.4258169398597689],-20,0.47225383165623097
6113,0.5874530272409451,0.0,22,10000,[6873.885565690778],[167.58176393668163],[0.4258169398597689],-20,0.47225383165623097
6114,0.2810349504765876,0.0,22,10000,[6873.885565690778],[167.58176393668163],[0.4258169398597689],-20,0.47225383165623097
6115,-0.2735116421805,0.0,22,10000,[6873.885565690778],[167.58176393668163],[0.4258169398597689],-20,0.47225383165623097
6116,0.4031973651406651,0.0,22,10000,[6873.885565690778],[167.58176393668163],[0.4258169398597689],-20,0.47225383165623097
6117,0.6301283143425932,0.0,22,10000,[6873.885565690778],[167.58176393668163],[0.4258169398597689],-20,0.47225383165623097
6118,0.18346375754321986,0.0,22,10000,[6873.885565690778],[167.58176393668163],[0.4258169398597689],-20,0.47225383165623097
6119,0.69064797505739,0.0,22,10000,[6873.885565690778],[167.58176393668163],[0.4258169398597689],-20,0.47225383165623097
6120,-0.30016316613422395,0.0,22,10000,[6873.885565690778],[167.58176393668163],[0.4258169398597689],-20,0.47225383165623097
6121,0.24717986001585773,0.0,22,10000,[6873.885565690778],[167.58176393668163],[0.4258169398597689],-20,0.47225383165623097
6122,-0.07735536398596336,0.0,22,10000,[6873.885565690778],[167.58176393668163],[0.4258169398597689],-20,0.47225383165623097
6123,0.11966561007666784,0.0,22,10000,[6873.885565690778],[167.58176393668163],[0.4258169398597689],-20,0.47225383165623097
6124,-0.38315701725386087,0.0,22,10000,[6873.885565690778],[167.58176393668163],[0.4258169398597689],-20,0.47225383165623097
6125,-0.4501236257747473,0.0,22,10000,[6873.885565690778],[167.58176393668163],[0.4258169398597689],-20,0.47225383165623097
6126,0.07236233292664258,0.0,22,10000,[6873.885565690778],[167.58176393668163],[0.4258169398597689],-20,0.47225383165623097
6127,0.2021063701621211,0.0,22,10000,[6873.885565690778],[167.58176393668163],[0.4258169398597689],-20,0.47225383165623097
6128,-0.7019184843424483,0.0,22,10000,[6873.885565690778],[167.58176393668163],[0.4258169398597689],-20,0.47225383165623097
6129,-0.49397953767775626,0.0,22,10000,[6873.885565690778],[167.58176393668163],[0.4258169398597689],-20,0.47225383165623097
6130,0.30573268922731667,0.0,22,10000,[6873.885565690778],[167.58176393668163],[0.4258169398597689],-20,0.47225383165623097
6131,-0.42450568165080765,0.0,22,10000,[6873.885565690778],[167.58176393668163],[0.4258169398597689],-20,0.47225383165623097
6132,0.13962024248583768,0.0,22,10000,[6873.885565690778],[167.58176393668163],[0.4258169398597689],-20,0.47225383165623097
6133,-0.5594719576246217,0.0,22,10000,[6873.885565690778],[167.58176393668163],[0.4258169398597689],-20,0.47225383165623097
6134,-0.10551233263350838,0.0,22,10000,[6873.885565690778],[167.58176393668163],[0.4258169398597689],-20,0.47225383165623097
6135,-0.726029580841865,0.0,22,10000,[6873.885565690778],[167.58176393668163],[0.4258169398597689],-20,0.47225383165623097
6136,0.11466390014014591,0.0,22,10000,[6873.885565690778],[167.58176393668163],[0.4258169398597689],-20,0.47225383165623097
6137,1.2974803642634465,0.0,22,10000,[6873.885565690778],[167.58176393668163],[0.4258169398597689],-20,0.47225383165623097
6138,0.1451481261363197,0.0,22,10000,[6873.885565690778],[167.58176393668163],[0.4258169398597689],-20,0.47225383165623097
6139,0.13493356926195696,0.0,22,10000,[6873.885565690778],[167.58176393668163],[0.4258169398597689],-20,0.47225383165623097
6140,0.3329714207488147,0.0,22,10000,[6873.885565690778],[167.58176393668163],[0.4258169398597689],-20,0.47225383165623097
6141,0.42466714235440073,0.0,22,10000,[6873.885565690778],[167.58176393668163],[0.4258169398597689],-20,0.47225383165623097
6142,-0.3178265912004082,0.0,22,10000,[6873.885565690778],[167.58176393668163],[0.4258169398597689],-20,0.47225383165623097
6143,0.07700233751440629,0.0,22,10000,[6873.885565690778],[167.58176393668163],[0.4258169398597689],-20,0.47225383165623097
6144,0.01965173879474009,0.0,22,10000,[6873.885565690778],[167.58176393668163],[0.4258169398597689],-20,0.47225383165623097
6145,-0.16254355523381825,0.0,22,10000,[6873.885565690778],[167.58176393668163],[0.4258169398597689],-20,0.47225383165623097
6146,0.00685038222951903,0.0,22,10000,[6873.885565690778],[167.58176393668163],[0.4258169398597689],-20,0.47225383165623097
6147,-0.1790918503827842,0.0,22,10000,[6873.885565690778],[167.58176393668163],[0.4258169398597689],-20,0.47225383165623097
6148,0.36645791241411885,0.0,22,10000,[6873.885565690778],[167.58176393668163],[0.4258169398597689],-20,0.47225383165623097
6149,-0.3383858198501979,0.0,22,10000,[6873.885565690778],[167.58176393668163],[0.4258169398597689],-20,0.47225383165623097
6150,-0.310881102201953,0.0,22,10000,[6873.885565690778],[167.58176393668163],[0.4258169398597689],-20,0.47225383165623097
6151,0.2464452491628025,0.0,22,10000,[6873.885565690778],[167.58176393668163],[0.4258169398597689],-20,0.47225383165623097
6152,0.835885389046051,0.0,22,10000,[6873.885565690778],[167.58176393668163],[0.4258169398597689],-20,0.47225383165623097
6153,-0.2957886501267736,0.0,22,10000,[6873.885565690778],[167.58176393668163],[0.4258169398597689],-20,0.47225383165623097
6154,-0.14742818129671512,0.0,22,10000,[6873.885565690778],[167.58176393668163],[0.4258169398597689],-20,0.47225383165623097
6155,-0.15938470725747386,0.0,22,10000,[6873.885565690778],[167.58176393668163],[0.4258169398597689],-20,0.47225383165623097
6156,-0.07460563159685395,0.0,22,10000,[6873.885565690778],[167.58176393668163],[0.4258169398597689],-20,0.47225383165623097
6157,-0.9327151964054298,0.0,22,10000,[6873.885565690778],[167.58176393668163],[0.4258169398597689],-20,0.47225383165623097
6158,-0.7416274089939502,0.0,22,10000,[6873.885565690778],[167.58176393668163],[0.4258169398597689],-20,0.47225383165623097
6159,0.5534589197628575,0.0,22,10000,[6873.885565690778],[167.58176393668163],[0.4258169398597689],-20,0.47225383165623097
6160,-0.3967814263162116,0.0,22,10000,[6873.885565690778],[167.58176393668163],[0.4258169398597689],-20,0.47225383165623097
6161,-0.1441368292499442,0.0,22,10000,[6873.885565690778],[167.58176393668163],[0.4258169398597689],-20,0.47225383165623097
6162,1.222287569932258,0.0,22,10000,[6873.885565690778],[167.58176393668163],[0.4258169398597689],-20,0.47225383165623097
6163,0.35138274823420923,0.0,22,10000,[6873.885565690778],[167.58176393668163],[0.4258169398597689],-20,0.47225383165623097
6164,-0.04043545622554249,0.0,22,10000,[6873.885565690778],[167.58176393668163],[0.4258169398597689],-20,0.47225383165623097
6165,0.05373236318852742,0.0,22,10000,[6873.885565690778],[167.58176393668163],[0.4258169398597689],-20,0.47225383165623097
6166,-0.006638635644278622,0.0,22,10000,[6873.885565690778],[167.58176393668163],[0.4258169398597689],-20,0.47225383165623097
6167,-0.3105488314126832,0.0,22,10000,[6873.885565690778],[167.58176393668163],[0.4258169398597689],-20,0.47225383165623097
6168,-0.3977763490055046,0.0,22,10000,[6873.885565690778],[167.58176393668163],[0.4258169398597689],-20,0.47225383165623097
6169,-0.24229277507503705,0.0,22,10000,[6873.885565690778],[167.58176393668163],[0.4258169398597689],-20,0.47225383165623097
6170,-0.6899411309607862,0.0,22,10000,[6873.885565690778],[167.58176393668163],[0.4258169398597689],-20,0.47225383165623097
6171,0.37578650720267776,0.0,22,10000,[6873.885565690778],[167.58176393668163],[0.4258169398597689],-20,0.47225383165623097
6172,-0.269623725558333,0.0,22,10000,[6873.885565690778],[167.58176393668163],[0.4258169398597689],-20,0.47225383165623097
6173,-0.25774317370761535,0.0,22,10000,[6873.885565690778],[167.58176393668163],[0.4258169398597689],-20,0.47225383165623097
6174,0.10726075672529424,0.0,22,10000,[6873.885565690778],[167.58176393668163],[0.4258169398597689],-20,0.47225383165623097
6175,-0.4352550869179745,0.0,22,10000,[6873.885565690778],[167.58176393668163],[0.4258169398597689],-20,0.47225383165623097
6176,-0.5453060367195378,0.0,22,10000,[6873.885565690778],[167.58176393668163],[0.4258169398597689],-20,0.47225383165623097
6177,-1.095922114362657,0.0,22,10000,[6873.885565690778],[167.58176393668163],[0.4258169398597689],-20,0.47225383165623097
6178,0.7295288292358268,0.0,22,10000,[6873.885565690778],[167.58176393668163],[0.4258169398597689],-20,0.47225383165623097
6179,-0.4614532012489289,0.0,22,10000,[6873.885565690778],[167.58176393668163],[0.4258169398597689],-20,0.47225383165623097
6180,-0.25538926229269004,0.0,22,10000,[6873.885565690778],[167.58176393668163],[0.4258169398597689],-20,0.47225383165623097
6181,0.03493395263092721,0.0,22,10000,[6873.885565690778],[167.58176393668163],[0.4258169398597689],-20,0.47225383165623097
6182,-0.33662577319180276,0.0,22,10000,[6873.885565690778],[167.58176393668163],[0.4258169398597689],-20,0.47225383165623097
6183,0.634789310042579,0.0,22,10000,[6873.885565690778],[167.58176393668163],[0.4258169398597689],-20,0.47225383165623097
6184,0.5221537362452869,0.0,22,10000,[6873.885565690778],[167.58176393668163],[0.4258169398597689],-20,0.47225383165623097
6185,-0.007461511291636997,0.0,22,10000,[6873.885565690778],[167.58176393668163],[0.4258169398597689],-20,0.47225383165623097
6186,0.3439446529285134,0.0,22,10000,[6873.885565690778],[167.58176393668163],[0.4258169398597689],-20,0.47225383165623097
6187,-0.606502053402212,0.0,22,10000,[6873.885565690778],[167.58176393668163],[0.4258169398597689],-20,0.47225383165623097
6188,0.06559944184268425,0.0,22,10000,[6873.885565690778],[167.58176393668163],[0.4258169398597689],-20,0.47225383165623097
6189,-0.3719173382547456,0.0,22,10000,[6873.885565690778],[167.58176393668163],[0.4258169398597689],-20,0.47225383165623097
6190,-0.11638342874081718,0.0,22,10000,[6873.885565690778],[167.58176393668163],[0.4258169398597689],-20,0.47225383165623097
6191,0.4392177071501074,0.0,22,10000,[6873.885565690778],[167.58176393668163],[0.4258169398597689],-20,0.47225383165623097
6192,-0.6353446947699983,0.0,22,10000,[6873.885565690778],[167.58176393668163],[0.4258169398597689],-20,0.47225383165623097
6193,0.2999725280516032,0.0,22,10000,[6873.885565690778],[167.58176393668163],[0.4258169398597689],-20,0.47225383165623097
6194,-0.36113362697749163,0.0,22,10000,[6873.885565690778],[167.58176393668163],[0.4258169398597689],-20,0.47225383165623097
6195,-0.8340951785895832,0.0,22,10000,[6873.885565690778],[167.58176393668163],[0.4258169398597689],-20,0.47225383165623097
6196,-0.7167859090952513,0.0,22,10000,[6873.885565690778],[167.58176393668163],[0.4258169398597689],-20,0.47225383165623097
6197,0.0877407651444263,0.0,22,10000,[6873.885565690778],[167.58176393668163],[0.4258169398597689],-20,0.47225383165623097
6198,1.1075566331892313,0.0,22,10000,[6873.885565690778],[167.58176393668163],[0.4258169398597689],-20,0.47225383165623097
6199,-0.8587328994590442,0.0,22,10000,[6873.885565690778],[167.58176393668163],[0.4258169398597689],-20,0.47225383165623097
6200,0.06552248135188074,0.0,22,10000,[6873.885565690778],[167.58176393668163],[0.4258169398597689],-20,0.47225383165623097
6201,-0.30976926178459807,0.0,22,10000,[6873.885565690778],[167.58176393668163],[0.4258169398597689],-20,0.47225383165623097
6202,0.09927552673333011,0.0,22,10000,[6873.885565690778],[167.58176393668163],[0.4258169398597689],-20,0.47225383165623097
6203,0.25727228099820276,0.0,22,10000,[6873.885565690778],[167.58176393668163],[0.4258169398597689],-20,0.47225383165623097
6204,-0.14832664613769309,0.0,22,10000,[6873.885565690778],[167.58176393668163],[0.4258169398597689],-20,0.47225383165623097
6205,0.4324970518631682,0.0,22,10000,[6873.885565690778],[167.58176393668163],[0.4258169398597689],-20,0.47225383165623097
6206,0.31191442530643965,0.0,22,10000,[6873.885565690778],[167.58176393668163],[0.4258169398597689],-20,0.47225383165623097
6207,-0.578699518731305,0.0,22,10000,[6873.885565690778],[167.58176393668163],[0.4258169398597689],-20,0.47225383165623097
6208,-0.31367932567469375,0.0,22,10000,[6873.885565690778],[167.58176393668163],[0.4258169398597689],-20,0.47225383165623097
6209,0.4513930849756543,0.0,22,10000,[6873.885565690778],[167.58176393668163],[0.4258169398597689],-20,0.47225383165623097
6210,-0.2513342973382867,0.0,22,10000,[6873.885565690778],[167.58176393668163],[0.4258169398597689],-20,0.47225383165623097
6211,-0.21601918222503963,0.0,22,10000,[6873.885565690778],[167.58176393668163],[0.4258169398597689],-20,0.47225383165623097
6212,-0.7812567618803552,0.0,22,10000,[6873.885565690778],[167.58176393668163],[0.4258169398597689],-20,0.47225383165623097
6213,-0.9175266224774165,0.0,22,10000,[6873.885565690778],[167.58176393668163],[0.4258169398597689],-20,0.47225383165623097
6214,0.1716407535621632,0.0,22,10000,[6873.885565690778],[167.58176393668163],[0.4258169398597689],-20,0.47225383165623097
6215,0.2110587745906062,0.0,22,10000,[6873.885565690778],[167.58176393668163],[0.4258169398597689],-20,0.47225383165623097
6216,-0.507877932877796,0.0,22,10000,[6873.885565690778],[167.58176393668163],[0.4258169398597689],-20,0.47225383165623097
6217,-0.07039711111537598,0.0,22,10000,[6873.885565690778],[167.58176393668163],[0.4258169398597689],-20,0.47225383165623097
6218,0.3673050348850706,0.0,22,10000,[6873.885565690778],[167.58176393668163],[0.4258169398597689],-20,0.47225383165623097
6219,0.8272376476459677,0.0,22,10000,[6873.885565690778],[167.58176393668163],[0.4258169398597689],-20,0.47225383165623097
6220,-0.44176186244010807,0.0,22,10000,[6873.885565690778],[167.58176393668163],[0.4258169398597689],-20,0.47225383165623097
6221,0.37167218038793254,0.0,22,10000,[6873.885565690778],[167.58176393668163],[0.4258169398597689],-20,0.47225383165623097
6222,-0.3327009194290373,0.0,22,10000,[6873.885565690778],[167.58176393668163],[0.4258169398597689],-20,0.47225383165623097
6223,0.2108970358287616,0.0,22,10000,[6873.885565690778],[167.58176393668163],[0.4258169398597689],-20,0.47225383165623097
6224,-0.1536636399305521,0.0,22,10000,[6873.885565690778],[167.58176393668163],[0.4258169398597689],-20,0.47225383165623097
6225,0.3276580896230235,0.0,22,10000,[6873.885565690778],[167.58176393668163],[0.4258169398597689],-20,0.47225383165623097
6226,1.030321927624516,0.0,22,10000,[6873.885565690778],[167.58176393668163],[0.4258169398597689],-20,0.47225383165623097
6227,-0.08040431358222433,0.0,22,10000,[6873.885565690778],[167.58176393668163],[0.4258169398597689],-20,0.47225383165623097
6228,-0.4330882158831068,0.0,22,10000,[6873.885565690778],[167.58176393668163],[0.4258169398597689],-20,0.47225383165623097
6229,-0.6836720413830887,0.0,22,10000,[6873.885565690778],[167.58176393668163],[0.4258169398597689],-20,0.47225383165623097
6230,-0.7616474336233329,0.0,22,10000,[6873.885565690778],[167.58176393668163],[0.4258169398597689],-20,0.47225383165623097
6231,0.37922164283055154,0.0,22,10000,[6873.885565690778],[167.58176393668163],[0.4258169398597689],-20,0.47225383165623097
6232,-0.7795633980595167,0.0,22,10000,[6873.885565690778],[167.58176393668163],[0.4258169398597689],-20,0.47225383165623097
6233,0.07697847616430935,0.0,22,10000,[6873.885565690778],[167.58176393668163],[0.4258169398597689],-20,0.47225383165623097
6234,-0.5537880925856297,0.0,22,10000,[6873.885565690778],[167.58176393668163],[0.4258169398597689],-20,0.47225383165623097
6235,-0.18279994385908963,0.0,22,10000,[6873.885565690778],[167.58176393668163],[0.4258169398597689],-20,0.47225383165623097
6236,0.3942431724058314,0.0,22,10000,[6873.885565690778],[167.58176393668163],[0.4258169398597689],-20,0.47225383165623097
6237,-0.14081170287788755,0.0,22,10000,[6873.885565690778],[167.58176393668163],[0.4258169398597689],-20,0.47225383165623097
6238,-0.27178662420800886,0.0,22,10000,[6873.885565690778],[167.58176393668163],[0.4258169398597689],-20,0.47225383165623097
6239,0.38240353287142714,0.0,22,10000,[6873.885565690778],[167.58176393668163],[0.4258169398597689],-20,0.47225383165623097
6240,0.43312117534969446,0.0,22,10000,[6873.885565690778],[167.58176393668163],[0.4258169398597689],-20,0.47225383165623097
6241,0.04988723642369431,0.0,22,10000,[6873.885565690778],[167.58176393668163],[0.4258169398597689],-20,0.47225383165623097
6242,-0.04760090077036258,0.0,22,10000,[6873.885565690778],[167.58176393668163],[0.4258169398597689],-20,0.47225383165623097
6243,0.40712388207561123,0.0,22,10000,[6873.885565690778],[167.58176393668163],[0.4258169398597689],-20,0.47225383165623097
6244,0.21487410572942564,0.0,22,10000,[6873.885565690778],[167.58176393668163],[0.4258169398597689],-20,0.47225383165623097
6245,0.4263201214997194,0.0,22,10000,[6873.885565690778],[167.58176393668163],[0.4258169398597689],-20,0.47225383165623097
6246,0.12111624265170175,0.0,22,10000,[6873.885565690778],[167.58176393668163],[0.4258169398597689],-20,0.47225383165623097
6247,0.08867332242660857,0.0,22,10000,[6873.885565690778],[167.58176393668163],[0.4258169398597689],-20,0.47225383165623097
6248,0.16043808074459517,0.0,22,10000,[6873.885565690778],[167.58176393668163],[0.4258169398597689],-20,0.47225383165623097
6249,0.06427211885258564,0.0,22,10000,[6873.885565690778],[167.58176393668163],[0.4258169398597689],-20,0.47225383165623097
6250,0.15141782870716428,0.0,22,10000,[6873.885565690778],[167.58176393668163],[0.4258169398597689],-20,0.47225383165623097
6251,-0.24667498719442027,0.0,22,10000,[6873.885565690778],[167.58176393668163],[0.4258169398597689],-20,0.47225383165623097
6252,0.40404667392484916,0.0,22,10000,[6873.885565690778],[167.58176393668163],[0.4258169398597689],-20,0.47225383165623097
6253,-0.26306049376448065,0.0,22,10000,[6873.885565690778],[167.58176393668163],[0.4258169398597689],-20,0.47225383165623097
6254,0.5718249308065138,0.0,22,10000,[6873.885565690778],[167.58176393668163],[0.4258169398597689],-20,0.47225383165623097
6255,0.09029771191260451,0.0,22,10000,[6873.885565690778],[167.58176393668163],[0.4258169398597689],-20,0.47225383165623097
6256,-0.37777912312697975,0.0,22,10000,[6873.885565690778],[167.58176393668163],[0.4258169398597689],-20,0.47225383165623097
6257,0.14431271145653557,0.0,22,10000,[6873.885565690778],[167.58176393668163],[0.4258169398597689],-20,0.47225383165623097
6258,-0.8426939879126153,0.0,22,10000,[6873.885565690778],[167.58176393668163],[0.4258169398597689],-20,0.47225383165623097
6259,0.13003584383844272,0.0,22,10000,[6873.885565690778],[167.58176393668163],[0.4258169398597689],-20,0.47225383165623097
6260,-0.7051535286320869,0.0,22,10000,[6873.885565690778],[167.58176393668163],[0.4258169398597689],-20,0.47225383165623097
6261,-0.3803018630241577,0.0,22,10000,[6873.885565690778],[167.58176393668163],[0.4258169398597689],-20,0.47225383165623097
6262,0.1403826236558585,0.0,22,10000,[6873.885565690778],[167.58176393668163],[0.4258169398597689],-20,0.47225383165623097
6263,-0.12521739964202958,0.0,22,10000,[6873.885565690778],[167.58176393668163],[0.4258169398597689],-20,0.47225383165623097
6264,-0.056214636212655225,0.0,22,10000,[6873.885565690778],[167.58176393668163],[0.4258169398597689],-20,0.47225383165623097
6265,-0.20810746077255166,0.0,22,10000,[6873.885565690778],[167.58176393668163],[0.4258169398597689],-20,0.47225383165623097
6266,-0.2845180359055464,0.0,22,10000,[6873.885565690778],[167.58176393668163],[0.4258169398597689],-20,0.47225383165623097
6267,0.535141490020696,0.0,22,10000,[6873.885565690778],[167.58176393668163],[0.4258169398597689],-20,0.47225383165623097
6268,-0.4897922564698016,0.0,22,10000,[6873.885565690778],[167.58176393668163],[0.4258169398597689],-20,0.47225383165623097
6269,0.05636305822034234,0.0,22,10000,[6873.885565690778],[167.58176393668163],[0.4258169398597689],-20,0.47225383165623097
6270,-0.16848802737058158,0.0,22,10000,[6873.885565690778],[167.58176393668163],[0.4258169398597689],-20,0.47225383165623097
6271,-0.09323376890500232,0.0,22,10000,[6873.885565690778],[167.58176393668163],[0.4258169398597689],-20,0.47225383165623097
6272,0.17565400407882406,0.0,22,10000,[6873.885565690778],[167.58176393668163],[0.4258169398597689],-20,0.47225383165623097
6273,0.14605319850469933,0.0,22,10000,[6873.885565690778],[167.58176393668163],[0.4258169398597689],-20,0.47225383165623097
6274,-0.30039080463262346,0.0,22,10000,[6873.885565690778],[167.58176393668163],[0.4258169398597689],-20,0.47225383165623097
6275,-0.12018975186494822,0.0,22,10000,[6873.885565690778],[167.58176393668163],[0.4258169398597689],-20,0.47225383165623097
6276,-0.7129084152045813,0.0,22,10000,[6873.885565690778],[167.58176393668163],[0.4258169398597689],-20,0.47225383165623097
6277,-0.8253089460936059,0.0,22,10000,[6873.885565690778],[167.58176393668163],[0.4258169398597689],-20,0.47225383165623097
6278,-0.5867287124434403,0.0,22,10000,[6873.885565690778],[167.58176393668163],[0.4258169398597689],-20,0.47225383165623097
6279,-0.7058461574060182,0.0,22,10000,[6873.885565690778],[167.58176393668163],[0.4258169398597689],-20,0.47225383165623097
6280,-0.7806189854989709,0.0,22,10000,[6873.885565690778],[167.58176393668163],[0.4258169398597689],-20,0.47225383165623097
6281,-0.5993690978987025,0.0,22,10000,[6873.885565690778],[167.58176393668163],[0.4258169398597689],-20,0.47225383165623097
6282,0.3229649186772312,0.0,22,10000,[6873.885565690778],[167.58176393668163],[0.4258169398597689],-20,0.47225383165623097
6283,0.0031658123996364117,0.0,22,10000,[6873.885565690778],[167.58176393668163],[0.4258169398597689],-20,0.47225383165623097
6284,-0.5523216219818228,0.0,22,10000,[6873.885565690778],[167.58176393668163],[0.4258169398597689],-20,0.47225383165623097
6285,0.2536925532495576,0.0,22,10000,[6873.885565690778],[167.58176393668163],[0.4258169398597689],-20,0.47225383165623097
6286,-0.10483016056347774,0.0,22,10000,[6873.885565690778],[167.58176393668163],[0.4258169398597689],-20,0.47225383165623097
6287,-0.40241816823621634,0.0,22,10000,[6873.885565690778],[167.58176393668163],[0.4258169398597689],-20,0.47225383165623097
6288,-0.519175605953983,0.0,22,10000,[6873.885565690778],[167.58176393668163],[0.4258169398597689],-20,0.47225383165623097
6289,0.02724277797919187,0.0,22,10000,[6873.885565690778],[167.58176393668163],[0.4258169398597689],-20,0.47225383165623097
6290,-0.12726149628536215,0.0,22,10000,[6873.885565690778],[167.58176393668163],[0.4258169398597689],-20,0.47225383165623097
6291,-0.844864491745919,0.0,22,10000,[6873.885565690778],[167.58176393668163],[0.4258169398597689],-20,0.47225383165623097
6292,0.03861306517850892,0.0,22,10000,[6873.885565690778],[167.58176393668163],[0.4258169398597689],-20,0.47225383165623097
6293,-0.17066481806349676,0.0,22,10000,[6873.885565690778],[167.58176393668163],[0.4258169398597689],-20,0.47225383165623097
6294,-0.3271753202812271,0.0,22,10000,[6873.885565690778],[167.58176393668163],[0.4258169398597689],-20,0.47225383165623097
6295,0.9371761582737792,0.0,22,10000,[6873.885565690778],[167.58176393668163],[0.4258169398597689],-20,0.47225383165623097
6296,0.15367572448661268,0.0,22,10000,[6873.885565690778],[167.58176393668163],[0.4258169398597689],-20,0.47225383165623097
6297,0.8250993653698057,0.0,22,10000,[6873.885565690778],[167.58176393668163],[0.4258169398597689],-20,0.47225383165623097
6298,0.21036707231799606,0.0,22,10000,[6873.885565690778],[167.58176393668163],[0.4258169398597689],-20,0.47225383165623097
6299,-0.34430023579485325,0.0,22,10000,[6873.885565690778],[167.58176393668163],[0.4258169398597689],-20,0.47225383165623097
6300,0.24570194020866148,0.0,22,10000,[6873.885565690778],[167.58176393668163],[0.4258169398597689],-20,0.47225383165623097
6301,0.4728165294720605,0.0,22,10000,[6873.885565690778],[167.58176393668163],[0.4258169398597689],-20,0.47225383165623097
6302,0.43985357925253027,0.0,22,10000,[6873.885565690778],[167.58176393668163],[0.4258169398597689],-20,0.47225383165623097
6303,-0.2770364544704967,0.0,22,10000,[6873.885565690778],[167.58176393668163],[0.4258169398597689],-20,0.47225383165623097
6304,0.22452070184444828,0.0,22,10000,[6873.885565690778],[167.58176393668163],[0.4258169398597689],-20,0.47225383165623097
6305,0.28373389149307693,0.0,22,10000,[6873.885565690778],[167.58176393668163],[0.4258169398597689],-20,0.47225383165623097
6306,-0.02644669459649077,0.0,22,10000,[6873.885565690778],[167.58176393668163],[0.4258169398597689],-20,0.47225383165623097
6307,-0.09789522190890311,0.0,22,10000,[6873.885565690778],[167.58176393668163],[0.4258169398597689],-20,0.47225383165623097
6308,-0.7476152824021892,0.0,22,10000,[6873.885565690778],[167.58176393668163],[0.4258169398597689],-20,0.47225383165623097
6309,0.46863296629691753,0.0,22,10000,[6873.885565690778],[167.58176393668163],[0.4258169398597689],-20,0.47225383165623097
6310,-0.28669188766443776,0.0,22,10000,[6873.885565690778],[167.58176393668163],[0.4258169398597689],-20,0.47225383165623097
6311,0.3007964146438899,0.0,22,10000,[6873.885565690778],[167.58176393668163],[0.4258169398597689],-20,0.47225383165623097
6312,0.4591924886975171,0.0,22,10000,[6873.885565690778],[167.58176393668163],[0.4258169398597689],-20,0.47225383165623097
6313,0.040262621832949784,0.0,22,10000,[6873.885565690778],[167.58176393668163],[0.4258169398597689],-20,0.47225383165623097
6314,-0.1257615599226058,0.0,22,10000,[6873.885565690778],[167.58176393668163],[0.4258169398597689],-20,0.47225383165623097
6315,0.4752130734023398,0.0,22,10000,[6873.885565690778],[167.58176393668163],[0.4258169398597689],-20,0.47225383165623097
6316,0.23569917022375633,0.0,22,10000,[6873.885565690778],[167.58176393668163],[0.4258169398597689],-20,0.47225383165623097
6317,-0.18641499999275019,0.0,22,10000,[6873.885565690778],[167.58176393668163],[0.4258169398597689],-20,0.47225383165623097
6318,0.796526693518602,0.0,22,10000,[6873.885565690778],[167.58176393668163],[0.4258169398597689],-20,0.47225383165623097
6319,-0.4661464112869189,0.0,22,10000,[6873.885565690778],[167.58176393668163],[0.4258169398597689],-20,0.47225383165623097
6320,-0.307358631192013,0.0,22,10000,[6873.885565690778],[167.58176393668163],[0.4258169398597689],-20,0.47225383165623097
6321,1.3961866925336637,0.0,22,10000,[6873.885565690778],[167.58176393668163],[0.4258169398597689],-20,0.47225383165623097
6322,-0.29488072722139846,0.0,22,10000,[6873.885565690778],[167.58176393668163],[0.4258169398597689],-20,0.47225383165623097
6323,-0.4507124545260822,0.0,22,10000,[6873.885565690778],[167.58176393668163],[0.4258169398597689],-20,0.47225383165623097
6324,0.0004045753924695344,0.0,22,10000,[6873.885565690778],[167.58176393668163],[0.4258169398597689],-20,0.47225383165623097
6325,-0.1955234529564093,0.0,22,10000,[6873.885565690778],[167.58176393668163],[0.4258169398597689],-20,0.47225383165623097
6326,0.20452968971263355,0.0,22,10000,[6873.885565690778],[167.58176393668163],[0.4258169398597689],-20,0.47225383165623097
6327,-0.803404062443836,0.0,22,10000,[6873.885565690778],[167.58176393668163],[0.4258169398597689],-20,0.47225383165623097
6328,0.4592033835442646,0.0,22,10000,[6873.885565690778],[167.58176393668163],[0.4258169398597689],-20,0.47225383165623097
6329,-0.6343058175647805,0.0,22,10000,[6873.885565690778],[167.58176393668163],[0.4258169398597689],-20,0.47225383165623097
6330,0.37685368626899746,0.0,22,10000,[6873.885565690778],[167.58176393668163],[0.4258169398597689],-20,0.47225383165623097
6331,0.19424727894102806,0.0,22,10000,[6873.885565690778],[167.58176393668163],[0.4258169398597689],-20,0.47225383165623097
6332,-1.2193151338970427,0.0,22,10000,[6873.885565690778],[167.58176393668163],[0.4258169398597689],-20,0.47225383165623097
6333,-0.6338910081030344,0.0,22,10000,[6873.885565690778],[167.58176393668163],[0.4258169398597689],-20,0.47225383165623097
6334,0.22036246254793385,0.0,22,10000,[6873.885565690778],[167.58176393668163],[0.4258169398597689],-20,0.47225383165623097
6335,0.6327434181567322,0.0,22,10000,[6873.885565690778],[167.58176393668163],[0.4258169398597689],-20,0.47225383165623097
6336,-0.020553754167397145,0.0,22,10000,[6873.885565690778],[167.58176393668163],[0.4258169398597689],-20,0.47225383165623097
6337,0.6536103546022171,0.0,22,10000,[6873.885565690778],[167.58176393668163],[0.4258169398597689],-20,0.47225383165623097
6338,-0.1561477327659886,0.0,22,10000,[6873.885565690778],[167.58176393668163],[0.4258169398597689],-20,0.47225383165623097
6339,0.17328258859165901,0.0,22,10000,[6873.885565690778],[167.58176393668163],[0.4258169398597689],-20,0.47225383165623097
6340,0.2770720451562695,0.0,22,10000,[6873.885565690778],[167.58176393668163],[0.4258169398597689],-20,0.47225383165623097
6341,0.012871877423286758,0.0,22,10000,[6873.885565690778],[167.58176393668163],[0.4258169398597689],-20,0.47225383165623097
6342,-0.07174477929651552,0.0,22,10000,[6873.885565690778],[167.58176393668163],[0.4258169398597689],-20,0.47225383165623097
6343,0.5194817339699874,0.0,22,10000,[6873.885565690778],[167.58176393668163],[0.4258169398597689],-20,0.47225383165623097
6344,0.042473711390232476,0.0,22,10000,[6873.885565690778],[167.58176393668163],[0.4258169398597689],-20,0.47225383165623097
6345,0.4255814514471041,0.0,22,10000,[6873.885565690778],[167.58176393668163],[0.4258169398597689],-20,0.47225383165623097
6346,0.05407143003820567,0.0,22,10000,[6873.885565690778],[167.58176393668163],[0.4258169398597689],-20,0.47225383165623097
6347,-0.16213054843279304,0.0,22,10000,[6873.885565690778],[167.58176393668163],[0.4258169398597689],-20,0.47225383165623097
6348,-0.5246698800969191,0.0,22,10000,[6873.885565690778],[167.58176393668163],[0.4258169398597689],-20,0.47225383165623097
6349,-0.3176326486301109,0.0,22,10000,[6873.885565690778],[167.58176393668163],[0.4258169398597689],-20,0.47225383165623097
6350,-0.3811917786947778,0.0,22,10000,[6873.885565690778],[167.58176393668163],[0.4258169398597689],-20,0.47225383165623097
6351,-0.39751809039839037,0.0,22,10000,[6873.885565690778],[167.58176393668163],[0.4258169398597689],-20,0.47225383165623097
6352,-0.301173850971308,0.0,22,10000,[6873.885565690778],[167.58176393668163],[0.4258169398597689],-20,0.47225383165623097
6353,-0.11145405735302459,0.0,22,10000,[6873.885565690778],[167.58176393668163],[0.4258169398597689],-20,0.47225383165623097
6354,-0.24299482274643608,0.0,22,10000,[6873.885565690778],[167.58176393668163],[0.4258169398597689],-20,0.47225383165623097
6355,-0.9287538247201051,0.0,22,10000,[6873.885565690778],[167.58176393668163],[0.4258169398597689],-20,0.47225383165623097
6356,-0.471985596981224,0.0,22,10000,[6873.885565690778],[167.58176393668163],[0.4258169398597689],-20,0.47225383165623097
6357,0.18625136368132894,0.0,22,10000,[6873.885565690778],[167.58176393668163],[0.4258169398597689],-20,0.47225383165623097
6358,-0.4592161818106968,0.0,22,10000,[6873.885565690778],[167.58176393668163],[0.4258169398597689],-20,0.47225383165623097
6359,-0.33845315559140365,0.0,22,10000,[6873.885565690778],[167.58176393668163],[0.4258169398597689],-20,0.47225383165623097
6360,0.2274780374436738,0.0,22,10000,[6873.885565690778],[167.58176393668163],[0.4258169398597689],-20,0.47225383165623097
6361,0.5950090458151887,0.0,22,10000,[6873.885565690778],[167.58176393668163],[0.4258169398597689],-20,0.47225383165623097
6362,0.2791720633724569,0.0,22,10000,[6873.885565690778],[167.58176393668163],[0.4258169398597689],-20,0.47225383165623097
6363,0.0453856251371767,0.0,22,10000,[6873.885565690778],[167.58176393668163],[0.4258169398597689],-20,0.47225383165623097
6364,-1.209328240802075,0.0,22,10000,[6873.885565690778],[167.58176393668163],[0.4258169398597689],-20,0.47225383165623097
6365,-0.4232307635565701,0.0,22,10000,[6873.885565690778],[167.58176393668163],[0.4258169398597689],-20,0.47225383165623097
6366,0.43584399390067613,0.0,22,10000,[6873.885565690778],[167.58176393668163],[0.4258169398597689],-20,0.47225383165623097
6367,0.27516919154527353,0.0,22,10000,[6873.885565690778],[167.58176393668163],[0.4258169398597689],-20,0.47225383165623097
6368,0.04927892231592564,0.0,22,10000,[6873.885565690778],[167.58176393668163],[0.4258169398597689],-20,0.47225383165623097
6369,-0.002154754209812762,0.0,22,10000,[6873.885565690778],[167.58176393668163],[0.4258169398597689],-20,0.47225383165623097
6370,0.6758878746244821,0.0,22,10000,[6873.885565690778],[167.58176393668163],[0.4258169398597689],-20,0.47225383165623097
6371,0.6995693823441247,0.0,22,10000,[6873.885565690778],[167.58176393668163],[0.4258169398597689],-20,0.47225383165623097
6372,0.1784817599599743,0.0,22,10000,[6873.885565690778],[167.58176393668163],[0.4258169398597689],-20,0.47225383165623097
6373,1.2332558735788357,0.0,22,10000,[6873.885565690778],[167.58176393668163],[0.4258169398597689],-20,0.47225383165623097
6374,0.14547012867924752,0.0,22,10000,[6873.885565690778],[167.58176393668163],[0.4258169398597689],-20,0.47225383165623097
6375,0.5403312528058454,0.0,22,10000,[6873.885565690778],[167.58176393668163],[0.4258169398597689],-20,0.47225383165623097
6376,-0.05947720015222517,0.0,22,10000,[6873.885565690778],[167.58176393668163],[0.4258169398597689],-20,0.47225383165623097
6377,0.4216677681186238,0.0,22,10000,[6873.885565690778],[167.58176393668163],[0.4258169398597689],-20,0.47225383165623097
6378,-0.5080898756060248,0.0,22,10000,[6873.885565690778],[167.58176393668163],[0.4258169398597689],-20,0.47225383165623097
6379,0.69922143259643,0.0,22,10000,[6873.885565690778],[167.58176393668163],[0.4258169398597689],-20,0.47225383165623097
6380,0.8456922332515161,0.0,22,10000,[6873.885565690778],[167.58176393668163],[0.4258169398597689],-20,0.47225383165623097
6381,0.7380669451938866,0.0,22,10000,[6873.885565690778],[167.58176393668163],[0.4258169398597689],-20,0.47225383165623097
6382,0.32085148712883527,0.0,22,10000,[6873.885565690778],[167.58176393668163],[0.4258169398597689],-20,0.47225383165623097
6383,0.15926030557077456,0.0,22,10000,[6873.885565690778],[167.58176393668163],[0.4258169398597689],-20,0.47225383165623097
6384,0.5712326388333783,0.0,22,10000,[6873.885565690778],[167.58176393668163],[0.4258169398597689],-20,0.47225383165623097
6385,-0.8380538173225996,0.0,22,10000,[6873.885565690778],[167.58176393668163],[0.4258169398597689],-20,0.47225383165623097
6386,-0.2483337703657345,0.0,22,10000,[6873.885565690778],[167.58176393668163],[0.4258169398597689],-20,0.47225383165623097
6387,0.39603461671923457,0.0,22,10000,[6873.885565690778],[167.58176393668163],[0.4258169398597689],-20,0.47225383165623097
6388,-0.5780043660389479,0.0,22,10000,[6873.885565690778],[167.58176393668163],[0.4258169398597689],-20,0.47225383165623097
6389,-0.7101249402550016,0.0,22,10000,[6873.885565690778],[167.58176393668163],[0.4258169398597689],-20,0.47225383165623097
6390,-0.20428394363192642,0.0,22,10000,[6873.885565690778],[167.58176393668163],[0.4258169398597689],-20,0.47225383165623097
6391,-0.40692201915927245,0.0,22,10000,[6873.885565690778],[167.58176393668163],[0.4258169398597689],-20,0.47225383165623097
6392,0.03544417388114003,0.0,22,10000,[6873.885565690778],[167.58176393668163],[0.4258169398597689],-20,0.47225383165623097
6393,0.36439673498949,0.0,22,10000,[6873.885565690778],[167.58176393668163],[0.4258169398597689],-20,0.47225383165623097
6394,0.5659475443340387,0.0,22,10000,[6873.885565690778],[167.58176393668163],[0.4258169398597689],-20,0.47225383165623097
6395,1.0525316390061967,0.0,22,10000,[6873.885565690778],[167.58176393668163],[0.4258169398597689],-20,0.47225383165623097
6396,-0.24605668785520118,0.0,22,10000,[6873.885565690778],[167.58176393668163],[0.4258169398597689],-20,0.47225383165623097
6397,-0.029689255288970654,0.0,22,10000,[6873.885565690778],[167.58176393668163],[0.4258169398597689],-20,0.47225383165623097
6398,0.3780048201365567,0.0,22,10000,[6873.885565690778],[167.58176393668163],[0.4258169398597689],-20,0.47225383165623097
6399,-0.24844573911381337,0.0,22,10000,[6873.885565690778],[167.58176393668163],[0.4258169398597689],-20,0.47225383165623097
6400,0.4807440604980296,0.0,22,10000,[6873.885565690778],[167.58176393668163],[0.4258169398597689],-20,0.47225383165623097
6401,0.26153818835449627,0.0,22,10000,[6873.885565690778],[167.58176393668163],[0.4258169398597689],-20,0.47225383165623097
6402,0.20270438327130547,0.0,22,10000,[6873.885565690778],[167.58176393668163],[0.4258169398597689],-20,0.47225383165623097
6403,-1.0056450947162647,0.0,22,10000,[6873.885565690778],[167.58176393668163],[0.4258169398597689],-20,0.47225383165623097
6404,0.6970845021990658,0.0,22,10000,[6873.885565690778],[167.58176393668163],[0.4258169398597689],-20,0.47225383165623097
6405,0.10961248079103678,0.0,22,10000,[6873.885565690778],[167.58176393668163],[0.4258169398597689],-20,0.47225383165623097
6406,-0.7736224012816552,0.0,22,10000,[6873.885565690778],[167.58176393668163],[0.4258169398597689],-20,0.47225383165623097
6407,-0.019721354929714226,0.0,22,10000,[6873.885565690778],[167.58176393668163],[0.4258169398597689],-20,0.47225383165623097
6408,0.2725352891146669,0.0,22,10000,[6873.885565690778],[167.58176393668163],[0.4258169398597689],-20,0.47225383165623097
6409,-0.3461971758947405,0.0,22,10000,[6873.885565690778],[167.58176393668163],[0.4258169398597689],-20,0.47225383165623097
6410,-0.6250307945957292,0.0,22,10000,[6873.885565690778],[167.58176393668163],[0.4258169398597689],-20,0.47225383165623097
6411,-0.41257793460700803,0.0,22,10000,[6873.885565690778],[167.58176393668163],[0.4258169398597689],-20,0.47225383165623097
6412,0.5072567750331558,0.0,22,10000,[6873.885565690778],[167.58176393668163],[0.4258169398597689],-20,0.47225383165623097
6413,0.2714075746193042,0.0,22,10000,[6873.885565690778],[167.58176393668163],[0.4258169398597689],-20,0.47225383165623097
6414,-0.09906904780509047,0.0,22,10000,[6873.885565690778],[167.58176393668163],[0.4258169398597689],-20,0.47225383165623097
6415,-0.5144127582076965,0.0,22,10000,[6873.885565690778],[167.58176393668163],[0.4258169398597689],-20,0.47225383165623097
6416,-0.3657149536882611,0.0,22,10000,[6873.885565690778],[167.58176393668163],[0.4258169398597689],-20,0.47225383165623097
6417,-0.4318509124677407,0.0,22,10000,[6873.885565690778],[167.58176393668163],[0.4258169398597689],-20,0.47225383165623097
6418,0.21298041546957286,0.0,22,10000,[6873.885565690778],[167.58176393668163],[0.4258169398597689],-20,0.47225383165623097
6419,-0.45485804610441105,0.0,22,10000,[6873.885565690778],[167.58176393668163],[0.4258169398597689],-20,0.47225383165623097
6420,0.4401354988816438,0.0,22,10000,[6873.885565690778],[167.58176393668163],[0.4258169398597689],-20,0.47225383165623097
6421,0.05580549182190257,0.0,22,10000,[6873.885565690778],[167.58176393668163],[0.4258169398597689],-20,0.47225383165623097
6422,0.22024676826001208,0.0,22,10000,[6873.885565690778],[167.58176393668163],[0.4258169398597689],-20,0.47225383165623097
6423,-0.014450589757142394,0.0,22,10000,[6873.885565690778],[167.58176393668163],[0.4258169398597689],-20,0.47225383165623097
6424,-1.0694947973657278,0.0,22,10000,[6873.885565690778],[167.58176393668163],[0.4258169398597689],-20,0.47225383165623097
6425,0.6707361577594788,0.0,22,10000,[6873.885565690778],[167.58176393668163],[0.4258169398597689],-20,0.47225383165623097
6426,0.19891041707440904,0.0,22,10000,[6873.885565690778],[167.58176393668163],[0.4258169398597689],-20,0.47225383165623097
6427,-0.22903391348339552,0.0,22,10000,[6873.885565690778],[167.58176393668163],[0.4258169398597689],-20,0.47225383165623097
6428,-0.3553364810798672,0.0,22,10000,[6873.885565690778],[167.58176393668163],[0.4258169398597689],-20,0.47225383165623097
6429,0.9915024040975972,0.0,22,10000,[6873.885565690778],[167.58176393668163],[0.4258169398597689],-20,0.47225383165623097
6430,0.5273929658709714,0.0,22,10000,[6873.885565690778],[167.58176393668163],[0.4258169398597689],-20,0.47225383165623097
6431,0.19251081337225015,0.0,22,10000,[6873.885565690778],[167.58176393668163],[0.4258169398597689],-20,0.47225383165623097
6432,-0.2657627702642826,0.0,22,10000,[6873.885565690778],[167.58176393668163],[0.4258169398597689],-20,0.47225383165623097
6433,-0.48317727096170016,0.0,22,10000,[6873.885565690778],[167.58176393668163],[0.4258169398597689],-20,0.47225383165623097
6434,-0.14018859211187504,0.0,22,10000,[6873.885565690778],[167.58176393668163],[0.4258169398597689],-20,0.47225383165623097
6435,0.30540925192122376,0.0,22,10000,[6873.885565690778],[167.58176393668163],[0.4258169398597689],-20,0.47225383165623097
6436,-0.21217456451074962,0.0,22,10000,[6873.885565690778],[167.58176393668163],[0.4258169398597689],-20,0.47225383165623097
6437,0.011540922503571804,0.0,22,10000,[6873.885565690778],[167.58176393668163],[0.4258169398597689],-20,0.47225383165623097
6438,0.5982193737504427,0.0,22,10000,[6873.885565690778],[167.58176393668163],[0.4258169398597689],-20,0.47225383165623097
6439,-0.1741486073644993,0.0,22,10000,[6873.885565690778],[167.58176393668163],[0.4258169398597689],-20,0.47225383165623097
6440,0.5908329150095604,0.0,22,10000,[6873.885565690778],[167.58176393668163],[0.4258169398597689],-20,0.47225383165623097
6441,-0.725308118789915,0.0,22,10000,[6873.885565690778],[167.58176393668163],[0.4258169398597689],-20,0.47225383165623097
6442,0.9515378017420504,0.0,22,10000,[6873.885565690778],[167.58176393668163],[0.4258169398597689],-20,0.47225383165623097
6443,0.0913665011471509,0.0,22,10000,[6873.885565690778],[167.58176393668163],[0.4258169398597689],-20,0.47225383165623097
6444,-0.7161193519635621,0.0,22,10000,[6873.885565690778],[167.58176393668163],[0.4258169398597689],-20,0.47225383165623097
6445,-0.19423465513884422,0.0,22,10000,[6873.885565690778],[167.58176393668163],[0.4258169398597689],-20,0.47225383165623097
6446,-0.08625922421616462,0.0,22,10000,[6873.885565690778],[167.58176393668163],[0.4258169398597689],-20,0.47225383165623097
6447,0.48176688003274415,0.0,22,10000,[6873.885565690778],[167.58176393668163],[0.4258169398597689],-20,0.47225383165623097
6448,0.052761012158630924,0.0,22,10000,[6873.885565690778],[167.58176393668163],[0.4258169398597689],-20,0.47225383165623097
6449,0.027361700688841844,0.0,22,10000,[6873.885565690778],[167.58176393668163],[0.4258169398597689],-20,0.47225383165623097
6450,-0.3947307174669995,0.0,22,10000,[6873.885565690778],[167.58176393668163],[0.4258169398597689],-20,0.47225383165623097
6451,0.17162292739943658,0.0,22,10000,[6873.885565690778],[167.58176393668163],[0.4258169398597689],-20,0.47225383165623097
6452,0.2804122117032403,0.0,22,10000,[6873.885565690778],[167.58176393668163],[0.4258169398597689],-20,0.47225383165623097
6453,0.14057064690040522,0.0,22,10000,[6873.885565690778],[167.58176393668163],[0.4258169398597689],-20,0.47225383165623097
6454,-0.6358531267791476,0.0,22,10000,[6873.885565690778],[167.58176393668163],[0.4258169398597689],-20,0.47225383165623097
6455,-0.5009745818842634,0.0,22,10000,[6873.885565690778],[167.58176393668163],[0.4258169398597689],-20,0.47225383165623097
6456,-0.0441126836708826,0.0,22,10000,[6873.885565690778],[167.58176393668163],[0.4258169398597689],-20,0.47225383165623097
6457,-0.14700504750026033,0.0,22,10000,[6873.885565690778],[167.58176393668163],[0.4258169398597689],-20,0.47225383165623097
6458,0.16037693295102684,0.0,22,10000,[6873.885565690778],[167.58176393668163],[0.4258169398597689],-20,0.47225383165623097
6459,0.3712248962762437,0.0,22,10000,[6873.885565690778],[167.58176393668163],[0.4258169398597689],-20,0.47225383165623097
6460,-0.3274965481348296,0.0,22,10000,[6873.885565690778],[167.58176393668163],[0.4258169398597689],-20,0.47225383165623097
6461,0.11181430732179289,0.0,22,10000,[6873.885565690778],[167.58176393668163],[0.4258169398597689],-20,0.47225383165623097
6462,-0.33599643753232233,0.0,22,10000,[6873.885565690778],[167.58176393668163],[0.4258169398597689],-20,0.47225383165623097
6463,0.6645590761496337,0.0,22,10000,[6873.885565690778],[167.58176393668163],[0.4258169398597689],-20,0.47225383165623097
6464,-0.2438424021790362,0.0,22,10000,[6873.885565690778],[167.58176393668163],[0.4258169398597689],-20,0.47225383165623097
6465,-0.4217250212258655,0.0,22,10000,[6873.885565690778],[167.58176393668163],[0.4258169398597689],-20,0.47225383165623097
6466,0.8024722392487029,0.0,22,10000,[6873.885565690778],[167.58176393668163],[0.4258169398597689],-20,0.47225383165623097
6467,-0.31753365179580995,0.0,22,10000,[6873.885565690778],[167.58176393668163],[0.4258169398597689],-20,0.47225383165623097
6468,-0.5767133079261285,0.0,22,10000,[6873.885565690778],[167.58176393668163],[0.4258169398597689],-20,0.47225383165623097
6469,0.2590873210272168,0.0,22,10000,[6873.885565690778],[167.58176393668163],[0.4258169398597689],-20,0.47225383165623097
6470,0.6020400301213105,0.0,22,10000,[6873.885565690778],[167.58176393668163],[0.4258169398597689],-20,0.47225383165623097
6471,0.13613747769495294,0.0,22,10000,[6873.885565690778],[167.58176393668163],[0.4258169398597689],-20,0.47225383165623097
6472,0.37728174327309716,0.0,22,10000,[6873.885565690778],[167.58176393668163],[0.4258169398597689],-20,0.47225383165623097
6473,0.758294534551916,0.0,22,10000,[6873.885565690778],[167.58176393668163],[0.4258169398597689],-20,0.47225383165623097
6474,-0.2620971290362065,0.0,22,10000,[6873.885565690778],[167.58176393668163],[0.4258169398597689],-20,0.47225383165623097
6475,-0.014291512465475666,0.0,22,10000,[6873.885565690778],[167.58176393668163],[0.4258169398597689],-20,0.47225383165623097
6476,-0.31191485894405213,0.0,22,10000,[6873.885565690778],[167.58176393668163],[0.4258169398597689],-20,0.47225383165623097
6477,-0.2715858818455816,0.0,22,10000,[6873.885565690778],[167.58176393668163],[0.4258169398597689],-20,0.47225383165623097
6478,-0.5583700698118544,0.0,22,10000,[6873.885565690778],[167.58176393668163],[0.4258169398597689],-20,0.47225383165623097
6479,0.726850391653694,0.0,22,10000,[6873.885565690778],[167.58176393668163],[0.4258169398597689],-20,0.47225383165623097
6480,0.2286749555970275,0.0,22,10000,[6873.885565690778],[167.58176393668163],[0.4258169398597689],-20,0.47225383165623097
6481,0.6054378268148094,0.0,22,10000,[6873.885565690778],[167.58176393668163],[0.4258169398597689],-20,0.47225383165623097
6482,0.1820530684965813,0.0,22,10000,[6873.885565690778],[167.58176393668163],[0.4258169398597689],-20,0.47225383165623097
6483,-0.04329025542002656,0.0,22,10000,[6873.885565690778],[167.58176393668163],[0.4258169398597689],-20,0.47225383165623097
6484,-1.0109824760202342,0.0,22,10000,[6873.885565690778],[167.58176393668163],[0.4258169398597689],-20,0.47225383165623097
6485,0.25082688543227644,0.0,22,10000,[6873.885565690778],[167.58176393668163],[0.4258169398597689],-20,0.47225383165623097
6486,0.3109160807726534,0.0,22,10000,[6873.885565690778],[167.58176393668163],[0.4258169398597689],-20,0.47225383165623097
6487,0.628613507983611,0.0,22,10000,[6873.885565690778],[167.58176393668163],[0.4258169398597689],-20,0.47225383165623097
6488,-0.33237898027330354,0.0,22,10000,[6873.885565690778],[167.58176393668163],[0.4258169398597689],-20,0.47225383165623097
6489,-0.03406494589151443,0.0,22,10000,[6873.885565690778],[167.58176393668163],[0.4258169398597689],-20,0.47225383165623097
6490,0.7152263582085246,0.0,22,10000,[6873.885565690778],[167.58176393668163],[0.4258169398597689],-20,0.47225383165623097
6491,0.5093164401502559,0.0,22,10000,[6873.885565690778],[167.58176393668163],[0.4258169398597689],-20,0.47225383165623097
6492,0.05183176217714801,0.0,22,10000,[6873.885565690778],[167.58176393668163],[0.4258169398597689],-20,0.47225383165623097
6493,0.4036254574265081,0.0,22,10000,[6873.885565690778],[167.58176393668163],[0.4258169398597689],-20,0.47225383165623097
6494,-0.6778362228418822,0.0,22,10000,[6873.885565690778],[167.58176393668163],[0.4258169398597689],-20,0.47225383165623097
6495,0.7346138784736548,0.0,22,10000,[6873.885565690778],[167.58176393668163],[0.4258169398597689],-20,0.47225383165623097
6496,0.03924175206692872,0.0,22,10000,[6873.885565690778],[167.58176393668163],[0.4258169398597689],-20,0.47225383165623097
6497,0.853104146914228,0.0,22,10000,[6873.885565690778],[167.58176393668163],[0.4258169398597689],-20,0.47225383165623097
6498,0.22769287223055215,0.0,22,10000,[6873.885565690778],[167.58176393668163],[0.4258169398597689],-20,0.47225383165623097
6499,-0.43149900900628624,0.0,22,10000,[6873.885565690778],[167.58176393668163],[0.4258169398597689],-20,0.47225383165623097
6500,0.7745137674733398,0.0,22,10000,[6873.885565690778],[167.58176393668163],[0.4258169398597689],-20,0.47225383165623097
6501,-0.6105632900006384,0.0,22,10000,[6873.885565690778],[167.58176393668163],[0.4258169398597689],-20,0.47225383165623097
6502,0.3713746755209049,0.0,22,10000,[6873.885565690778],[167.58176393668163],[0.4258169398597689],-20,0.47225383165623097
6503,0.1943007001983909,0.0,22,10000,[6873.885565690778],[167.58176393668163],[0.4258169398597689],-20,0.47225383165623097
6504,0.44690610340517656,0.0,22,10000,[6873.885565690778],[167.58176393668163],[0.4258169398597689],-20,0.47225383165623097
6505,0.2721092761952488,0.0,22,10000,[6873.885565690778],[167.58176393668163],[0.4258169398597689],-20,0.47225383165623097
6506,-0.3636638361801291,0.0,22,10000,[6873.885565690778],[167.58176393668163],[0.4258169398597689],-20,0.47225383165623097
6507,0.16957199828499325,0.0,22,10000,[6873.885565690778],[167.58176393668163],[0.4258169398597689],-20,0.47225383165623097
6508,0.5511524441333855,0.0,22,10000,[6873.885565690778],[167.58176393668163],[0.4258169398597689],-20,0.47225383165623097
6509,0.05542525820312042,0.0,22,10000,[6873.885565690778],[167.58176393668163],[0.4258169398597689],-20,0.47225383165623097
6510,-0.08091508080080757,0.0,22,10000,[6873.885565690778],[167.58176393668163],[0.4258169398597689],-20,0.47225383165623097
6511,-0.05840989603100984,0.0,22,10000,[6873.885565690778],[167.58176393668163],[0.4258169398597689],-20,0.47225383165623097
6512,-0.26246373179108695,0.0,22,10000,[6873.885565690778],[167.58176393668163],[0.4258169398597689],-20,0.47225383165623097
6513,-0.48862904213190794,0.0,22,10000,[6873.885565690778],[167.58176393668163],[0.4258169398597689],-20,0.47225383165623097
6514,-0.21496163973049362,0.0,22,10000,[6873.885565690778],[167.58176393668163],[0.4258169398597689],-20,0.47225383165623097
6515,-0.2971511646961199,0.0,22,10000,[6873.885565690778],[167.58176393668163],[0.4258169398597689],-20,0.47225383165623097
6516,0.6089085005548067,0.0,22,10000,[6873.885565690778],[167.58176393668163],[0.4258169398597689],-20,0.47225383165623097
6517,0.5457339102914535,0.0,22,10000,[6873.885565690778],[167.58176393668163],[0.4258169398597689],-20,0.47225383165623097
6518,0.630942166816077,0.0,22,10000,[6873.885565690778],[167.58176393668163],[0.4258169398597689],-20,0.47225383165623097
6519,0.2692445058278101,0.0,22,10000,[6873.885565690778],[167.58176393668163],[0.4258169398597689],-20,0.47225383165623097
6520,-0.24791007881717053,0.0,22,10000,[6873.885565690778],[167.58176393668163],[0.4258169398597689],-20,0.47225383165623097
6521,-0.2876308544162378,0.0,22,10000,[6873.885565690778],[167.58176393668163],[0.4258169398597689],-20,0.47225383165623097
6522,-0.45566002932148336,0.0,22,10000,[6873.885565690778],[167.58176393668163],[0.4258169398597689],-20,0.47225383165623097
6523,0.2507096145836892,0.0,22,10000,[6873.885565690778],[167.58176393668163],[0.4258169398597689],-20,0.47225383165623097
6524,-0.5587106710048082,0.0,22,10000,[6873.885565690778],[167.58176393668163],[0.4258169398597689],-20,0.47225383165623097
6525,0.4095412893850386,0.0,22,10000,[6873.885565690778],[167.58176393668163],[0.4258169398597689],-20,0.47225383165623097
6526,-0.41947308835024594,0.0,22,10000,[6873.885565690778],[167.58176393668163],[0.4258169398597689],-20,0.47225383165623097
6527,0.7765622543947394,0.0,22,10000,[6873.885565690778],[167.58176393668163],[0.4258169398597689],-20,0.47225383165623097
6528,0.38341622795182345,0.0,22,10000,[6873.885565690778],[167.58176393668163],[0.4258169398597689],-20,0.47225383165623097
6529,0.20158671528648575,0.0,22,10000,[6873.885565690778],[167.58176393668163],[0.4258169398597689],-20,0.47225383165623097
6530,-0.8430741526900165,0.0,22,10000,[6873.885565690778],[167.58176393668163],[0.4258169398597689],-20,0.47225383165623097
6531,0.7707828933312427,0.0,22,10000,[6873.885565690778],[167.58176393668163],[0.4258169398597689],-20,0.47225383165623097
6532,0.14223581826209195,0.0,22,10000,[6873.885565690778],[167.58176393668163],[0.4258169398597689],-20,0.47225383165623097
6533,0.4253778057827275,0.0,22,10000,[6873.885565690778],[167.58176393668163],[0.4258169398597689],-20,0.47225383165623097
6534,-0.4221935282209856,0.0,22,10000,[6873.885565690778],[167.58176393668163],[0.4258169398597689],-20,0.47225383165623097
6535,0.05956778125639272,0.0,22,10000,[6873.885565690778],[167.58176393668163],[0.4258169398597689],-20,0.47225383165623097
6536,-0.9973568190472413,0.0,22,10000,[6873.885565690778],[167.58176393668163],[0.4258169398597689],-20,0.47225383165623097
6537,1.1775039816763655,0.0,22,10000,[6873.885565690778],[167.58176393668163],[0.4258169398597689],-20,0.47225383165623097
6538,-0.08100501858110921,0.0,22,10000,[6873.885565690778],[167.58176393668163],[0.4258169398597689],-20,0.47225383165623097
6539,-0.06947668762071467,0.0,22,10000,[6873.885565690778],[167.58176393668163],[0.4258169398597689],-20,0.47225383165623097
6540,-0.20401421681354093,0.0,22,10000,[6873.885565690778],[167.58176393668163],[0.4258169398597689],-20,0.47225383165623097
6541,0.26327948571871357,0.0,22,10000,[6873.885565690778],[167.58176393668163],[0.4258169398597689],-20,0.47225383165623097
6542,1.0617830773454349,0.0,22,10000,[6873.885565690778],[167.58176393668163],[0.4258169398597689],-20,0.47225383165623097
6543,0.21973616654587544,0.0,22,10000,[6873.885565690778],[167.58176393668163],[0.4258169398597689],-20,0.47225383165623097
6544,0.8912082319724774,0.0,22,10000,[6873.885565690778],[167.58176393668163],[0.4258169398597689],-20,0.47225383165623097
6545,-0.409452093381133,0.0,22,10000,[6873.885565690778],[167.58176393668163],[0.4258169398597689],-20,0.47225383165623097
6546,-0.13909789789042604,0.0,22,10000,[6873.885565690778],[167.58176393668163],[0.4258169398597689],-20,0.47225383165623097
6547,0.39049268688039906,0.0,22,10000,[6873.885565690778],[167.58176393668163],[0.4258169398597689],-20,0.47225383165623097
6548,-0.01018693703160883,0.0,22,10000,[6873.885565690778],[167.58176393668163],[0.4258169398597689],-20,0.47225383165623097
6549,0.12100486699140447,0.0,22,10000,[6873.885565690778],[167.58176393668163],[0.4258169398597689],-20,0.47225383165623097
6550,0.12540235851617662,0.0,22,10000,[6873.885565690778],[167.58176393668163],[0.4258169398597689],-20,0.47225383165623097
6551,-0.7069939652845172,0.0,22,10000,[6873.885565690778],[167.58176393668163],[0.4258169398597689],-20,0.47225383165623097
6552,0.257364482679951,0.0,22,10000,[6873.885565690778],[167.58176393668163],[0.4258169398597689],-20,0.47225383165623097
6553,0.2630653879445796,0.0,22,10000,[6873.885565690778],[167.58176393668163],[0.4258169398597689],-20,0.47225383165623097
6554,-0.19949904054462209,0.0,22,10000,[6873.885565690778],[167.58176393668163],[0.4258169398597689],-20,0.47225383165623097
6555,-0.4422688389448298,0.0,22,10000,[6873.885565690778],[167.58176393668163],[0.4258169398597689],-20,0.47225383165623097
6556,0.24603503571442212,0.0,22,10000,[6873.885565690778],[167.58176393668163],[0.4258169398597689],-20,0.47225383165623097
6557,-0.17633025679329065,0.0,22,10000,[6873.885565690778],[167.58176393668163],[0.4258169398597689],-20,0.47225383165623097
6558,-0.043860711676761935,0.0,22,10000,[6873.885565690778],[167.58176393668163],[0.4258169398597689],-20,0.47225383165623097
6559,-0.48415621415530985,0.0,22,10000,[6873.885565690778],[167.58176393668163],[0.4258169398597689],-20,0.47225383165623097
6560,-0.4535057311298052,0.0,22,10000,[6873.885565690778],[167.58176393668163],[0.4258169398597689],-20,0.47225383165623097
6561,0.36279602280496376,0.0,22,10000,[6873.885565690778],[167.58176393668163],[0.4258169398597689],-20,0.47225383165623097
6562,0.3692313886739561,0.0,22,10000,[6873.885565690778],[167.58176393668163],[0.4258169398597689],-20,0.47225383165623097
6563,-0.20225639550959526,0.0,22,10000,[6873.885565690778],[167.58176393668163],[0.4258169398597689],-20,0.47225383165623097
6564,0.2568875335699097,0.0,22,10000,[6873.885565690778],[167.58176393668163],[0.4258169398597689],-20,0.47225383165623097
6565,-0.12865520500239552,0.0,22,10000,[6873.885565690778],[167.58176393668163],[0.4258169398597689],-20,0.47225383165623097
6566,-0.21922216111590045,0.0,22,10000,[6873.885565690778],[167.58176393668163],[0.4258169398597689],-20,0.47225383165623097
6567,-0.25477797828999643,0.0,22,10000,[6873.885565690778],[167.58176393668163],[0.4258169398597689],-20,0.47225383165623097
6568,-1.0262868806913163,0.0,22,10000,[6873.885565690778],[167.58176393668163],[0.4258169398597689],-20,0.47225383165623097
6569,0.6161200157067555,0.0,22,10000,[6873.885565690778],[167.58176393668163],[0.4258169398597689],-20,0.47225383165623097
6570,0.09234910186903045,0.0,22,10000,[6873.885565690778],[167.58176393668163],[0.4258169398597689],-20,0.47225383165623097
6571,0.18380427478350408,0.0,22,10000,[6873.885565690778],[167.58176393668163],[0.4258169398597689],-20,0.47225383165623097
6572,-0.08966673004542193,0.0,22,10000,[6873.885565690778],[167.58176393668163],[0.4258169398597689],-20,0.47225383165623097
6573,0.30238386285138485,0.0,22,10000,[6873.885565690778],[167.58176393668163],[0.4258169398597689],-20,0.47225383165623097
6574,-0.4974315253684125,0.0,22,10000,[6873.885565690778],[167.58176393668163],[0.4258169398597689],-20,0.47225383165623097
6575,0.5255905368357524,0.0,22,10000,[6873.885565690778],[167.58176393668163],[0.4258169398597689],-20,0.47225383165623097
6576,0.03311726669392155,0.0,22,10000,[6873.885565690778],[167.58176393668163],[0.4258169398597689],-20,0.47225383165623097
6577,-0.1987310446238905,0.0,22,10000,[6873.885565690778],[167.58176393668163],[0.4258169398597689],-20,0.47225383165623097
6578,-0.11818173269422017,0.0,22,10000,[6873.885565690778],[167.58176393668163],[0.4258169398597689],-20,0.47225383165623097
6579,-0.37106339790649506,0.0,22,10000,[6873.885565690778],[167.58176393668163],[0.4258169398597689],-20,0.47225383165623097
6580,0.058997627398116315,0.0,22,10000,[6873.885565690778],[167.58176393668163],[0.4258169398597689],-20,0.47225383165623097
6581,0.7103167126649038,0.0,22,10000,[6873.885565690778],[167.58176393668163],[0.4258169398597689],-20,0.47225383165623097
6582,-0.2508233941037263,0.0,22,10000,[6873.885565690778],[167.58176393668163],[0.4258169398597689],-20,0.47225383165623097
6583,0.3714480724437177,0.0,22,10000,[6873.885565690778],[167.58176393668163],[0.4258169398597689],-20,0.47225383165623097
6584,-0.2788555023044626,0.0,22,10000,[6873.885565690778],[167.58176393668163],[0.4258169398597689],-20,0.47225383165623097
6585,0.1505101295077245,0.0,22,10000,[6873.885565690778],[167.58176393668163],[0.4258169398597689],-20,0.47225383165623097
6586,0.09923084646077726,0.0,22,10000,[6873.885565690778],[167.58176393668163],[0.4258169398597689],-20,0.47225383165623097
6587,0.541332986123035,0.0,22,10000,[6873.885565690778],[167.58176393668163],[0.4258169398597689],-20,0.47225383165623097
6588,-0.8308924001985941,0.0,22,10000,[6873.885565690778],[167.58176393668163],[0.4258169398597689],-20,0.47225383165623097
6589,0.24539722475932965,0.0,22,10000,[6873.885565690778],[167.58176393668163],[0.4258169398597689],-20,0.47225383165623097
6590,-0.5756617011654859,0.0,22,10000,[6873.885565690778],[167.58176393668163],[0.4258169398597689],-20,0.47225383165623097
6591,0.1369473317617086,0.0,22,10000,[6873.885565690778],[167.58176393668163],[0.4258169398597689],-20,0.47225383165623097
6592,0.9176459091067988,0.0,22,10000,[6873.885565690778],[167.58176393668163],[0.4258169398597689],-20,0.47225383165623097
6593,-0.29171845985266376,0.0,22,10000,[6873.885565690778],[167.58176393668163],[0.4258169398597689],-20,0.47225383165623097
6594,-0.3662756609069189,0.0,22,10000,[6873.885565690778],[167.58176393668163],[0.4258169398597689],-20,0.47225383165623097
6595,0.16298524508523993,0.0,22,10000,[6873.885565690778],[167.58176393668163],[0.4258169398597689],-20,0.47225383165623097
6596,-0.37245219924798484,0.0,22,10000,[6873.885565690778],[167.58176393668163],[0.4258169398597689],-20,0.47225383165623097
6597,-0.331954803275826,0.0,22,10000,[6873.885565690778],[167.58176393668163],[0.4258169398597689],-20,0.47225383165623097
6598,0.4475055719893988,0.0,22,10000,[6873.885565690778],[167.58176393668163],[0.4258169398597689],-20,0.47225383165623097
6599,0.4658838174480244,0.0,22,10000,[6873.885565690778],[167.58176393668163],[0.4258169398597689],-20,0.47225383165623097
6600,-0.21304321528900694,0.0,22,10000,[6873.885565690778],[167.58176393668163],[0.4258169398597689],-20,0.47225383165623097
6601,0.11187936057406003,0.0,22,10000,[6873.885565690778],[167.58176393668163],[0.4258169398597689],-20,0.47225383165623097
6602,0.567985689517841,0.0,22,10000,[6873.885565690778],[167.58176393668163],[0.4258169398597689],-20,0.47225383165623097
6603,0.28998318353716696,0.0,22,10000,[6873.885565690778],[167.58176393668163],[0.4258169398597689],-20,0.47225383165623097
6604,-1.1978741088817308,0.0,22,10000,[6873.885565690778],[167.58176393668163],[0.4258169398597689],-20,0.47225383165623097
6605,0.1716666813707471,0.0,22,10000,[6873.885565690778],[167.58176393668163],[0.4258169398597689],-20,0.47225383165623097
6606,-0.13777951117600465,0.0,22,10000,[6873.885565690778],[167.58176393668163],[0.4258169398597689],-20,0.47225383165623097
6607,-0.2880157373068885,0.0,22,10000,[6873.885565690778],[167.58176393668163],[0.4258169398597689],-20,0.47225383165623097
6608,0.6128858461437608,0.0,22,10000,[6873.885565690778],[167.58176393668163],[0.4258169398597689],-20,0.47225383165623097
6609,-0.02226161155119211,0.0,22,10000,[6873.885565690778],[167.58176393668163],[0.4258169398597689],-20,0.47225383165623097
6610,-0.25002982923229794,0.0,22,10000,[6873.885565690778],[167.58176393668163],[0.4258169398597689],-20,0.47225383165623097
6611,-0.3613448932612868,0.0,22,10000,[6873.885565690778],[167.58176393668163],[0.4258169398597689],-20,0.47225383165623097
6612,0.03097076148681178,0.0,22,10000,[6873.885565690778],[167.58176393668163],[0.4258169398597689],-20,0.47225383165623097
6613,0.1559409788893987,0.0,22,10000,[6873.885565690778],[167.58176393668163],[0.4258169398597689],-20,0.47225383165623097
6614,0.048828121653316514,0.0,22,10000,[6873.885565690778],[167.58176393668163],[0.4258169398597689],-20,0.47225383165623097
6615,-0.26976893514038486,0.0,22,10000,[6873.885565690778],[167.58176393668163],[0.4258169398597689],-20,0.47225383165623097
6616,0.36843973172404715,0.0,22,10000,[6873.885565690778],[167.58176393668163],[0.4258169398597689],-20,0.47225383165623097
6617,-0.4412774483154609,0.0,22,10000,[6873.885565690778],[167.58176393668163],[0.4258169398597689],-20,0.47225383165623097
6618,0.3970517897921841,0.0,22,10000,[6873.885565690778],[167.58176393668163],[0.4258169398597689],-20,0.47225383165623097
6619,-0.01466980816537752,0.0,22,10000,[6873.885565690778],[167.58176393668163],[0.4258169398597689],-20,0.47225383165623097
6620,-0.1951552189021307,0.0,22,10000,[6873.885565690778],[167.58176393668163],[0.4258169398597689],-20,0.47225383165623097
6621,-0.06280890366351616,0.0,22,10000,[6873.885565690778],[167.58176393668163],[0.4258169398597689],-20,0.47225383165623097
6622,0.37105959763662566,0.0,22,10000,[6873.885565690778],[167.58176393668163],[0.4258169398597689],-20,0.47225383165623097
6623,-0.5383664723413846,0.0,22,10000,[6873.885565690778],[167.58176393668163],[0.4258169398597689],-20,0.47225383165623097
6624,0.5123596061371927,0.0,22,10000,[6873.885565690778],[167.58176393668163],[0.4258169398597689],-20,0.47225383165623097
6625,0.059025976700896064,0.0,22,10000,[6873.885565690778],[167.58176393668163],[0.4258169398597689],-20,0.47225383165623097
6626,-0.24558568173784537,0.0,22,10000,[6873.885565690778],[167.58176393668163],[0.4258169398597689],-20,0.47225383165623097
6627,0.59074687300688,0.0,22,10000,[6873.885565690778],[167.58176393668163],[0.4258169398597689],-20,0.47225383165623097
6628,-0.49997094212682147,0.0,22,10000,[6873.885565690778],[167.58176393668163],[0.4258169398597689],-20,0.47225383165623097
6629,-0.141784089784668,0.0,22,10000,[6873.885565690778],[167.58176393668163],[0.4258169398597689],-20,0.47225383165623097
6630,-0.30850838272613795,0.0,22,10000,[6873.885565690778],[167.58176393668163],[0.4258169398597689],-20,0.47225383165623097
6631,-0.14347467349027893,0.0,22,10000,[6873.885565690778],[167.58176393668163],[0.4258169398597689],-20,0.47225383165623097
6632,0.24614351320381325,0.0,22,10000,[6873.885565690778],[167.58176393668163],[0.4258169398597689],-20,0.47225383165623097
6633,-0.28683812685259796,0.0,22,10000,[6873.885565690778],[167.58176393668163],[0.4258169398597689],-20,0.47225383165623097
6634,-0.5291137955293412,0.0,22,10000,[6873.885565690778],[167.58176393668163],[0.4258169398597689],-20,0.47225383165623097
6635,-0.39502436381187345,0.0,22,10000,[6873.885565690778],[167.58176393668163],[0.4258169398597689],-20,0.47225383165623097
6636,-0.18866361139259794,0.0,22,10000,[6873.885565690778],[167.58176393668163],[0.4258169398597689],-20,0.47225383165623097
6637,-0.05448212885382956,0.0,22,10000,[6873.885565690778],[167.58176393668163],[0.4258169398597689],-20,0.47225383165623097
6638,0.5827821990233117,0.0,22,10000,[6873.885565690778],[167.58176393668163],[0.4258169398597689],-20,0.47225383165623097
6639,-0.8231178294399667,0.0,22,10000,[6873.885565690778],[167.58176393668163],[0.4258169398597689],-20,0.47225383165623097
6640,0.16424689400339174,0.0,22,10000,[6873.885565690778],[167.58176393668163],[0.4258169398597689],-20,0.47225383165623097
6641,0.5063740862918136,0.0,22,10000,[6873.885565690778],[167.58176393668163],[0.4258169398597689],-20,0.47225383165623097
6642,0.7840168139161977,0.0,22,10000,[6873.885565690778],[167.58176393668163],[0.4258169398597689],-20,0.47225383165623097
6643,-0.024870647425524427,0.0,22,10000,[6873.885565690778],[167.58176393668163],[0.4258169398597689],-20,0.47225383165623097
6644,0.2626758402388097,0.0,22,10000,[6873.885565690778],[167.58176393668163],[0.4258169398597689],-20,0.47225383165623097
6645,-0.6908317841682093,0.0,22,10000,[6873.885565690778],[167.58176393668163],[0.4258169398597689],-20,0.47225383165623097
6646,0.28565620457164753,0.0,22,10000,[6873.885565690778],[167.58176393668163],[0.4258169398597689],-20,0.47225383165623097
6647,-0.1496174345617427,0.0,22,10000,[6873.885565690778],[167.58176393668163],[0.4258169398597689],-20,0.47225383165623097
6648,-0.14402433031528206,0.0,22,10000,[6873.885565690778],[167.58176393668163],[0.4258169398597689],-20,0.47225383165623097
6649,-0.44991798409676464,0.0,22,10000,[6873.885565690778],[167.58176393668163],[0.4258169398597689],-20,0.47225383165623097
6650,-0.2917387076103535,0.0,22,10000,[6873.885565690778],[167.58176393668163],[0.4258169398597689],-20,0.47225383165623097
6651,0.9167676022832402,0.0,22,10000,[6873.885565690778],[167.58176393668163],[0.4258169398597689],-20,0.47225383165623097
6652,-0.815238938209967,0.0,22,10000,[6873.885565690778],[167.58176393668163],[0.4258169398597689],-20,0.47225383165623097
6653,-0.04729708821132689,0.0,22,10000,[6873.885565690778],[167.58176393668163],[0.4258169398597689],-20,0.47225383165623097
6654,0.3887186660017258,0.0,22,10000,[6873.885565690778],[167.58176393668163],[0.4258169398597689],-20,0.47225383165623097
6655,-0.6512102356404254,0.0,22,10000,[6873.885565690778],[167.58176393668163],[0.4258169398597689],-20,0.47225383165623097
6656,0.4311502660499991,0.0,22,10000,[6873.885565690778],[167.58176393668163],[0.4258169398597689],-20,0.47225383165623097
6657,0.17177722787263122,0.0,22,10000,[6873.885565690778],[167.58176393668163],[0.4258169398597689],-20,0.47225383165623097
6658,-0.11847480724502236,0.0,22,10000,[6873.885565690778],[167.58176393668163],[0.4258169398597689],-20,0.47225383165623097
6659,-0.24674608439005352,0.0,22,10000,[6873.885565690778],[167.58176393668163],[0.4258169398597689],-20,0.47225383165623097
6660,-0.4052881190710904,0.0,22,10000,[6873.885565690778],[167.58176393668163],[0.4258169398597689],-20,0.47225383165623097
6661,0.44176281936244993,0.0,22,10000,[6873.885565690778],[167.58176393668163],[0.4258169398597689],-20,0.47225383165623097
6662,-0.094588449790924,0.0,22,10000,[6873.885565690778],[167.58176393668163],[0.4258169398597689],-20,0.47225383165623097
6663,0.0967934483481407,0.0,22,10000,[6873.885565690778],[167.58176393668163],[0.4258169398597689],-20,0.47225383165623097
6664,-0.010393048131518064,0.0,22,10000,[6873.885565690778],[167.58176393668163],[0.4258169398597689],-20,0.47225383165623097
6665,-0.7302015656783194,0.0,22,10000,[6873.885565690778],[167.58176393668163],[0.4258169398597689],-20,0.47225383165623097
6666,-0.5390496799205312,0.0,22,10000,[6873.885565690778],[167.58176393668163],[0.4258169398597689],-20,0.47225383165623097
6667,-0.2577628720183742,0.0,22,10000,[6873.885565690778],[167.58176393668163],[0.4258169398597689],-20,0.47225383165623097
6668,0.13782150323774095,0.0,22,10000,[6873.885565690778],[167.58176393668163],[0.4258169398597689],-20,0.47225383165623097
6669,-0.2469926447168152,0.0,22,10000,[6873.885565690778],[167.58176393668163],[0.4258169398597689],-20,0.47225383165623097
6670,-0.2539617283149849,0.0,22,10000,[6873.885565690778],[167.58176393668163],[0.4258169398597689],-20,0.47225383165623097
6671,-0.024303713095065373,0.0,22,10000,[6873.885565690778],[167.58176393668163],[0.4258169398597689],-20,0.47225383165623097
6672,-0.5967303757097581,0.0,22,10000,[6873.885565690778],[167.58176393668163],[0.4258169398597689],-20,0.47225383165623097
6673,-0.20731107851335231,0.0,22,10000,[6873.885565690778],[167.58176393668163],[0.4258169398597689],-20,0.47225383165623097
6674,-0.8277621837335655,0.0,22,10000,[6873.885565690778],[167.58176393668163],[0.4258169398597689],-20,0.47225383165623097
6675,0.30012644970350494,0.0,22,10000,[6873.885565690778],[167.58176393668163],[0.4258169398597689],-20,0.47225383165623097
6676,0.45623772801869233,0.0,22,10000,[6873.885565690778],[167.58176393668163],[0.4258169398597689],-20,0.47225383165623097
6677,-0.1654500014890098,0.0,22,10000,[6873.885565690778],[167.58176393668163],[0.4258169398597689],-20,0.47225383165623097
6678,-0.13223786164910487,0.0,22,10000,[6873.885565690778],[167.58176393668163],[0.4258169398597689],-20,0.47225383165623097
6679,-0.7009211798412152,0.0,22,10000,[6873.885565690778],[167.58176393668163],[0.4258169398597689],-20,0.47225383165623097
6680,0.30624113181957385,0.0,22,10000,[6873.885565690778],[167.58176393668163],[0.4258169398597689],-20,0.47225383165623097
6681,-0.19180418591320297,0.0,22,10000,[6873.885565690778],[167.58176393668163],[0.4258169398597689],-20,0.47225383165623097
6682,0.5190729691688358,0.0,22,10000,[6873.885565690778],[167.58176393668163],[0.4258169398597689],-20,0.47225383165623097
6683,0.20560314447683958,0.0,22,10000,[6873.885565690778],[167.58176393668163],[0.4258169398597689],-20,0.47225383165623097
6684,-0.6861014145156428,0.0,22,10000,[6873.885565690778],[167.58176393668163],[0.4258169398597689],-20,0.47225383165623097
6685,0.2787903654678815,0.0,22,10000,[6873.885565690778],[167.58176393668163],[0.4258169398597689],-20,0.47225383165623097
6686,-0.23269301761603747,0.0,22,10000,[6873.885565690778],[167.58176393668163],[0.4258169398597689],-20,0.47225383165623097
6687,0.9465759392609666,0.0,22,10000,[6873.885565690778],[167.58176393668163],[0.4258169398597689],-20,0.47225383165623097
6688,0.5829924550867654,0.0,22,10000,[6873.885565690778],[167.58176393668163],[0.4258169398597689],-20,0.47225383165623097
6689,-0.4259230224695181,0.0,22,10000,[6873.885565690778],[167.58176393668163],[0.4258169398597689],-20,0.47225383165623097
6690,0.37512216791117964,0.0,22,10000,[6873.885565690778],[167.58176393668163],[0.4258169398597689],-20,0.47225383165623097
6691,0.99321499268418,0.0,22,10000,[6873.885565690778],[167.58176393668163],[0.4258169398597689],-20,0.47225383165623097
6692,0.3084002854647971,0.0,22,10000,[6873.885565690778],[167.58176393668163],[0.4258169398597689],-20,0.47225383165623097
6693,0.2041379895378183,0.0,22,10000,[6873.885565690778],[167.58176393668163],[0.4258169398597689],-20,0.47225383165623097
6694,0.8385047834927637,0.0,22,10000,[6873.885565690778],[167.58176393668163],[0.4258169398597689],-20,0.47225383165623097
6695,-0.7623362402804499,0.0,22,10000,[6873.885565690778],[167.58176393668163],[0.4258169398597689],-20,0.47225383165623097
6696,-0.8171399697974783,0.0,22,10000,[6873.885565690778],[167.58176393668163],[0.4258169398597689],-20,0.47225383165623097
6697,0.2906875255021292,0.0,22,10000,[6873.885565690778],[167.58176393668163],[0.4258169398597689],-20,0.47225383165623097
6698,0.4513794438796771,0.0,22,10000,[6873.885565690778],[167.58176393668163],[0.4258169398597689],-20,0.47225383165623097
6699,0.03856188675315561,0.0,22,10000,[6873.885565690778],[167.58176393668163],[0.4258169398597689],-20,0.47225383165623097
6700,0.19243141397687857,0.0,22,10000,[6873.885565690778],[167.58176393668163],[0.4258169398597689],-20,0.47225383165623097
6701,-0.3056583265903705,0.0,22,10000,[6873.885565690778],[167.58176393668163],[0.4258169398597689],-20,0.47225383165623097
6702,0.023756770144382322,0.0,22,10000,[6873.885565690778],[167.58176393668163],[0.4258169398597689],-20,0.47225383165623097
6703,0.3792844673185905,0.0,22,10000,[6873.885565690778],[167.58176393668163],[0.4258169398597689],-20,0.47225383165623097
6704,-0.5753988631251045,0.0,22,10000,[6873.885565690778],[167.58176393668163],[0.4258169398597689],-20,0.47225383165623097
6705,-0.7458328867186795,0.0,22,10000,[6873.885565690778],[167.58176393668163],[0.4258169398597689],-20,0.47225383165623097
6706,0.4331977571652994,0.0,22,10000,[6873.885565690778],[167.58176393668163],[0.4258169398597689],-20,0.47225383165623097
6707,-0.22194228196460034,0.0,22,10000,[6873.885565690778],[167.58176393668163],[0.4258169398597689],-20,0.47225383165623097
6708,-0.9320312015453045,0.0,22,10000,[6873.885565690778],[167.58176393668163],[0.4258169398597689],-20,0.47225383165623097
6709,0.35460372571095145,0.0,22,10000,[6873.885565690778],[167.58176393668163],[0.4258169398597689],-20,0.47225383165623097
6710,-0.16362082212957432,0.0,22,10000,[6873.885565690778],[167.58176393668163],[0.4258169398597689],-20,0.47225383165623097
6711,0.4008052291797422,0.0,22,10000,[6873.885565690778],[167.58176393668163],[0.4258169398597689],-20,0.47225383165623097
6712,-0.15779704840661807,0.0,22,10000,[6873.885565690778],[167.58176393668163],[0.4258169398597689],-20,0.47225383165623097
6713,-0.10155433819215343,0.0,22,10000,[6873.885565690778],[167.58176393668163],[0.4258169398597689],-20,0.47225383165623097
6714,-0.20959109544511687,0.0,22,10000,[6873.885565690778],[167.58176393668163],[0.4258169398597689],-20,0.47225383165623097
6715,-0.11195144193382497,0.0,22,10000,[6873.885565690778],[167.58176393668163],[0.4258169398597689],-20,0.47225383165623097
6716,-0.21118879088738077,0.0,22,10000,[6873.885565690778],[167.58176393668163],[0.4258169398597689],-20,0.47225383165623097
6717,0.9032306580560395,0.0,22,10000,[6873.885565690778],[167.58176393668163],[0.4258169398597689],-20,0.47225383165623097
6718,-0.15474153831528067,0.0,22,10000,[6873.885565690778],[167.58176393668163],[0.4258169398597689],-20,0.47225383165623097
6719,0.41784823053792797,0.0,22,10000,[6873.885565690778],[167.58176393668163],[0.4258169398597689],-20,0.47225383165623097
6720,-0.19312839608126153,0.0,22,10000,[6873.885565690778],[167.58176393668163],[0.4258169398597689],-20,0.47225383165623097
6721,0.23638798714358797,0.0,22,10000,[6873.885565690778],[167.58176393668163],[0.4258169398597689],-20,0.47225383165623097
6722,-0.6116997522845835,0.0,22,10000,[6873.885565690778],[167.58176393668163],[0.4258169398597689],-20,0.47225383165623097
6723,-0.41911455289746363,0.0,22,10000,[6873.885565690778],[167.58176393668163],[0.4258169398597689],-20,0.47225383165623097
6724,1.1256322996937353,0.0,22,10000,[6873.885565690778],[167.58176393668163],[0.4258169398597689],-20,0.47225383165623097
6725,0.5599755185728394,0.0,22,10000,[6873.885565690778],[167.58176393668163],[0.4258169398597689],-20,0.47225383165623097
6726,-0.317857519672675,0.0,22,10000,[6873.885565690778],[167.58176393668163],[0.4258169398597689],-20,0.47225383165623097
6727,0.4657421129783249,0.0,22,10000,[6873.885565690778],[167.58176393668163],[0.4258169398597689],-20,0.47225383165623097
6728,0.7143217904955651,0.0,22,10000,[6873.885565690778],[167.58176393668163],[0.4258169398597689],-20,0.47225383165623097
6729,-0.7240649898921558,0.0,22,10000,[6873.885565690778],[167.58176393668163],[0.4258169398597689],-20,0.47225383165623097
6730,0.7156376015288026,0.0,22,10000,[6873.885565690778],[167.58176393668163],[0.4258169398597689],-20,0.47225383165623097
6731,0.7275634540259374,0.0,22,10000,[6873.885565690778],[167.58176393668163],[0.4258169398597689],-20,0.47225383165623097
6732,-1.0610002548559692,0.0,22,10000,[6873.885565690778],[167.58176393668163],[0.4258169398597689],-20,0.47225383165623097
6733,0.1678574689980942,0.0,22,10000,[6873.885565690778],[167.58176393668163],[0.4258169398597689],-20,0.47225383165623097
6734,-0.6700670732595135,0.0,22,10000,[6873.885565690778],[167.58176393668163],[0.4258169398597689],-20,0.47225383165623097
6735,0.1323348879250318,0.0,22,10000,[6873.885565690778],[167.58176393668163],[0.4258169398597689],-20,0.47225383165623097
6736,-0.01999325223728159,0.0,22,10000,[6873.885565690778],[167.58176393668163],[0.4258169398597689],-20,0.47225383165623097
6737,-0.2514897034834909,0.0,22,10000,[6873.885565690778],[167.58176393668163],[0.4258169398597689],-20,0.47225383165623097
6738,-0.08327452999033581,0.0,22,10000,[6873.885565690778],[167.58176393668163],[0.4258169398597689],-20,0.47225383165623097
6739,-0.031244905428636973,0.0,22,10000,[6873.885565690778],[167.58176393668163],[0.4258169398597689],-20,0.47225383165623097
6740,0.39613200990962977,0.0,22,10000,[6873.885565690778],[167.58176393668163],[0.4258169398597689],-20,0.47225383165623097
6741,0.2637662958538688,0.0,22,10000,[6873.885565690778],[167.58176393668163],[0.4258169398597689],-20,0.47225383165623097
6742,-0.8863341731301687,0.0,22,10000,[6873.885565690778],[167.58176393668163],[0.4258169398597689],-20,0.47225383165623097
6743,-0.14880335989858548,0.0,22,10000,[6873.885565690778],[167.58176393668163],[0.4258169398597689],-20,0.47225383165623097
6744,-0.3207170163633853,0.0,22,10000,[6873.885565690778],[167.58176393668163],[0.4258169398597689],-20,0.47225383165623097
6745,0.07173493312768056,0.0,22,10000,[6873.885565690778],[167.58176393668163],[0.4258169398597689],-20,0.47225383165623097
6746,-0.2784502963673434,0.0,22,10000,[6873.885565690778],[167.58176393668163],[0.4258169398597689],-20,0.47225383165623097
6747,0.6494100248691181,0.0,22,10000,[6873.885565690778],[167.58176393668163],[0.4258169398597689],-20,0.47225383165623097
6748,-0.25859723641721416,0.0,22,10000,[6873.885565690778],[167.58176393668163],[0.4258169398597689],-20,0.47225383165623097
6749,0.7011382928142796,0.0,22,10000,[6873.885565690778],[167.58176393668163],[0.4258169398597689],-20,0.47225383165623097
6750,-0.3172427131022823,0.0,22,10000,[6873.885565690778],[167.58176393668163],[0.4258169398597689],-20,0.47225383165623097
6751,0.18280280985854122,0.0,22,10000,[6873.885565690778],[167.58176393668163],[0.4258169398597689],-20,0.47225383165623097
6752,0.4535322685954428,0.0,22,10000,[6873.885565690778],[167.58176393668163],[0.4258169398597689],-20,0.47225383165623097
6753,0.8584968233432282,0.0,22,10000,[6873.885565690778],[167.58176393668163],[0.4258169398597689],-20,0.47225383165623097
6754,-0.19629964807768613,0.0,22,10000,[6873.885565690778],[167.58176393668163],[0.4258169398597689],-20,0.47225383165623097
6755,-0.20913421474016997,0.0,22,10000,[6873.885565690778],[167.58176393668163],[0.4258169398597689],-20,0.47225383165623097
6756,0.3936330149547191,0.0,22,10000,[6873.885565690778],[167.58176393668163],[0.4258169398597689],-20,0.47225383165623097
6757,-0.3577838458356375,0.0,22,10000,[6873.885565690778],[167.58176393668163],[0.4258169398597689],-20,0.47225383165623097
6758,-0.09710506035719654,0.0,22,10000,[6873.885565690778],[167.58176393668163],[0.4258169398597689],-20,0.47225383165623097
6759,1.089962864050106,0.0,22,10000,[6873.885565690778],[167.58176393668163],[0.4258169398597689],-20,0.47225383165623097
6760,0.800650453322973,0.0,22,10000,[6873.885565690778],[167.58176393668163],[0.4258169398597689],-20,0.47225383165623097
6761,0.44431241776705227,0.0,22,10000,[6873.885565690778],[167.58176393668163],[0.4258169398597689],-20,0.47225383165623097
6762,-0.5534698667902445,0.0,22,10000,[6873.885565690778],[167.58176393668163],[0.4258169398597689],-20,0.47225383165623097
6763,-0.7877993086490801,0.0,22,10000,[6873.885565690778],[167.58176393668163],[0.4258169398597689],-20,0.47225383165623097
6764,0.27041415321571155,0.0,22,10000,[6873.885565690778],[167.58176393668163],[0.4258169398597689],-20,0.47225383165623097
6765,0.020157593589209558,0.0,22,10000,[6873.885565690778],[167.58176393668163],[0.4258169398597689],-20,0.47225383165623097
6766,-0.23849977492858931,0.0,22,10000,[6873.885565690778],[167.58176393668163],[0.4258169398597689],-20,0.47225383165623097
6767,0.27891464195570315,0.0,22,10000,[6873.885565690778],[167.58176393668163],[0.4258169398597689],-20,0.47225383165623097
6768,-0.08735259030319838,0.0,22,10000,[6873.885565690778],[167.58176393668163],[0.4258169398597689],-20,0.47225383165623097
6769,0.31939567963915333,0.0,22,10000,[6873.885565690778],[167.58176393668163],[0.4258169398597689],-20,0.47225383165623097
6770,0.6770312549401791,0.0,22,10000,[6873.885565690778],[167.58176393668163],[0.4258169398597689],-20,0.47225383165623097
6771,0.08850643044303838,0.0,22,10000,[6873.885565690778],[167.58176393668163],[0.4258169398597689],-20,0.47225383165623097
6772,-0.5638522856070369,0.0,22,10000,[6873.885565690778],[167.58176393668163],[0.4258169398597689],-20,0.47225383165623097
6773,0.08430317690091436,0.0,22,10000,[6873.885565690778],[167.58176393668163],[0.4258169398597689],-20,0.47225383165623097
6774,0.31888121994702767,0.0,22,10000,[6873.885565690778],[167.58176393668163],[0.4258169398597689],-20,0.47225383165623097
6775,0.06640341276265689,0.0,22,10000,[6873.885565690778],[167.58176393668163],[0.4258169398597689],-20,0.47225383165623097
6776,-0.09932261703709644,0.0,22,10000,[6873.885565690778],[167.58176393668163],[0.4258169398597689],-20,0.47225383165623097
6777,-0.35021731409390905,0.0,22,10000,[6873.885565690778],[167.58176393668163],[0.4258169398597689],-20,0.47225383165623097
6778,0.7096609026939832,0.0,22,10000,[6873.885565690778],[167.58176393668163],[0.4258169398597689],-20,0.47225383165623097
6779,-0.17848439197343954,0.0,22,10000,[6873.885565690778],[167.58176393668163],[0.4258169398597689],-20,0.47225383165623097
6780,0.17238407536185266,0.0,22,10000,[6873.885565690778],[167.58176393668163],[0.4258169398597689],-20,0.47225383165623097
6781,-0.3087064417140696,0.0,22,10000,[6873.885565690778],[167.58176393668163],[0.4258169398597689],-20,0.47225383165623097
6782,0.2785092627579768,0.0,22,10000,[6873.885565690778],[167.58176393668163],[0.4258169398597689],-20,0.47225383165623097
6783,-0.5905359410250306,0.0,22,10000,[6873.885565690778],[167.58176393668163],[0.4258169398597689],-20,0.47225383165623097
6784,0.23534900200664796,0.0,22,10000,[6873.885565690778],[167.58176393668163],[0.4258169398597689],-20,0.47225383165623097
6785,0.012217832848173765,0.0,22,10000,[6873.885565690778],[167.58176393668163],[0.4258169398597689],-20,0.47225383165623097
6786,0.28081378287212455,0.0,22,10000,[6873.885565690778],[167.58176393668163],[0.4258169398597689],-20,0.47225383165623097
6787,0.45488666055923266,0.0,22,10000,[6873.885565690778],[167.58176393668163],[0.4258169398597689],-20,0.47225383165623097
6788,0.504383032864051,0.0,22,10000,[6873.885565690778],[167.58176393668163],[0.4258169398597689],-20,0.47225383165623097
6789,0.24091479347842176,0.0,22,10000,[6873.885565690778],[167.58176393668163],[0.4258169398597689],-20,0.47225383165623097
6790,-0.35700554156103137,0.0,22,10000,[6873.885565690778],[167.58176393668163],[0.4258169398597689],-20,0.47225383165623097
6791,-0.04119414023889155,0.0,22,10000,[6873.885565690778],[167.58176393668163],[0.4258169398597689],-20,0.47225383165623097
6792,-0.09262899816659703,0.0,22,10000,[6873.885565690778],[167.58176393668163],[0.4258169398597689],-20,0.47225383165623097
6793,0.0343614192492889,0.0,22,10000,[6873.885565690778],[167.58176393668163],[0.4258169398597689],-20,0.47225383165623097
6794,-0.348939653416337,0.0,22,10000,[6873.885565690778],[167.58176393668163],[0.4258169398597689],-20,0.47225383165623097
6795,-0.5521546848702167,0.0,22,10000,[6873.885565690778],[167.58176393668163],[0.4258169398597689],-20,0.47225383165623097
6796,0.22922569245227764,0.0,22,10000,[6873.885565690778],[167.58176393668163],[0.4258169398597689],-20,0.47225383165623097
6797,-0.7872982992042408,0.0,22,10000,[6873.885565690778],[167.58176393668163],[0.4258169398597689],-20,0.47225383165623097
6798,-0.04245907779879931,0.0,22,10000,[6873.885565690778],[167.58176393668163],[0.4258169398597689],-20,0.47225383165623097
6799,0.4652362202308922,0.0,22,10000,[6873.885565690778],[167.58176393668163],[0.4258169398597689],-20,0.47225383165623097
6800,-0.36133042690757794,0.0,22,10000,[6873.885565690778],[167.58176393668163],[0.4258169398597689],-20,0.47225383165623097
6801,0.3815221790573793,0.0,22,10000,[6873.885565690778],[167.58176393668163],[0.4258169398597689],-20,0.47225383165623097
6802,0.0439599287881115,0.0,22,10000,[6873.885565690778],[167.58176393668163],[0.4258169398597689],-20,0.47225383165623097
6803,0.19502022373708736,0.0,22,10000,[6873.885565690778],[167.58176393668163],[0.4258169398597689],-20,0.47225383165623097
6804,-0.6733195556275234,0.0,22,10000,[6873.885565690778],[167.58176393668163],[0.4258169398597689],-20,0.47225383165623097
6805,0.5936933211556064,0.0,22,10000,[6873.885565690778],[167.58176393668163],[0.4258169398597689],-20,0.47225383165623097
6806,0.01679393322877939,0.0,22,10000,[6873.885565690778],[167.58176393668163],[0.4258169398597689],-20,0.47225383165623097
6807,-0.8664430227463922,0.0,22,10000,[6873.885565690778],[167.58176393668163],[0.4258169398597689],-20,0.47225383165623097
6808,0.07684100252807335,0.0,22,10000,[6873.885565690778],[167.58176393668163],[0.4258169398597689],-20,0.47225383165623097
6809,-0.23041184821599858,0.0,22,10000,[6873.885565690778],[167.58176393668163],[0.4258169398597689],-20,0.47225383165623097
6810,0.06226611530501389,0.0,22,10000,[6873.885565690778],[167.58176393668163],[0.4258169398597689],-20,0.47225383165623097
6811,-1.0647188648633008,0.0,22,10000,[6873.885565690778],[167.58176393668163],[0.4258169398597689],-20,0.47225383165623097
6812,0.39381639987440803,0.0,22,10000,[6873.885565690778],[167.58176393668163],[0.4258169398597689],-20,0.47225383165623097
6813,0.3522884508947303,0.0,22,10000,[6873.885565690778],[167.58176393668163],[0.4258169398597689],-20,0.47225383165623097
6814,-0.41310798912567875,0.0,22,10000,[6873.885565690778],[167.58176393668163],[0.4258169398597689],-20,0.47225383165623097
6815,0.279184721738152,0.0,22,10000,[6873.885565690778],[167.58176393668163],[0.4258169398597689],-20,0.47225383165623097
6816,0.5591966926956096,0.0,22,10000,[6873.885565690778],[167.58176393668163],[0.4258169398597689],-20,0.47225383165623097
6817,-0.16518256442300716,0.0,22,10000,[6873.885565690778],[167.58176393668163],[0.4258169398597689],-20,0.47225383165623097
6818,0.10368130268812967,0.0,22,10000,[6873.885565690778],[167.58176393668163],[0.4258169398597689],-20,0.47225383165623097
6819,-0.4111224046527908,0.0,22,10000,[6873.885565690778],[167.58176393668163],[0.4258169398597689],-20,0.47225383165623097
6820,0.2212664580235459,0.0,22,10000,[6873.885565690778],[167.58176393668163],[0.4258169398597689],-20,0.47225383165623097
6821,-0.6357797487524814,0.0,22,10000,[6873.885565690778],[167.58176393668163],[0.4258169398597689],-20,0.47225383165623097
6822,0.5194735841796336,0.0,22,10000,[6873.885565690778],[167.58176393668163],[0.4258169398597689],-20,0.47225383165623097
6823,-0.05251663131237995,0.0,22,10000,[6873.885565690778],[167.58176393668163],[0.4258169398597689],-20,0.47225383165623097
6824,0.3837606166392294,0.0,22,10000,[6873.885565690778],[167.58176393668163],[0.4258169398597689],-20,0.47225383165623097
6825,0.16535216232997882,0.0,22,10000,[6873.885565690778],[167.58176393668163],[0.4258169398597689],-20,0.47225383165623097
6826,0.3633569685382403,0.0,22,10000,[6873.885565690778],[167.58176393668163],[0.4258169398597689],-20,0.47225383165623097
6827,0.08177776032768118,0.0,22,10000,[6873.885565690778],[167.58176393668163],[0.4258169398597689],-20,0.47225383165623097
6828,-0.049528178627727806,0.0,22,10000,[6873.885565690778],[167.58176393668163],[0.4258169398597689],-20,0.47225383165623097
6829,-0.1736118059334898,0.0,22,10000,[6873.885565690778],[167.58176393668163],[0.4258169398597689],-20,0.47225383165623097
6830,-0.6266700476027097,0.0,22,10000,[6873.885565690778],[167.58176393668163],[0.4258169398597689],-20,0.47225383165623097
6831,-1.307347044735428,0.0,22,10000,[6873.885565690778],[167.58176393668163],[0.4258169398597689],-20,0.47225383165623097
6832,-0.4631907725967183,0.0,22,10000,[6873.885565690778],[167.58176393668163],[0.4258169398597689],-20,0.47225383165623097
6833,-0.7781286533014278,0.0,22,10000,[6873.885565690778],[167.58176393668163],[0.4258169398597689],-20,0.47225383165623097
6834,0.4701202063059934,0.0,22,10000,[6873.885565690778],[167.58176393668163],[0.4258169398597689],-20,0.47225383165623097
6835,0.25557345791936636,0.0,22,10000,[6873.885565690778],[167.58176393668163],[0.4258169398597689],-20,0.47225383165623097
6836,-0.3289439888249341,0.0,22,10000,[6873.885565690778],[167.58176393668163],[0.4258169398597689],-20,0.47225383165623097
6837,0.05422057982329327,0.0,22,10000,[6873.885565690778],[167.58176393668163],[0.4258169398597689],-20,0.47225383165623097
6838,-0.7737196430225688,0.0,22,10000,[6873.885565690778],[167.58176393668163],[0.4258169398597689],-20,0.47225383165623097
6839,0.5867224702823325,0.0,22,10000,[6873.885565690778],[167.58176393668163],[0.4258169398597689],-20,0.47225383165623097
6840,0.7838006835030208,0.0,22,10000,[6873.885565690778],[167.58176393668163],[0.4258169398597689],-20,0.47225383165623097
6841,0.45866089343398553,0.0,22,10000,[6873.885565690778],[167.58176393668163],[0.4258169398597689],-20,0.47225383165623097
6842,-0.10072313247122842,0.0,22,10000,[6873.885565690778],[167.58176393668163],[0.4258169398597689],-20,0.47225383165623097
6843,-0.11336978698000062,0.0,22,10000,[6873.885565690778],[167.58176393668163],[0.4258169398597689],-20,0.47225383165623097
6844,-0.29352862408561964,0.0,22,10000,[6873.885565690778],[167.58176393668163],[0.4258169398597689],-20,0.47225383165623097
6845,-0.17983360969932552,0.0,22,10000,[6873.885565690778],[167.58176393668163],[0.4258169398597689],-20,0.47225383165623097
6846,0.28736981804076417,0.0,22,10000,[6873.885565690778],[167.58176393668163],[0.4258169398597689],-20,0.47225383165623097
6847,0.40112098499997434,0.0,22,10000,[6873.885565690778],[167.58176393668163],[0.4258169398597689],-20,0.47225383165623097
6848,-0.23639267227121885,0.0,22,10000,[6873.885565690778],[167.58176393668163],[0.4258169398597689],-20,0.47225383165623097
6849,0.21791710988974958,0.0,22,10000,[6873.885565690778],[167.58176393668163],[0.4258169398597689],-20,0.47225383165623097
6850,-0.7284890910110662,0.0,22,10000,[6873.885565690778],[167.58176393668163],[0.4258169398597689],-20,0.47225383165623097
6851,-0.9038463178084657,0.0,22,10000,[6873.885565690778],[167.58176393668163],[0.4258169398597689],-20,0.47225383165623097
6852,0.4015381186519066,0.0,22,10000,[6873.885565690778],[167.58176393668163],[0.4258169398597689],-20,0.47225383165623097
6853,-0.08676865714165531,0.0,22,10000,[6873.885565690778],[167.58176393668163],[0.4258169398597689],-20,0.47225383165623097
6854,0.22916822729239808,0.0,22,10000,[6873.885565690778],[167.58176393668163],[0.4258169398597689],-20,0.47225383165623097
6855,0.13101827630819232,0.0,22,10000,[6873.885565690778],[167.58176393668163],[0.4258169398597689],-20,0.47225383165623097
6856,0.24030279204562943,0.0,22,10000,[6873.885565690778],[167.58176393668163],[0.4258169398597689],-20,0.47225383165623097
6857,-0.0887777507257481,0.0,22,10000,[6873.885565690778],[167.58176393668163],[0.4258169398597689],-20,0.47225383165623097
6858,0.14207460449025847,0.0,22,10000,[6873.885565690778],[167.58176393668163],[0.4258169398597689],-20,0.47225383165623097
6859,0.18305625116771684,0.0,22,10000,[6873.885565690778],[167.58176393668163],[0.4258169398597689],-20,0.47225383165623097
6860,-0.22665881716388162,0.0,22,10000,[6873.885565690778],[167.58176393668163],[0.4258169398597689],-20,0.47225383165623097
6861,0.06228605616648693,0.0,22,10000,[6873.885565690778],[167.58176393668163],[0.4258169398597689],-20,0.47225383165623097
6862,0.0026491153677557578,0.0,22,10000,[6873.885565690778],[167.58176393668163],[0.4258169398597689],-20,0.47225383165623097
6863,-1.034747382889449,0.0,22,10000,[6873.885565690778],[167.58176393668163],[0.4258169398597689],-20,0.47225383165623097
6864,0.19797922830826015,0.0,22,10000,[6873.885565690778],[167.58176393668163],[0.4258169398597689],-20,0.47225383165623097
6865,0.3030163210191339,0.0,22,10000,[6873.885565690778],[167.58176393668163],[0.4258169398597689],-20,0.47225383165623097
6866,0.5842468887573349,0.0,22,10000,[6873.885565690778],[167.58176393668163],[0.4258169398597689],-20,0.47225383165623097
6867,0.3660352354070655,0.0,22,10000,[6873.885565690778],[167.58176393668163],[0.4258169398597689],-20,0.47225383165623097
6868,-0.011620321291169909,0.0,22,10000,[6873.885565690778],[167.58176393668163],[0.4258169398597689],-20,0.47225383165623097
6869,0.15324568994116228,0.0,22,10000,[6873.885565690778],[167.58176393668163],[0.4258169398597689],-20,0.47225383165623097
6870,0.24395921506151294,0.0,22,10000,[6873.885565690778],[167.58176393668163],[0.4258169398597689],-20,0.47225383165623097
6871,-0.689662460670576,0.0,22,10000,[6873.885565690778],[167.58176393668163],[0.4258169398597689],-20,0.47225383165623097
6872,0.8686009758321749,0.0,22,10000,[6873.885565690778],[167.58176393668163],[0.4258169398597689],-20,0.47225383165623097
6873,0.19673510043205664,0.0,22,10000,[6873.885565690778],[167.58176393668163],[0.4258169398597689],-20,0.47225383165623097
6874,-0.26683818287725414,0.0,22,10000,[6873.885565690778],[167.58176393668163],[0.4258169398597689],-20,0.47225383165623097
6875,-0.4204204077570703,0.0,22,10000,[6873.885565690778],[167.58176393668163],[0.4258169398597689],-20,0.47225383165623097
6876,-0.4926906386106138,0.0,22,10000,[6873.885565690778],[167.58176393668163],[0.4258169398597689],-20,0.47225383165623097
6877,0.2943443415918682,0.0,22,10000,[6873.885565690778],[167.58176393668163],[0.4258169398597689],-20,0.47225383165623097
6878,-0.2682817204977321,0.0,22,10000,[6873.885565690778],[167.58176393668163],[0.4258169398597689],-20,0.47225383165623097
6879,-0.10043942524419362,0.0,22,10000,[6873.885565690778],[167.58176393668163],[0.4258169398597689],-20,0.47225383165623097
6880,0.20923219933859136,0.0,22,10000,[6873.885565690778],[167.58176393668163],[0.4258169398597689],-20,0.47225383165623097
6881,-0.00917258485131091,0.0,22,10000,[6873.885565690778],[167.58176393668163],[0.4258169398597689],-20,0.47225383165623097
6882,-0.20441052173329363,0.0,22,10000,[6873.885565690778],[167.58176393668163],[0.4258169398597689],-20,0.47225383165623097
6883,0.1989692477996484,0.0,22,10000,[6873.885565690778],[167.58176393668163],[0.4258169398597689],-20,0.47225383165623097
6884,-0.5269113532576943,0.0,22,10000,[6873.885565690778],[167.58176393668163],[0.4258169398597689],-20,0.47225383165623097
6885,0.2642254613309653,0.0,22,10000,[6873.885565690778],[167.58176393668163],[0.4258169398597689],-20,0.47225383165623097
6886,-0.766654176813464,0.0,22,10000,[6873.885565690778],[167.58176393668163],[0.4258169398597689],-20,0.47225383165623097
6887,-0.05111883696980055,0.0,22,10000,[6873.885565690778],[167.58176393668163],[0.4258169398597689],-20,0.47225383165623097
6888,0.5016224744679937,0.0,22,10000,[6873.885565690778],[167.58176393668163],[0.4258169398597689],-20,0.47225383165623097
6889,-0.5598548967637069,0.0,22,10000,[6873.885565690778],[167.58176393668163],[0.4258169398597689],-20,0.47225383165623097
6890,-0.050195980175424856,0.0,22,10000,[6873.885565690778],[167.58176393668163],[0.4258169398597689],-20,0.47225383165623097
6891,0.2625368949795194,0.0,22,10000,[6873.885565690778],[167.58176393668163],[0.4258169398597689],-20,0.47225383165623097
6892,0.434437665509694,0.0,22,10000,[6873.885565690778],[167.58176393668163],[0.4258169398597689],-20,0.47225383165623097
6893,-0.8019427113775722,0.0,22,10000,[6873.885565690778],[167.58176393668163],[0.4258169398597689],-20,0.47225383165623097
6894,1.066978186308054,0.0,22,10000,[6873.885565690778],[167.58176393668163],[0.4258169398597689],-20,0.47225383165623097
6895,0.5748762451915177,0.0,22,10000,[6873.885565690778],[167.58176393668163],[0.4258169398597689],-20,0.47225383165623097
6896,0.4251418227230593,0.0,22,10000,[6873.885565690778],[167.58176393668163],[0.4258169398597689],-20,0.47225383165623097
6897,0.5837035067557568,0.0,22,10000,[6873.885565690778],[167.58176393668163],[0.4258169398597689],-20,0.47225383165623097
6898,0.025895808627708048,0.0,22,10000,[6873.885565690778],[167.58176393668163],[0.4258169398597689],-20,0.47225383165623097
6899,0.4162283405746608,0.0,22,10000,[6873.885565690778],[167.58176393668163],[0.4258169398597689],-20,0.47225383165623097
6900,0.214327052557074,0.0,22,10000,[6873.885565690778],[167.58176393668163],[0.4258169398597689],-20,0.47225383165623097
6901,-0.9954829201724471,0.0,22,10000,[6873.885565690778],[167.58176393668163],[0.4258169398597689],-20,0.47225383165623097
6902,-0.020730681045969788,0.0,22,10000,[6873.885565690778],[167.58176393668163],[0.4258169398597689],-20,0.47225383165623097
6903,0.49353424435473575,0.0,22,10000,[6873.885565690778],[167.58176393668163],[0.4258169398597689],-20,0.47225383165623097
6904,-0.5581421500471103,0.0,22,10000,[6873.885565690778],[167.58176393668163],[0.4258169398597689],-20,0.47225383165623097
6905,-0.10121083943760378,0.0,22,10000,[6873.885565690778],[167.58176393668163],[0.4258169398597689],-20,0.47225383165623097
6906,0.15350132492640883,0.0,22,10000,[6873.885565690778],[167.58176393668163],[0.4258169398597689],-20,0.47225383165623097
6907,0.002117359562410874,0.0,22,10000,[6873.885565690778],[167.58176393668163],[0.4258169398597689],-20,0.47225383165623097
6908,-0.20391774194421866,0.0,22,10000,[6873.885565690778],[167.58176393668163],[0.4258169398597689],-20,0.47225383165623097
6909,-0.5817224374048343,0.0,22,10000,[6873.885565690778],[167.58176393668163],[0.4258169398597689],-20,0.47225383165623097
6910,0.19068166440448803,0.0,22,10000,[6873.885565690778],[167.58176393668163],[0.4258169398597689],-20,0.47225383165623097
6911,-0.08825914133637834,0.0,22,10000,[6873.885565690778],[167.58176393668163],[0.4258169398597689],-20,0.47225383165623097
6912,0.6889710210587972,0.0,22,10000,[6873.885565690778],[167.58176393668163],[0.4258169398597689],-20,0.47225383165623097
6913,-0.1975774877959788,0.0,22,10000,[6873.885565690778],[167.58176393668163],[0.4258169398597689],-20,0.47225383165623097
6914,0.2598108595466727,0.0,22,10000,[6873.885565690778],[167.58176393668163],[0.4258169398597689],-20,0.47225383165623097
6915,-0.20330881705611123,0.0,22,10000,[6873.885565690778],[167.58176393668163],[0.4258169398597689],-20,0.47225383165623097
6916,-0.1728387472854689,0.0,22,10000,[6873.885565690778],[167.58176393668163],[0.4258169398597689],-20,0.47225383165623097
6917,0.29300311570589854,0.0,22,10000,[6873.885565690778],[167.58176393668163],[0.4258169398597689],-20,0.47225383165623097
6918,-0.5429017849761016,0.0,22,10000,[6873.885565690778],[167.58176393668163],[0.4258169398597689],-20,0.47225383165623097
6919,-0.08084598470269087,0.0,22,10000,[6873.885565690778],[167.58176393668163],[0.4258169398597689],-20,0.47225383165623097
6920,0.6101011784792582,0.0,22,10000,[6873.885565690778],[167.58176393668163],[0.4258169398597689],-20,0.47225383165623097
6921,-0.07775732174895507,0.0,22,10000,[6873.885565690778],[167.58176393668163],[0.4258169398597689],-20,0.47225383165623097
6922,-0.2983103077809544,0.0,22,10000,[6873.885565690778],[167.58176393668163],[0.4258169398597689],-20,0.47225383165623097
6923,0.6298315564477336,0.0,22,10000,[6873.885565690778],[167.58176393668163],[0.4258169398597689],-20,0.47225383165623097
6924,0.2021755023948166,0.0,22,10000,[6873.885565690778],[167.58176393668163],[0.4258169398597689],-20,0.47225383165623097
6925,-0.33372303538252235,0.0,22,10000,[6873.885565690778],[167.58176393668163],[0.4258169398597689],-20,0.47225383165623097
6926,0.5168490561484115,0.0,22,10000,[6873.885565690778],[167.58176393668163],[0.4258169398597689],-20,0.47225383165623097
6927,-0.3118044617231604,0.0,22,10000,[6873.885565690778],[167.58176393668163],[0.4258169398597689],-20,0.47225383165623097
6928,0.7717191441021959,0.0,22,10000,[6873.885565690778],[167.58176393668163],[0.4258169398597689],-20,0.47225383165623097
6929,-0.9015605276358424,0.0,22,10000,[6873.885565690778],[167.58176393668163],[0.4258169398597689],-20,0.47225383165623097
6930,-0.06185759302597,0.0,22,10000,[6873.885565690778],[167.58176393668163],[0.4258169398597689],-20,0.47225383165623097
6931,-0.4032591819246646,0.0,22,10000,[6873.885565690778],[167.58176393668163],[0.4258169398597689],-20,0.47225383165623097
6932,0.4295422685467285,0.0,22,10000,[6873.885565690778],[167.58176393668163],[0.4258169398597689],-20,0.47225383165623097
6933,-0.7691543142233178,0.0,22,10000,[6873.885565690778],[167.58176393668163],[0.4258169398597689],-20,0.47225383165623097
6934,0.5109013277664551,0.0,22,10000,[6873.885565690778],[167.58176393668163],[0.4258169398597689],-20,0.47225383165623097
6935,-0.30954458656516365,0.0,22,10000,[6873.885565690778],[167.58176393668163],[0.4258169398597689],-20,0.47225383165623097
6936,-0.06447240381819562,0.0,22,10000,[6873.885565690778],[167.58176393668163],[0.4258169398597689],-20,0.47225383165623097
6937,0.43917128784043813,0.0,22,10000,[6873.885565690778],[167.58176393668163],[0.4258169398597689],-20,0.47225383165623097
6938,-0.8210205675112651,0.0,22,10000,[6873.885565690778],[167.58176393668163],[0.4258169398597689],-20,0.47225383165623097
6939,0.9745024421121635,0.0,22,10000,[6873.885565690778],[167.58176393668163],[0.4258169398597689],-20,0.47225383165623097
6940,-0.617093327692761,0.0,22,10000,[6873.885565690778],[167.58176393668163],[0.4258169398597689],-20,0.47225383165623097
6941,0.17081913395269677,0.0,22,10000,[6873.885565690778],[167.58176393668163],[0.4258169398597689],-20,0.47225383165623097
6942,0.20613118821963247,0.0,22,10000,[6873.885565690778],[167.58176393668163],[0.4258169398597689],-20,0.47225383165623097
6943,0.46980484022249597,0.0,22,10000,[6873.885565690778],[167.58176393668163],[0.4258169398597689],-20,0.47225383165623097
6944,-0.20500265815195892,0.0,22,10000,[6873.885565690778],[167.58176393668163],[0.4258169398597689],-20,0.47225383165623097
6945,0.08091153598613395,0.0,22,10000,[6873.885565690778],[167.58176393668163],[0.4258169398597689],-20,0.47225383165623097
6946,-0.5671306313160458,0.0,22,10000,[6873.885565690778],[167.58176393668163],[0.4258169398597689],-20,0.47225383165623097
6947,-0.09901011855911447,0.0,22,10000,[6873.885565690778],[167.58176393668163],[0.4258169398597689],-20,0.47225383165623097
6948,0.4106381170119904,0.0,22,10000,[6873.885565690778],[167.58176393668163],[0.4258169398597689],-20,0.47225383165623097
6949,-0.13465815987059565,0.0,22,10000,[6873.885565690778],[167.58176393668163],[0.4258169398597689],-20,0.47225383165623097
6950,-0.22538793945955893,0.0,22,10000,[6873.885565690778],[167.58176393668163],[0.4258169398597689],-20,0.47225383165623097
6951,0.33873454910647427,0.0,22,10000,[6873.885565690778],[167.58176393668163],[0.4258169398597689],-20,0.47225383165623097
6952,0.06884928357920501,0.0,22,10000,[6873.885565690778],[167.58176393668163],[0.4258169398597689],-20,0.47225383165623097
6953,0.23460589712601532,0.0,22,10000,[6873.885565690778],[167.58176393668163],[0.4258169398597689],-20,0.47225383165623097
6954,-0.7902476585446806,0.0,22,10000,[6873.885565690778],[167.58176393668163],[0.4258169398597689],-20,0.47225383165623097
6955,-0.7223101941704458,0.0,22,10000,[6873.885565690778],[167.58176393668163],[0.4258169398597689],-20,0.47225383165623097
6956,0.3149608424292493,0.0,22,10000,[6873.885565690778],[167.58176393668163],[0.4258169398597689],-20,0.47225383165623097
6957,-0.5473396194724091,0.0,22,10000,[6873.885565690778],[167.58176393668163],[0.4258169398597689],-20,0.47225383165623097
6958,-0.35648402881009333,0.0,22,10000,[6873.885565690778],[167.58176393668163],[0.4258169398597689],-20,0.47225383165623097
6959,-0.41563560508886205,0.0,22,10000,[6873.885565690778],[167.58176393668163],[0.4258169398597689],-20,0.47225383165623097
6960,-0.19452818991209866,0.0,22,10000,[6873.885565690778],[167.58176393668163],[0.4258169398597689],-20,0.47225383165623097
6961,-0.49877400317854254,0.0,22,10000,[6873.885565690778],[167.58176393668163],[0.4258169398597689],-20,0.47225383165623097
6962,-0.18915237797609596,0.0,22,10000,[6873.885565690778],[167.58176393668163],[0.4258169398597689],-20,0.47225383165623097
6963,0.130838107622371,0.0,22,10000,[6873.885565690778],[167.58176393668163],[0.4258169398597689],-20,0.47225383165623097
6964,-0.13304078397003247,0.0,22,10000,[6873.885565690778],[167.58176393668163],[0.4258169398597689],-20,0.47225383165623097
6965,-0.14516622246705865,0.0,22,10000,[6873.885565690778],[167.58176393668163],[0.4258169398597689],-20,0.47225383165623097
6966,0.5504741087042785,0.0,22,10000,[6873.885565690778],[167.58176393668163],[0.4258169398597689],-20,0.47225383165623097
6967,0.11557523117852041,0.0,22,10000,[6873.885565690778],[167.58176393668163],[0.4258169398597689],-20,0.47225383165623097
6968,-0.7552146898789895,0.0,22,10000,[6873.885565690778],[167.58176393668163],[0.4258169398597689],-20,0.47225383165623097
6969,-0.35997365152765837,0.0,22,10000,[6873.885565690778],[167.58176393668163],[0.4258169398597689],-20,0.47225383165623097
6970,-0.5234319742246598,0.0,22,10000,[6873.885565690778],[167.58176393668163],[0.4258169398597689],-20,0.47225383165623097
6971,-0.22962738583197437,0.0,22,10000,[6873.885565690778],[167.58176393668163],[0.4258169398597689],-20,0.47225383165623097
6972,-0.04530933459700467,0.0,22,10000,[6873.885565690778],[167.58176393668163],[0.4258169398597689],-20,0.47225383165623097
6973,-0.48379140555959793,0.0,22,10000,[6873.885565690778],[167.58176393668163],[0.4258169398597689],-20,0.47225383165623097
6974,0.5848385622147346,0.0,22,10000,[6873.885565690778],[167.58176393668163],[0.4258169398597689],-20,0.47225383165623097
6975,0.20599273826062206,0.0,22,10000,[6873.885565690778],[167.58176393668163],[0.4258169398597689],-20,0.47225383165623097
6976,0.176811853277315,0.0,22,10000,[6873.885565690778],[167.58176393668163],[0.4258169398597689],-20,0.47225383165623097
6977,-0.6434396870698663,0.0,22,10000,[6873.885565690778],[167.58176393668163],[0.4258169398597689],-20,0.47225383165623097
6978,0.2057608624790886,0.0,22,10000,[6873.885565690778],[167.58176393668163],[0.4258169398597689],-20,0.47225383165623097
6979,-0.019190244891074557,0.0,22,10000,[6873.885565690778],[167.58176393668163],[0.4258169398597689],-20,0.47225383165623097
6980,-0.42950860218643533,0.0,22,10000,[6873.885565690778],[167.58176393668163],[0.4258169398597689],-20,0.47225383165623097
6981,-0.3529017798079958,0.0,22,10000,[6873.885565690778],[167.58176393668163],[0.4258169398597689],-20,0.47225383165623097
6982,-0.3977630835731996,0.0,22,10000,[6873.885565690778],[167.58176393668163],[0.4258169398597689],-20,0.47225383165623097
6983,0.2954332773363117,0.0,22,10000,[6873.885565690778],[167.58176393668163],[0.4258169398597689],-20,0.47225383165623097
6984,0.44144642986120997,0.0,22,10000,[6873.885565690778],[167.58176393668163],[0.4258169398597689],-20,0.47225383165623097
6985,0.05392317845570334,0.0,22,10000,[6873.885565690778],[167.58176393668163],[0.4258169398597689],-20,0.47225383165623097
6986,0.42164673941071623,0.0,22,10000,[6873.885565690778],[167.58176393668163],[0.4258169398597689],-20,0.47225383165623097
6987,0.5247066728989664,0.0,22,10000,[6873.885565690778],[167.58176393668163],[0.4258169398597689],-20,0.47225383165623097
6988,-0.6180359139020922,0.0,22,10000,[6873.885565690778],[167.58176393668163],[0.4258169398597689],-20,0.47225383165623097
6989,0.044582057500385894,0.0,22,10000,[6873.885565690778],[167.58176393668163],[0.4258169398597689],-20,0.47225383165623097
6990,-0.5176546046159489,0.0,22,10000,[6873.885565690778],[167.58176393668163],[0.4258169398597689],-20,0.47225383165623097
6991,0.38190325223839605,0.0,22,10000,[6873.885565690778],[167.58176393668163],[0.4258169398597689],-20,0.47225383165623097
6992,0.7106552478335324,0.0,22,10000,[6873.885565690778],[167.58176393668163],[0.4258169398597689],-20,0.47225383165623097
6993,0.7483132300802458,0.0,22,10000,[6873.885565690778],[167.58176393668163],[0.4258169398597689],-20,0.47225383165623097
6994,0.8859265410812116,0.0,22,10000,[6873.885565690778],[167.58176393668163],[0.4258169398597689],-20,0.47225383165623097
6995,-0.3764486659096869,0.0,22,10000,[6873.885565690778],[167.58176393668163],[0.4258169398597689],-20,0.47225383165623097
6996,-0.013240715542686675,0.0,22,10000,[6873.885565690778],[167.58176393668163],[0.4258169398597689],-20,0.47225383165623097
6997,-0.3669382932847587,0.0,22,10000,[6873.885565690778],[167.58176393668163],[0.4258169398597689],-20,0.47225383165623097
6998,0.39851816664576634,0.0,22,10000,[6873.885565690778],[167.58176393668163],[0.4258169398597689],-20,0.47225383165623097
6999,-0.3097492250636575,0.0,22,10000,[6873.885565690778],[167.58176393668163],[0.4258169398597689],-20,0.47225383165623097
7000,-0.25436474865880876,0.0,22,10000,[6873.885565690778],[167.58176393668163],[0.4258169398597689],-20,0.47225383165623097
7001,-0.7405970927899344,0.0,22,10000,[6873.885565690778],[167.58176393668163],[0.4258169398597689],-20,0.47225383165623097
7002,-0.11566464137970031,0.0,22,10000,[6873.885565690778],[167.58176393668163],[0.4258169398597689],-20,0.47225383165623097
7003,0.32292529074002346,0.0,22,10000,[6873.885565690778],[167.58176393668163],[0.4258169398597689],-20,0.47225383165623097
7004,-1.1609197312001465,0.0,22,10000,[6873.885565690778],[167.58176393668163],[0.4258169398597689],-20,0.47225383165623097
7005,-0.17428728879364414,0.0,22,10000,[6873.885565690778],[167.58176393668163],[0.4258169398597689],-20,0.47225383165623097
7006,-0.32203833747378485,0.0,22,10000,[6873.885565690778],[167.58176393668163],[0.4258169398597689],-20,0.47225383165623097
7007,0.11202827319947385,0.0,22,10000,[6873.885565690778],[167.58176393668163],[0.4258169398597689],-20,0.47225383165623097
7008,0.18638799228311786,0.0,22,10000,[6873.885565690778],[167.58176393668163],[0.4258169398597689],-20,0.47225383165623097
7009,0.2600226869502205,0.0,22,10000,[6873.885565690778],[167.58176393668163],[0.4258169398597689],-20,0.47225383165623097
7010,-0.6687543745679546,0.0,22,10000,[6873.885565690778],[167.58176393668163],[0.4258169398597689],-20,0.47225383165623097
7011,-0.23297487876502013,0.0,22,10000,[6873.885565690778],[167.58176393668163],[0.4258169398597689],-20,0.47225383165623097
7012,-0.9566182997007262,0.0,22,10000,[6873.885565690778],[167.58176393668163],[0.4258169398597689],-20,0.47225383165623097
7013,-0.07389119677969497,0.0,22,10000,[6873.885565690778],[167.58176393668163],[0.4258169398597689],-20,0.47225383165623097
7014,-0.5498574548411347,0.0,22,10000,[6873.885565690778],[167.58176393668163],[0.4258169398597689],-20,0.47225383165623097
7015,0.2523483378889067,0.0,22,10000,[6873.885565690778],[167.58176393668163],[0.4258169398597689],-20,0.47225383165623097
7016,1.2209902547070242,0.0,22,10000,[6873.885565690778],[167.58176393668163],[0.4258169398597689],-20,0.47225383165623097
7017,0.32810377858099005,0.0,22,10000,[6873.885565690778],[167.58176393668163],[0.4258169398597689],-20,0.47225383165623097
7018,-0.2505668936474678,0.0,22,10000,[6873.885565690778],[167.58176393668163],[0.4258169398597689],-20,0.47225383165623097
7019,-0.2615759008939344,0.0,22,10000,[6873.885565690778],[167.58176393668163],[0.4258169398597689],-20,0.47225383165623097
7020,0.8762951267728261,0.0,22,10000,[6873.885565690778],[167.58176393668163],[0.4258169398597689],-20,0.47225383165623097
7021,0.5916520740085779,0.0,22,10000,[6873.885565690778],[167.58176393668163],[0.4258169398597689],-20,0.47225383165623097
7022,-0.4814692064768852,0.0,22,10000,[6873.885565690778],[167.58176393668163],[0.4258169398597689],-20,0.47225383165623097
7023,-1.0014828563540195,0.0,22,10000,[6873.885565690778],[167.58176393668163],[0.4258169398597689],-20,0.47225383165623097
7024,-0.9450423355142208,0.0,22,10000,[6873.885565690778],[167.58176393668163],[0.4258169398597689],-20,0.47225383165623097
7025,-0.5905834462493668,0.0,22,10000,[6873.885565690778],[167.58176393668163],[0.4258169398597689],-20,0.47225383165623097
7026,0.3798622984695178,0.0,22,10000,[6873.885565690778],[167.58176393668163],[0.4258169398597689],-20,0.47225383165623097
7027,-0.5495096166167848,0.0,22,10000,[6873.885565690778],[167.58176393668163],[0.4258169398597689],-20,0.47225383165623097
7028,0.48466918900000766,0.0,22,10000,[6873.885565690778],[167.58176393668163],[0.4258169398597689],-20,0.47225383165623097
7029,-0.23095029680289314,0.0,22,10000,[6873.885565690778],[167.58176393668163],[0.4258169398597689],-20,0.47225383165623097
7030,-0.5181151764884956,0.0,22,10000,[6873.885565690778],[167.58176393668163],[0.4258169398597689],-20,0.47225383165623097
7031,0.2541941280436102,0.0,22,10000,[6873.885565690778],[167.58176393668163],[0.4258169398597689],-20,0.47225383165623097
7032,0.02183765719929301,0.0,22,10000,[6873.885565690778],[167.58176393668163],[0.4258169398597689],-20,0.47225383165623097
7033,-0.09182641046856965,0.0,22,10000,[6873.885565690778],[167.58176393668163],[0.4258169398597689],-20,0.47225383165623097
7034,-0.760822691952735,0.0,22,10000,[6873.885565690778],[167.58176393668163],[0.4258169398597689],-20,0.47225383165623097
7035,0.19311222834781183,0.0,22,10000,[6873.885565690778],[167.58176393668163],[0.4258169398597689],-20,0.47225383165623097
7036,-0.450243269911181,0.0,22,10000,[6873.885565690778],[167.58176393668163],[0.4258169398597689],-20,0.47225383165623097
7037,-0.6313943828680855,0.0,22,10000,[6873.885565690778],[167.58176393668163],[0.4258169398597689],-20,0.47225383165623097
7038,0.20274343593450525,0.0,22,10000,[6873.885565690778],[167.58176393668163],[0.4258169398597689],-20,0.47225383165623097
7039,0.7244135113471207,0.0,22,10000,[6873.885565690778],[167.58176393668163],[0.4258169398597689],-20,0.47225383165623097
7040,0.23461370661066688,0.0,22,10000,[6873.885565690778],[167.58176393668163],[0.4258169398597689],-20,0.47225383165623097
7041,0.16632933306009215,0.0,22,10000,[6873.885565690778],[167.58176393668163],[0.4258169398597689],-20,0.47225383165623097
7042,0.7074789152355445,0.0,22,10000,[6873.885565690778],[167.58176393668163],[0.4258169398597689],-20,0.47225383165623097
7043,-0.40774257372688905,0.0,22,10000,[6873.885565690778],[167.58176393668163],[0.4258169398597689],-20,0.47225383165623097
7044,-0.05927536494586329,0.0,22,10000,[6873.885565690778],[167.58176393668163],[0.4258169398597689],-20,0.47225383165623097
7045,0.6925217547225286,0.0,22,10000,[6873.885565690778],[167.58176393668163],[0.4258169398597689],-20,0.47225383165623097
7046,-0.5286040669362632,0.0,22,10000,[6873.885565690778],[167.58176393668163],[0.4258169398597689],-20,0.47225383165623097
7047,0.02523743632917172,0.0,22,10000,[6873.885565690778],[167.58176393668163],[0.4258169398597689],-20,0.47225383165623097
7048,0.14903747152772306,0.0,22,10000,[6873.885565690778],[167.58176393668163],[0.4258169398597689],-20,0.47225383165623097
7049,-0.1204237167176624,0.0,22,10000,[6873.885565690778],[167.58176393668163],[0.4258169398597689],-20,0.47225383165623097
7050,-0.3878076683469189,0.0,22,10000,[6873.885565690778],[167.58176393668163],[0.4258169398597689],-20,0.47225383165623097
7051,-0.2711787254430025,0.0,22,10000,[6873.885565690778],[167.58176393668163],[0.4258169398597689],-20,0.47225383165623097
7052,-1.0251016037331706,0.0,22,10000,[6873.885565690778],[167.58176393668163],[0.4258169398597689],-20,0.47225383165623097
7053,0.02004831062210132,0.0,22,10000,[6873.885565690778],[167.58176393668163],[0.4258169398597689],-20,0.47225383165623097
7054,-0.944415327282948,0.0,22,10000,[6873.885565690778],[167.58176393668163],[0.4258169398597689],-20,0.47225383165623097
7055,0.39074018544192984,0.0,22,10000,[6873.885565690778],[167.58176393668163],[0.4258169398597689],-20,0.47225383165623097
7056,0.4425074426051799,0.0,22,10000,[6873.885565690778],[167.58176393668163],[0.4258169398597689],-20,0.47225383165623097
7057,-0.3958481547386849,0.0,22,10000,[6873.885565690778],[167.58176393668163],[0.4258169398597689],-20,0.47225383165623097
7058,0.4583388397750457,0.0,22,10000,[6873.885565690778],[167.58176393668163],[0.4258169398597689],-20,0.47225383165623097
7059,0.563683224936022,0.0,22,10000,[6873.885565690778],[167.58176393668163],[0.4258169398597689],-20,0.47225383165623097
7060,-0.9004605086650286,0.0,22,10000,[6873.885565690778],[167.58176393668163],[0.4258169398597689],-20,0.47225383165623097
7061,0.21668653917479824,0.0,22,10000,[6873.885565690778],[167.58176393668163],[0.4258169398597689],-20,0.47225383165623097
7062,0.421777220452326,0.0,22,10000,[6873.885565690778],[167.58176393668163],[0.4258169398597689],-20,0.47225383165623097
7063,0.4665414729060575,0.0,22,10000,[6873.885565690778],[167.58176393668163],[0.4258169398597689],-20,0.47225383165623097
7064,0.21108440328339453,0.0,22,10000,[6873.885565690778],[167.58176393668163],[0.4258169398597689],-20,0.47225383165623097
7065,-0.4408326422547754,0.0,22,10000,[6873.885565690778],[167.58176393668163],[0.4258169398597689],-20,0.47225383165623097
7066,0.10536629718623954,0.0,22,10000,[6873.885565690778],[167.58176393668163],[0.4258169398597689],-20,0.47225383165623097
7067,0.4233935285758386,0.0,22,10000,[6873.885565690778],[167.58176393668163],[0.4258169398597689],-20,0.47225383165623097
7068,0.1266025488803823,0.0,22,10000,[6873.885565690778],[167.58176393668163],[0.4258169398597689],-20,0.47225383165623097
7069,-0.3240649897997382,0.0,22,10000,[6873.885565690778],[167.58176393668163],[0.4258169398597689],-20,0.47225383165623097
7070,-0.1912961999586529,0.0,22,10000,[6873.885565690778],[167.58176393668163],[0.4258169398597689],-20,0.47225383165623097
7071,0.4856156706709757,0.0,22,10000,[6873.885565690778],[167.58176393668163],[0.4258169398597689],-20,0.47225383165623097
7072,-0.3654715236572356,0.0,22,10000,[6873.885565690778],[167.58176393668163],[0.4258169398597689],-20,0.47225383165623097
7073,-0.32550102173213874,0.0,22,10000,[6873.885565690778],[167.58176393668163],[0.4258169398597689],-20,0.47225383165623097
7074,0.1282495008069637,0.0,22,10000,[6873.885565690778],[167.58176393668163],[0.4258169398597689],-20,0.47225383165623097
7075,0.8706776233154274,0.0,22,10000,[6873.885565690778],[167.58176393668163],[0.4258169398597689],-20,0.47225383165623097
7076,-0.6559009610520057,0.0,22,10000,[6873.885565690778],[167.58176393668163],[0.4258169398597689],-20,0.47225383165623097
7077,-0.6286592353230579,0.0,22,10000,[6873.885565690778],[167.58176393668163],[0.4258169398597689],-20,0.47225383165623097
7078,0.09378966661645727,0.0,22,10000,[6873.885565690778],[167.58176393668163],[0.4258169398597689],-20,0.47225383165623097
7079,0.4340909061116215,0.0,22,10000,[6873.885565690778],[167.58176393668163],[0.4258169398597689],-20,0.47225383165623097
7080,0.22011306423735486,0.0,22,10000,[6873.885565690778],[167.58176393668163],[0.4258169398597689],-20,0.47225383165623097
7081,-0.7939326918459656,0.0,22,10000,[6873.885565690778],[167.58176393668163],[0.4258169398597689],-20,0.47225383165623097
7082,0.6475700108358297,0.0,22,10000,[6873.885565690778],[167.58176393668163],[0.4258169398597689],-20,0.47225383165623097
7083,-0.473372473199793,0.0,22,10000,[6873.885565690778],[167.58176393668163],[0.4258169398597689],-20,0.47225383165623097
7084,0.5377638692878641,0.0,22,10000,[6873.885565690778],[167.58176393668163],[0.4258169398597689],-20,0.47225383165623097
7085,0.18258610659013,0.0,22,10000,[6873.885565690778],[167.58176393668163],[0.4258169398597689],-20,0.47225383165623097
7086,-0.44191537755883903,0.0,22,10000,[6873.885565690778],[167.58176393668163],[0.4258169398597689],-20,0.47225383165623097
7087,-0.5506285415442354,0.0,22,10000,[6873.885565690778],[167.58176393668163],[0.4258169398597689],-20,0.47225383165623097
7088,-0.5717480056236218,0.0,22,10000,[6873.885565690778],[167.58176393668163],[0.4258169398597689],-20,0.47225383165623097
7089,0.8406773145946441,0.0,22,10000,[6873.885565690778],[167.58176393668163],[0.4258169398597689],-20,0.47225383165623097
7090,-0.557257180577251,0.0,22,10000,[6873.885565690778],[167.58176393668163],[0.4258169398597689],-20,0.47225383165623097
7091,0.11743491082740035,0.0,22,10000,[6873.885565690778],[167.58176393668163],[0.4258169398597689],-20,0.47225383165623097
7092,0.46773974022533715,0.0,22,10000,[6873.885565690778],[167.58176393668163],[0.4258169398597689],-20,0.47225383165623097
7093,0.25746070823206596,0.0,22,10000,[6873.885565690778],[167.58176393668163],[0.4258169398597689],-20,0.47225383165623097
7094,-0.293585052933065,0.0,22,10000,[6873.885565690778],[167.58176393668163],[0.4258169398597689],-20,0.47225383165623097
7095,-0.7562848521694213,0.0,22,10000,[6873.885565690778],[167.58176393668163],[0.4258169398597689],-20,0.47225383165623097
7096,0.3399209014908679,0.0,22,10000,[6873.885565690778],[167.58176393668163],[0.4258169398597689],-20,0.47225383165623097
7097,-0.2942128903939862,0.0,22,10000,[6873.885565690778],[167.58176393668163],[0.4258169398597689],-20,0.47225383165623097
7098,-0.1884379751854891,0.0,22,10000,[6873.885565690778],[167.58176393668163],[0.4258169398597689],-20,0.47225383165623097
7099,0.514496406909775,0.0,22,10000,[6873.885565690778],[167.58176393668163],[0.4258169398597689],-20,0.47225383165623097
7100,0.3517863836793222,0.0,22,10000,[6873.885565690778],[167.58176393668163],[0.4258169398597689],-20,0.47225383165623097
7101,0.4218378933786309,0.0,22,10000,[6873.885565690778],[167.58176393668163],[0.4258169398597689],-20,0.47225383165623097
7102,1.1352351284885458,0.0,22,10000,[6873.885565690778],[167.58176393668163],[0.4258169398597689],-20,0.47225383165623097
7103,0.052678607217795034,0.0,22,10000,[6873.885565690778],[167.58176393668163],[0.4258169398597689],-20,0.47225383165623097
7104,-0.2645947956339707,0.0,22,10000,[6873.885565690778],[167.58176393668163],[0.4258169398597689],-20,0.47225383165623097
7105,0.6356342624537578,0.0,22,10000,[6873.885565690778],[167.58176393668163],[0.4258169398597689],-20,0.47225383165623097
7106,0.011815056319176231,0.0,22,10000,[6873.885565690778],[167.58176393668163],[0.4258169398597689],-20,0.47225383165623097
7107,0.6215412429547656,0.0,22,10000,[6873.885565690778],[167.58176393668163],[0.4258169398597689],-20,0.47225383165623097
7108,-0.532189537668228,0.0,22,10000,[6873.885565690778],[167.58176393668163],[0.4258169398597689],-20,0.47225383165623097
7109,-0.07809266222181113,0.0,22,10000,[6873.885565690778],[167.58176393668163],[0.4258169398597689],-20,0.47225383165623097
7110,-0.018394424690414107,0.0,22,10000,[6873.885565690778],[167.58176393668163],[0.4258169398597689],-20,0.47225383165623097
7111,-0.30835095162063464,0.0,22,10000,[6873.885565690778],[167.58176393668163],[0.4258169398597689],-20,0.47225383165623097
7112,0.022905265901660594,0.0,22,10000,[6873.885565690778],[167.58176393668163],[0.4258169398597689],-20,0.47225383165623097
7113,-0.4985884976662532,0.0,22,10000,[6873.885565690778],[167.58176393668163],[0.4258169398597689],-20,0.47225383165623097
7114,-0.3764932561523413,0.0,22,10000,[6873.885565690778],[167.58176393668163],[0.4258169398597689],-20,0.47225383165623097
7115,-1.9395255970285783,0.0,22,10000,[6873.885565690778],[167.58176393668163],[0.4258169398597689],-20,0.47225383165623097
7116,-0.12870100874848048,0.0,22,10000,[6873.885565690778],[167.58176393668163],[0.4258169398597689],-20,0.47225383165623097
7117,0.156380298765496,0.0,22,10000,[6873.885565690778],[167.58176393668163],[0.4258169398597689],-20,0.47225383165623097
7118,0.6281322569394184,0.0,22,10000,[6873.885565690778],[167.58176393668163],[0.4258169398597689],-20,0.47225383165623097
7119,0.08681507620165756,0.0,22,10000,[6873.885565690778],[167.58176393668163],[0.4258169398597689],-20,0.47225383165623097
7120,0.38722961317523713,0.0,22,10000,[6873.885565690778],[167.58176393668163],[0.4258169398597689],-20,0.47225383165623097
7121,-0.7136045459122983,0.0,22,10000,[6873.885565690778],[167.58176393668163],[0.4258169398597689],-20,0.47225383165623097
7122,-1.1746539148927573,0.0,22,10000,[6873.885565690778],[167.58176393668163],[0.4258169398597689],-20,0.47225383165623097
7123,-0.15759631519903783,0.0,22,10000,[6873.885565690778],[167.58176393668163],[0.4258169398597689],-20,0.47225383165623097
7124,0.576366243710895,0.0,22,10000,[6873.885565690778],[167.58176393668163],[0.4258169398597689],-20,0.47225383165623097
7125,-0.2434114140124328,0.0,22,10000,[6873.885565690778],[167.58176393668163],[0.4258169398597689],-20,0.47225383165623097
7126,-0.8785181404548772,0.0,22,10000,[6873.885565690778],[167.58176393668163],[0.4258169398597689],-20,0.47225383165623097
7127,-0.19736095080332192,0.0,22,10000,[6873.885565690778],[167.58176393668163],[0.4258169398597689],-20,0.47225383165623097
7128,-0.24009053774595468,0.0,22,10000,[6873.885565690778],[167.58176393668163],[0.4258169398597689],-20,0.47225383165623097
7129,0.20817985465302802,0.0,22,10000,[6873.885565690778],[167.58176393668163],[0.4258169398597689],-20,0.47225383165623097
7130,0.05607769822378677,0.0,22,10000,[6873.885565690778],[167.58176393668163],[0.4258169398597689],-20,0.47225383165623097
7131,-0.3060749204787749,0.0,22,10000,[6873.885565690778],[167.58176393668163],[0.4258169398597689],-20,0.47225383165623097
7132,0.24837254833306857,0.0,22,10000,[6873.885565690778],[167.58176393668163],[0.4258169398597689],-20,0.47225383165623097
7133,0.37355400629287816,0.0,22,10000,[6873.885565690778],[167.58176393668163],[0.4258169398597689],-20,0.47225383165623097
7134,0.46348193294266576,0.0,22,10000,[6873.885565690778],[167.58176393668163],[0.4258169398597689],-20,0.47225383165623097
7135,0.5110031395918644,0.0,22,10000,[6873.885565690778],[167.58176393668163],[0.4258169398597689],-20,0.47225383165623097
7136,0.28052449539987384,0.0,22,10000,[6873.885565690778],[167.58176393668163],[0.4258169398597689],-20,0.47225383165623097
7137,-0.006498655088082491,0.0,22,10000,[6873.885565690778],[167.58176393668163],[0.4258169398597689],-20,0.47225383165623097
7138,0.3169967709923215,0.0,22,10000,[6873.885565690778],[167.58176393668163],[0.4258169398597689],-20,0.47225383165623097
7139,-0.6245309738200769,0.0,22,10000,[6873.885565690778],[167.58176393668163],[0.4258169398597689],-20,0.47225383165623097
7140,0.27671231933405177,0.0,22,10000,[6873.885565690778],[167.58176393668163],[0.4258169398597689],-20,0.47225383165623097
7141,-0.47658231513781235,0.0,22,10000,[6873.885565690778],[167.58176393668163],[0.4258169398597689],-20,0.47225383165623097
7142,-0.2358154731947737,0.0,22,10000,[6873.885565690778],[167.58176393668163],[0.4258169398597689],-20,0.47225383165623097
7143,0.14738594505147465,0.0,22,10000,[6873.885565690778],[167.58176393668163],[0.4258169398597689],-20,0.47225383165623097
7144,0.4907868398412245,0.0,22,10000,[6873.885565690778],[167.58176393668163],[0.4258169398597689],-20,0.47225383165623097
7145,-0.9050066404318107,0.0,22,10000,[6873.885565690778],[167.58176393668163],[0.4258169398597689],-20,0.47225383165623097
7146,0.4350398950507188,0.0,22,10000,[6873.885565690778],[167.58176393668163],[0.4258169398597689],-20,0.47225383165623097
7147,-1.070447708099067,0.0,22,10000,[6873.885565690778],[167.58176393668163],[0.4258169398597689],-20,0.47225383165623097
7148,-0.6329830757875698,0.0,22,10000,[6873.885565690778],[167.58176393668163],[0.4258169398597689],-20,0.47225383165623097
7149,-0.3043947290621512,0.0,22,10000,[6873.885565690778],[167.58176393668163],[0.4258169398597689],-20,0.47225383165623097
7150,0.011754547506839234,0.0,22,10000,[6873.885565690778],[167.58176393668163],[0.4258169398597689],-20,0.47225383165623097
7151,-0.46086513100483234,0.0,22,10000,[6873.885565690778],[167.58176393668163],[0.4258169398597689],-20,0.47225383165623097
7152,-0.7056179199177613,0.0,22,10000,[6873.885565690778],[167.58176393668163],[0.4258169398597689],-20,0.47225383165623097
7153,1.0432601639375385,0.0,22,10000,[6873.885565690778],[167.58176393668163],[0.4258169398597689],-20,0.47225383165623097
7154,-0.200804509939936,0.0,22,10000,[6873.885565690778],[167.58176393668163],[0.4258169398597689],-20,0.47225383165623097
7155,0.8410052420789006,0.0,22,10000,[6873.885565690778],[167.58176393668163],[0.4258169398597689],-20,0.47225383165623097
7156,-0.1216711852265697,0.0,22,10000,[6873.885565690778],[167.58176393668163],[0.4258169398597689],-20,0.47225383165623097
7157,-0.748185195946644,0.0,22,10000,[6873.885565690778],[167.58176393668163],[0.4258169398597689],-20,0.47225383165623097
7158,0.2646940367133343,0.0,22,10000,[6873.885565690778],[167.58176393668163],[0.4258169398597689],-20,0.47225383165623097
7159,-0.2860156145318606,0.0,22,10000,[6873.885565690778],[167.58176393668163],[0.4258169398597689],-20,0.47225383165623097
7160,0.6476485330354862,0.0,22,10000,[6873.885565690778],[167.58176393668163],[0.4258169398597689],-20,0.47225383165623097
7161,0.48284094297151237,0.0,22,10000,[6873.885565690778],[167.58176393668163],[0.4258169398597689],-20,0.47225383165623097
7162,-0.2914200689032806,0.0,22,10000,[6873.885565690778],[167.58176393668163],[0.4258169398597689],-20,0.47225383165623097
7163,0.47777248565879044,0.0,22,10000,[6873.885565690778],[167.58176393668163],[0.4258169398597689],-20,0.47225383165623097
7164,0.18678297995804624,0.0,22,10000,[6873.885565690778],[167.58176393668163],[0.4258169398597689],-20,0.47225383165623097
7165,-0.8039989830234903,0.0,22,10000,[6873.885565690778],[167.58176393668163],[0.4258169398597689],-20,0.47225383165623097
7166,0.3781573273770095,0.0,22,10000,[6873.885565690778],[167.58176393668163],[0.4258169398597689],-20,0.47225383165623097
7167,-0.2896520833085566,0.0,22,10000,[6873.885565690778],[167.58176393668163],[0.4258169398597689],-20,0.47225383165623097
7168,-0.4527738537819112,0.0,22,10000,[6873.885565690778],[167.58176393668163],[0.4258169398597689],-20,0.47225383165623097
7169,0.31514517930075325,0.0,22,10000,[6873.885565690778],[167.58176393668163],[0.4258169398597689],-20,0.47225383165623097
7170,-0.8799712775305857,0.0,22,10000,[6873.885565690778],[167.58176393668163],[0.4258169398597689],-20,0.47225383165623097
7171,-0.7228596460734004,0.0,22,10000,[6873.885565690778],[167.58176393668163],[0.4258169398597689],-20,0.47225383165623097
7172,0.1311145444723528,0.0,22,10000,[6873.885565690778],[167.58176393668163],[0.4258169398597689],-20,0.47225383165623097
7173,-0.23623553850629958,0.0,22,10000,[6873.885565690778],[167.58176393668163],[0.4258169398597689],-20,0.47225383165623097
7174,-0.21614330493752634,0.0,22,10000,[6873.885565690778],[167.58176393668163],[0.4258169398597689],-20,0.47225383165623097
7175,-0.29358675486033226,0.0,22,10000,[6873.885565690778],[167.58176393668163],[0.4258169398597689],-20,0.47225383165623097
7176,0.4748690721732154,0.0,22,10000,[6873.885565690778],[167.58176393668163],[0.4258169398597689],-20,0.47225383165623097
7177,0.18743056764394336,0.0,22,10000,[6873.885565690778],[167.58176393668163],[0.4258169398597689],-20,0.47225383165623097
7178,0.47310802998330936,0.0,22,10000,[6873.885565690778],[167.58176393668163],[0.4258169398597689],-20,0.47225383165623097
7179,-0.42745807940247477,0.0,22,10000,[6873.885565690778],[167.58176393668163],[0.4258169398597689],-20,0.47225383165623097
7180,-1.0251714810897274,0.0,22,10000,[6873.885565690778],[167.58176393668163],[0.4258169398597689],-20,0.47225383165623097
7181,0.42173742098794686,0.0,22,10000,[6873.885565690778],[167.58176393668163],[0.4258169398597689],-20,0.47225383165623097
7182,0.40394265987045536,0.0,22,10000,[6873.885565690778],[167.58176393668163],[0.4258169398597689],-20,0.47225383165623097
7183,0.1850824684551298,0.0,22,10000,[6873.885565690778],[167.58176393668163],[0.4258169398597689],-20,0.47225383165623097
7184,0.5955197050099653,0.0,22,10000,[6873.885565690778],[167.58176393668163],[0.4258169398597689],-20,0.47225383165623097
7185,0.5872476262058577,0.0,22,10000,[6873.885565690778],[167.58176393668163],[0.4258169398597689],-20,0.47225383165623097
7186,0.8824968442014353,0.0,22,10000,[6873.885565690778],[167.58176393668163],[0.4258169398597689],-20,0.47225383165623097
7187,0.3129911105363772,0.0,22,10000,[6873.885565690778],[167.58176393668163],[0.4258169398597689],-20,0.47225383165623097
7188,0.1438328435171671,0.0,22,10000,[6873.885565690778],[167.58176393668163],[0.4258169398597689],-20,0.47225383165623097
7189,0.6596181249900596,0.0,22,10000,[6873.885565690778],[167.58176393668163],[0.4258169398597689],-20,0.47225383165623097
7190,0.4068440731318165,0.0,22,10000,[6873.885565690778],[167.58176393668163],[0.4258169398597689],-20,0.47225383165623097
7191,-0.8131176663940507,0.0,22,10000,[6873.885565690778],[167.58176393668163],[0.4258169398597689],-20,0.47225383165623097
7192,-0.3280168063446592,0.0,22,10000,[6873.885565690778],[167.58176393668163],[0.4258169398597689],-20,0.47225383165623097
7193,0.03626682167195602,0.0,22,10000,[6873.885565690778],[167.58176393668163],[0.4258169398597689],-20,0.47225383165623097
7194,-0.053302918058877685,0.0,22,10000,[6873.885565690778],[167.58176393668163],[0.4258169398597689],-20,0.47225383165623097
7195,0.6315631331326725,0.0,22,10000,[6873.885565690778],[167.58176393668163],[0.4258169398597689],-20,0.47225383165623097
7196,-0.013713449164785096,0.0,22,10000,[6873.885565690778],[167.58176393668163],[0.4258169398597689],-20,0.47225383165623097
7197,-0.05109956618419764,0.0,22,10000,[6873.885565690778],[167.58176393668163],[0.4258169398597689],-20,0.47225383165623097
7198,0.5705545406952844,0.0,22,10000,[6873.885565690778],[167.58176393668163],[0.4258169398597689],-20,0.47225383165623097
7199,0.7888159664392497,0.0,22,10000,[6873.885565690778],[167.58176393668163],[0.4258169398597689],-20,0.47225383165623097
7200,-0.6996634044492958,0.0,22,10000,[6873.885565690778],[167.58176393668163],[0.4258169398597689],-20,0.47225383165623097
7201,-0.8756794835895199,0.0,22,10000,[6873.885565690778],[167.58176393668163],[0.4258169398597689],-20,0.47225383165623097
7202,0.511412698739116,0.0,22,10000,[6873.885565690778],[167.58176393668163],[0.4258169398597689],-20,0.47225383165623097
7203,-0.6399556086741183,0.0,22,10000,[6873.885565690778],[167.58176393668163],[0.4258169398597689],-20,0.47225383165623097
7204,0.560715316307874,0.0,22,10000,[6873.885565690778],[167.58176393668163],[0.4258169398597689],-20,0.47225383165623097
7205,0.2901212383348924,0.0,22,10000,[6873.885565690778],[167.58176393668163],[0.4258169398597689],-20,0.47225383165623097
7206,0.47233057304183773,0.0,22,10000,[6873.885565690778],[167.58176393668163],[0.4258169398597689],-20,0.47225383165623097
7207,0.3605737159959395,0.0,22,10000,[6873.885565690778],[167.58176393668163],[0.4258169398597689],-20,0.47225383165623097
7208,-0.6402063972540429,0.0,22,10000,[6873.885565690778],[167.58176393668163],[0.4258169398597689],-20,0.47225383165623097
7209,-0.6160764504689057,0.0,22,10000,[6873.885565690778],[167.58176393668163],[0.4258169398597689],-20,0.47225383165623097
7210,0.04504314936075989,0.0,22,10000,[6873.885565690778],[167.58176393668163],[0.4258169398597689],-20,0.47225383165623097
7211,0.08035638095790006,0.0,22,10000,[6873.885565690778],[167.58176393668163],[0.4258169398597689],-20,0.47225383165623097
7212,-0.04324640500019099,0.0,22,10000,[6873.885565690778],[167.58176393668163],[0.4258169398597689],-20,0.47225383165623097
7213,-1.3426191770500417,0.0,22,10000,[6873.885565690778],[167.58176393668163],[0.4258169398597689],-20,0.47225383165623097
7214,-0.3031854867230714,0.0,22,10000,[6873.885565690778],[167.58176393668163],[0.4258169398597689],-20,0.47225383165623097
7215,0.23138632481866744,0.0,22,10000,[6873.885565690778],[167.58176393668163],[0.4258169398597689],-20,0.47225383165623097
7216,0.09430282519765161,0.0,22,10000,[6873.885565690778],[167.58176393668163],[0.4258169398597689],-20,0.47225383165623097
7217,-0.09909595828891324,0.0,22,10000,[6873.885565690778],[167.58176393668163],[0.4258169398597689],-20,0.47225383165623097
7218,-0.3027198521177407,0.0,22,10000,[6873.885565690778],[167.58176393668163],[0.4258169398597689],-20,0.47225383165623097
7219,-0.329106602172766,0.0,22,10000,[6873.885565690778],[167.58176393668163],[0.4258169398597689],-20,0.47225383165623097
7220,-0.0809369587540907,0.0,22,10000,[6873.885565690778],[167.58176393668163],[0.4258169398597689],-20,0.47225383165623097
7221,0.2900856107642134,0.0,22,10000,[6873.885565690778],[167.58176393668163],[0.4258169398597689],-20,0.47225383165623097
7222,0.8933346880068181,0.0,22,10000,[6873.885565690778],[167.58176393668163],[0.4258169398597689],-20,0.47225383165623097
7223,-0.6505991295642757,0.0,22,10000,[6873.885565690778],[167.58176393668163],[0.4258169398597689],-20,0.47225383165623097
7224,-0.3667995925215993,0.0,22,10000,[6873.885565690778],[167.58176393668163],[0.4258169398597689],-20,0.47225383165623097
7225,0.38508263959518135,0.0,22,10000,[6873.885565690778],[167.58176393668163],[0.4258169398597689],-20,0.47225383165623097
7226,0.8454465596955727,0.0,22,10000,[6873.885565690778],[167.58176393668163],[0.4258169398597689],-20,0.47225383165623097
7227,0.9183155631025239,0.0,22,10000,[6873.885565690778],[167.58176393668163],[0.4258169398597689],-20,0.47225383165623097
7228,0.10521853574763855,0.0,22,10000,[6873.885565690778],[167.58176393668163],[0.4258169398597689],-20,0.47225383165623097
7229,-0.13005609885753205,0.0,22,10000,[6873.885565690778],[167.58176393668163],[0.4258169398597689],-20,0.47225383165623097
7230,-0.5294329406798207,0.0,22,10000,[6873.885565690778],[167.58176393668163],[0.4258169398597689],-20,0.47225383165623097
7231,-0.7170212723280389,0.0,22,10000,[6873.885565690778],[167.58176393668163],[0.4258169398597689],-20,0.47225383165623097
7232,0.18029147706561696,0.0,22,10000,[6873.885565690778],[167.58176393668163],[0.4258169398597689],-20,0.47225383165623097
7233,-0.8722042091394081,0.0,22,10000,[6873.885565690778],[167.58176393668163],[0.4258169398597689],-20,0.47225383165623097
7234,-0.09373918377738688,0.0,22,10000,[6873.885565690778],[167.58176393668163],[0.4258169398597689],-20,0.47225383165623097
7235,0.2117016825640004,0.0,22,10000,[6873.885565690778],[167.58176393668163],[0.4258169398597689],-20,0.47225383165623097
7236,0.46545183078499036,0.0,22,10000,[6873.885565690778],[167.58176393668163],[0.4258169398597689],-20,0.47225383165623097
7237,-0.2401082697146349,0.0,22,10000,[6873.885565690778],[167.58176393668163],[0.4258169398597689],-20,0.47225383165623097
7238,0.3852309092789825,0.0,22,10000,[6873.885565690778],[167.58176393668163],[0.4258169398597689],-20,0.47225383165623097
7239,0.9955746941014624,0.0,22,10000,[6873.885565690778],[167.58176393668163],[0.4258169398597689],-20,0.47225383165623097
7240,0.44691709747180436,0.0,22,10000,[6873.885565690778],[167.58176393668163],[0.4258169398597689],-20,0.47225383165623097
7241,-0.41593110873764,0.0,22,10000,[6873.885565690778],[167.58176393668163],[0.4258169398597689],-20,0.47225383165623097
7242,0.8513311454013341,0.0,22,10000,[6873.885565690778],[167.58176393668163],[0.4258169398597689],-20,0.47225383165623097
7243,0.08129813804016053,0.0,22,10000,[6873.885565690778],[167.58176393668163],[0.4258169398597689],-20,0.47225383165623097
7244,-1.2506684704114903,0.0,22,10000,[6873.885565690778],[167.58176393668163],[0.4258169398597689],-20,0.47225383165623097
7245,0.3723273052576838,0.0,22,10000,[6873.885565690778],[167.58176393668163],[0.4258169398597689],-20,0.47225383165623097
7246,-0.6087751316366494,0.0,22,10000,[6873.885565690778],[167.58176393668163],[0.4258169398597689],-20,0.47225383165623097
7247,0.1794374336569514,0.0,22,10000,[6873.885565690778],[167.58176393668163],[0.4258169398597689],-20,0.47225383165623097
7248,-0.4210192311389155,0.0,22,10000,[6873.885565690778],[167.58176393668163],[0.4258169398597689],-20,0.47225383165623097
7249,0.3154620332107,0.0,22,10000,[6873.885565690778],[167.58176393668163],[0.4258169398597689],-20,0.47225383165623097
7250,0.7531009808887831,0.0,22,10000,[6873.885565690778],[167.58176393668163],[0.4258169398597689],-20,0.47225383165623097
7251,0.1561480908566038,0.0,22,10000,[6873.885565690778],[167.58176393668163],[0.4258169398597689],-20,0.47225383165623097
7252,-0.42606016479061226,0.0,22,10000,[6873.885565690778],[167.58176393668163],[0.4258169398597689],-20,0.47225383165623097
7253,0.5089706750622578,0.0,22,10000,[6873.885565690778],[167.58176393668163],[0.4258169398597689],-20,0.47225383165623097
7254,-0.8001020912940815,0.0,22,10000,[6873.885565690778],[167.58176393668163],[0.4258169398597689],-20,0.47225383165623097
7255,-0.6519498719637202,0.0,22,10000,[6873.885565690778],[167.58176393668163],[0.4258169398597689],-20,0.47225383165623097
7256,-0.3913794047066812,0.0,22,10000,[6873.885565690778],[167.58176393668163],[0.4258169398597689],-20,0.47225383165623097
7257,-0.13979822075813342,0.0,22,10000,[6873.885565690778],[167.58176393668163],[0.4258169398597689],-20,0.47225383165623097
7258,0.9354436068839427,0.0,22,10000,[6873.885565690778],[167.58176393668163],[0.4258169398597689],-20,0.47225383165623097
7259,0.43046073255146544,0.0,22,10000,[6873.885565690778],[167.58176393668163],[0.4258169398597689],-20,0.47225383165623097
7260,0.1373474130216715,0.0,22,10000,[6873.885565690778],[167.58176393668163],[0.4258169398597689],-20,0.47225383165623097
7261,-0.8754038611809937,0.0,22,10000,[6873.885565690778],[167.58176393668163],[0.4258169398597689],-20,0.47225383165623097
7262,0.25006313479105163,0.0,22,10000,[6873.885565690778],[167.58176393668163],[0.4258169398597689],-20,0.47225383165623097
7263,0.3496604977049338,0.0,22,10000,[6873.885565690778],[167.58176393668163],[0.4258169398597689],-20,0.47225383165623097
7264,0.694960006219184,0.0,22,10000,[6873.885565690778],[167.58176393668163],[0.4258169398597689],-20,0.47225383165623097
7265,-0.6727609981215902,0.0,22,10000,[6873.885565690778],[167.58176393668163],[0.4258169398597689],-20,0.47225383165623097
7266,0.17323630253631767,0.0,22,10000,[6873.885565690778],[167.58176393668163],[0.4258169398597689],-20,0.47225383165623097
7267,0.6212988862324593,0.0,22,10000,[6873.885565690778],[167.58176393668163],[0.4258169398597689],-20,0.47225383165623097
7268,-0.4806847722076598,0.0,22,10000,[6873.885565690778],[167.58176393668163],[0.4258169398597689],-20,0.47225383165623097
7269,-0.730162283456797,0.0,22,10000,[6873.885565690778],[167.58176393668163],[0.4258169398597689],-20,0.47225383165623097
7270,0.18760272969809824,0.0,22,10000,[6873.885565690778],[167.58176393668163],[0.4258169398597689],-20,0.47225383165623097
7271,-0.4534204553992369,0.0,22,10000,[6873.885565690778],[167.58176393668163],[0.4258169398597689],-20,0.47225383165623097
7272,0.06385889373197358,0.0,22,10000,[6873.885565690778],[167.58176393668163],[0.4258169398597689],-20,0.47225383165623097
7273,-0.17576376256946638,0.0,22,10000,[6873.885565690778],[167.58176393668163],[0.4258169398597689],-20,0.47225383165623097
7274,-0.1267054727886702,0.0,22,10000,[6873.885565690778],[167.58176393668163],[0.4258169398597689],-20,0.47225383165623097
7275,-0.3992609005027357,0.0,22,10000,[6873.885565690778],[167.58176393668163],[0.4258169398597689],-20,0.47225383165623097
7276,-0.037408368526444,0.0,22,10000,[6873.885565690778],[167.58176393668163],[0.4258169398597689],-20,0.47225383165623097
7277,-0.15676845063964356,0.0,22,10000,[6873.885565690778],[167.58176393668163],[0.4258169398597689],-20,0.47225383165623097
7278,-0.23453299981108408,0.0,22,10000,[6873.885565690778],[167.58176393668163],[0.4258169398597689],-20,0.47225383165623097
7279,0.40519338770702623,0.0,22,10000,[6873.885565690778],[167.58176393668163],[0.4258169398597689],-20,0.47225383165623097
7280,0.2562979909264794,0.0,22,10000,[6873.885565690778],[167.58176393668163],[0.4258169398597689],-20,0.47225383165623097
7281,-0.1693752992177631,0.0,22,10000,[6873.885565690778],[167.58176393668163],[0.4258169398597689],-20,0.47225383165623097
7282,0.12735187150066662,0.0,22,10000,[6873.885565690778],[167.58176393668163],[0.4258169398597689],-20,0.47225383165623097
7283,0.819443661487414,0.0,22,10000,[6873.885565690778],[167.58176393668163],[0.4258169398597689],-20,0.47225383165623097
7284,-0.0016903742818755176,0.0,22,10000,[6873.885565690778],[167.58176393668163],[0.4258169398597689],-20,0.47225383165623097
7285,0.17877987059081715,0.0,22,10000,[6873.885565690778],[167.58176393668163],[0.4258169398597689],-20,0.47225383165623097
7286,0.25300135845798694,0.0,22,10000,[6873.885565690778],[167.58176393668163],[0.4258169398597689],-20,0.47225383165623097
7287,-1.428784453531136,0.0,22,10000,[6873.885565690778],[167.58176393668163],[0.4258169398597689],-20,0.47225383165623097
7288,0.060827777015944495,0.0,22,10000,[6873.885565690778],[167.58176393668163],[0.4258169398597689],-20,0.47225383165623097
7289,0.4433704407318891,0.0,22,10000,[6873.885565690778],[167.58176393668163],[0.4258169398597689],-20,0.47225383165623097
7290,0.2221220310233943,0.0,22,10000,[6873.885565690778],[167.58176393668163],[0.4258169398597689],-20,0.47225383165623097
7291,0.22303682474934897,0.0,22,10000,[6873.885565690778],[167.58176393668163],[0.4258169398597689],-20,0.47225383165623097
7292,-0.4783639525414399,0.0,22,10000,[6873.885565690778],[167.58176393668163],[0.4258169398597689],-20,0.47225383165623097
7293,0.06417546230183098,0.0,22,10000,[6873.885565690778],[167.58176393668163],[0.4258169398597689],-20,0.47225383165623097
7294,0.6920881090787031,0.0,22,10000,[6873.885565690778],[167.58176393668163],[0.4258169398597689],-20,0.47225383165623097
7295,-0.24875531502828643,0.0,22,10000,[6873.885565690778],[167.58176393668163],[0.4258169398597689],-20,0.47225383165623097
7296,0.015432133974518602,0.0,22,10000,[6873.885565690778],[167.58176393668163],[0.4258169398597689],-20,0.47225383165623097
7297,-0.3221632424769193,0.0,22,10000,[6873.885565690778],[167.58176393668163],[0.4258169398597689],-20,0.47225383165623097
7298,0.4113426669498207,0.0,22,10000,[6873.885565690778],[167.58176393668163],[0.4258169398597689],-20,0.47225383165623097
7299,-0.458308645209694,0.0,22,10000,[6873.885565690778],[167.58176393668163],[0.4258169398597689],-20,0.47225383165623097
7300,-0.13467027264667725,0.0,22,10000,[6873.885565690778],[167.58176393668163],[0.4258169398597689],-20,0.47225383165623097
7301,0.2710489033901663,0.0,22,10000,[6873.885565690778],[167.58176393668163],[0.4258169398597689],-20,0.47225383165623097
7302,0.40167759421892385,0.0,22,10000,[6873.885565690778],[167.58176393668163],[0.4258169398597689],-20,0.47225383165623097
7303,-0.5896785567535229,0.0,22,10000,[6873.885565690778],[167.58176393668163],[0.4258169398597689],-20,0.47225383165623097
7304,0.6456096438263963,0.0,22,10000,[6873.885565690778],[167.58176393668163],[0.4258169398597689],-20,0.47225383165623097
7305,-0.33342788324042255,0.0,22,10000,[6873.885565690778],[167.58176393668163],[0.4258169398597689],-20,0.47225383165623097
7306,0.430020872812333,0.0,22,10000,[6873.885565690778],[167.58176393668163],[0.4258169398597689],-20,0.47225383165623097
7307,-0.23269728702435327,0.0,22,10000,[6873.885565690778],[167.58176393668163],[0.4258169398597689],-20,0.47225383165623097
7308,0.5341300790077995,0.0,22,10000,[6873.885565690778],[167.58176393668163],[0.4258169398597689],-20,0.47225383165623097
7309,0.505542792429831,0.0,22,10000,[6873.885565690778],[167.58176393668163],[0.4258169398597689],-20,0.47225383165623097
7310,-0.5245185244574347,0.0,22,10000,[6873.885565690778],[167.58176393668163],[0.4258169398597689],-20,0.47225383165623097
7311,-0.32432391221068957,0.0,22,10000,[6873.885565690778],[167.58176393668163],[0.4258169398597689],-20,0.47225383165623097
7312,0.4804949147364147,0.0,22,10000,[6873.885565690778],[167.58176393668163],[0.4258169398597689],-20,0.47225383165623097
7313,0.5390121674576446,0.0,22,10000,[6873.885565690778],[167.58176393668163],[0.4258169398597689],-20,0.47225383165623097
7314,-0.09831595270745487,0.0,22,10000,[6873.885565690778],[167.58176393668163],[0.4258169398597689],-20,0.47225383165623097
7315,0.2754195115096759,0.0,22,10000,[6873.885565690778],[167.58176393668163],[0.4258169398597689],-20,0.47225383165623097
7316,0.28898867774751086,0.0,22,10000,[6873.885565690778],[167.58176393668163],[0.4258169398597689],-20,0.47225383165623097
7317,0.6068713990680351,0.0,22,10000,[6873.885565690778],[167.58176393668163],[0.4258169398597689],-20,0.47225383165623097
7318,0.2368766943937741,0.0,22,10000,[6873.885565690778],[167.58176393668163],[0.4258169398597689],-20,0.47225383165623097
7319,-0.7469119993398601,0.0,22,10000,[6873.885565690778],[167.58176393668163],[0.4258169398597689],-20,0.47225383165623097
7320,-0.0164159481596334,0.0,22,10000,[6873.885565690778],[167.58176393668163],[0.4258169398597689],-20,0.47225383165623097
7321,0.40518828013853286,0.0,22,10000,[6873.885565690778],[167.58176393668163],[0.4258169398597689],-20,0.47225383165623097
7322,0.5962649573059993,0.0,22,10000,[6873.885565690778],[167.58176393668163],[0.4258169398597689],-20,0.47225383165623097
7323,0.09389111972306334,0.0,22,10000,[6873.885565690778],[167.58176393668163],[0.4258169398597689],-20,0.47225383165623097
7324,-0.9619693684586991,0.0,22,10000,[6873.885565690778],[167.58176393668163],[0.4258169398597689],-20,0.47225383165623097
7325,-0.5708954860013403,0.0,22,10000,[6873.885565690778],[167.58176393668163],[0.4258169398597689],-20,0.47225383165623097
7326,0.03189620953594079,0.0,22,10000,[6873.885565690778],[167.58176393668163],[0.4258169398597689],-20,0.47225383165623097
7327,0.06289439706683848,0.0,22,10000,[6873.885565690778],[167.58176393668163],[0.4258169398597689],-20,0.47225383165623097
7328,-0.3659615404443333,0.0,22,10000,[6873.885565690778],[167.58176393668163],[0.4258169398597689],-20,0.47225383165623097
7329,-0.00550367796286404,0.0,22,10000,[6873.885565690778],[167.58176393668163],[0.4258169398597689],-20,0.47225383165623097
7330,-0.5658143609316724,0.0,22,10000,[6873.885565690778],[167.58176393668163],[0.4258169398597689],-20,0.47225383165623097
7331,-0.1683811001773743,0.0,22,10000,[6873.885565690778],[167.58176393668163],[0.4258169398597689],-20,0.47225383165623097
7332,-0.36971926760527,0.0,22,10000,[6873.885565690778],[167.58176393668163],[0.4258169398597689],-20,0.47225383165623097
7333,0.33807783462519037,0.0,22,10000,[6873.885565690778],[167.58176393668163],[0.4258169398597689],-20,0.47225383165623097
7334,0.44425132884809726,0.0,22,10000,[6873.885565690778],[167.58176393668163],[0.4258169398597689],-20,0.47225383165623097
7335,-0.3708313214884601,0.0,22,10000,[6873.885565690778],[167.58176393668163],[0.4258169398597689],-20,0.47225383165623097
7336,0.8356258010213122,0.0,22,10000,[6873.885565690778],[167.58176393668163],[0.4258169398597689],-20,0.47225383165623097
7337,-0.8832566078638207,0.0,22,10000,[6873.885565690778],[167.58176393668163],[0.4258169398597689],-20,0.47225383165623097
7338,0.4065393127478952,0.0,22,10000,[6873.885565690778],[167.58176393668163],[0.4258169398597689],-20,0.47225383165623097
7339,-0.43470250372371466,0.0,22,10000,[6873.885565690778],[167.58176393668163],[0.4258169398597689],-20,0.47225383165623097
7340,0.08892386986663338,0.0,22,10000,[6873.885565690778],[167.58176393668163],[0.4258169398597689],-20,0.47225383165623097
7341,0.8491301518302626,0.0,22,10000,[6873.885565690778],[167.58176393668163],[0.4258169398597689],-20,0.47225383165623097
7342,-0.5210319309388977,0.0,22,10000,[6873.885565690778],[167.58176393668163],[0.4258169398597689],-20,0.47225383165623097
7343,0.21944600434020525,0.0,22,10000,[6873.885565690778],[167.58176393668163],[0.4258169398597689],-20,0.47225383165623097
7344,0.7038047071359097,0.0,22,10000,[6873.885565690778],[167.58176393668163],[0.4258169398597689],-20,0.47225383165623097
7345,-0.29138423462857427,0.0,22,10000,[6873.885565690778],[167.58176393668163],[0.4258169398597689],-20,0.47225383165623097
7346,-0.29297428002394377,0.0,22,10000,[6873.885565690778],[167.58176393668163],[0.4258169398597689],-20,0.47225383165623097
7347,1.066696600927006,0.0,22,10000,[6873.885565690778],[167.58176393668163],[0.4258169398597689],-20,0.47225383165623097
7348,-0.5315017601278612,0.0,22,10000,[6873.885565690778],[167.58176393668163],[0.4258169398597689],-20,0.47225383165623097
7349,0.6084546121844123,0.0,22,10000,[6873.885565690778],[167.58176393668163],[0.4258169398597689],-20,0.47225383165623097
7350,-0.5011840366378268,0.0,22,10000,[6873.885565690778],[167.58176393668163],[0.4258169398597689],-20,0.47225383165623097
7351,0.8047265805612658,0.0,22,10000,[6873.885565690778],[167.58176393668163],[0.4258169398597689],-20,0.47225383165623097
7352,-0.9382821555053086,0.0,22,10000,[6873.885565690778],[167.58176393668163],[0.4258169398597689],-20,0.47225383165623097
7353,0.8262599609733781,0.0,22,10000,[6873.885565690778],[167.58176393668163],[0.4258169398597689],-20,0.47225383165623097
7354,0.2333602113206155,0.0,22,10000,[6873.885565690778],[167.58176393668163],[0.4258169398597689],-20,0.47225383165623097
7355,-0.35969033978493015,0.0,22,10000,[6873.885565690778],[167.58176393668163],[0.4258169398597689],-20,0.47225383165623097
7356,0.04860321185050706,0.0,22,10000,[6873.885565690778],[167.58176393668163],[0.4258169398597689],-20,0.47225383165623097
7357,0.35116178025283723,0.0,22,10000,[6873.885565690778],[167.58176393668163],[0.4258169398597689],-20,0.47225383165623097
7358,-0.6432023039542314,0.0,22,10000,[6873.885565690778],[167.58176393668163],[0.4258169398597689],-20,0.47225383165623097
7359,-0.05725078452250038,0.0,22,10000,[6873.885565690778],[167.58176393668163],[0.4258169398597689],-20,0.47225383165623097
7360,0.33135000345944104,0.0,22,10000,[6873.885565690778],[167.58176393668163],[0.4258169398597689],-20,0.47225383165623097
7361,0.2202265188323262,0.0,22,10000,[6873.885565690778],[167.58176393668163],[0.4258169398597689],-20,0.47225383165623097
7362,-0.03208388002674389,0.0,22,10000,[6873.885565690778],[167.58176393668163],[0.4258169398597689],-20,0.47225383165623097
7363,0.02061381402430515,0.0,22,10000,[6873.885565690778],[167.58176393668163],[0.4258169398597689],-20,0.47225383165623097
7364,0.11749488874561259,0.0,22,10000,[6873.885565690778],[167.58176393668163],[0.4258169398597689],-20,0.47225383165623097
7365,0.018465618108568182,0.0,22,10000,[6873.885565690778],[167.58176393668163],[0.4258169398597689],-20,0.47225383165623097
7366,0.5562520121565427,0.0,22,10000,[6873.885565690778],[167.58176393668163],[0.4258169398597689],-20,0.47225383165623097
7367,0.2603146572578907,0.0,22,10000,[6873.885565690778],[167.58176393668163],[0.4258169398597689],-20,0.47225383165623097
7368,0.06686459385775455,0.0,22,10000,[6873.885565690778],[167.58176393668163],[0.4258169398597689],-20,0.47225383165623097
7369,-1.0936008752514628,0.0,22,10000,[6873.885565690778],[167.58176393668163],[0.4258169398597689],-20,0.47225383165623097
7370,0.546870213927721,0.0,22,10000,[6873.885565690778],[167.58176393668163],[0.4258169398597689],-20,0.47225383165623097
7371,0.20605775418779435,0.0,22,10000,[6873.885565690778],[167.58176393668163],[0.4258169398597689],-20,0.47225383165623097
7372,0.5251287631977392,0.0,22,10000,[6873.885565690778],[167.58176393668163],[0.4258169398597689],-20,0.47225383165623097
7373,-0.2014501831162949,0.0,22,10000,[6873.885565690778],[167.58176393668163],[0.4258169398597689],-20,0.47225383165623097
7374,-0.6485838176233194,0.0,22,10000,[6873.885565690778],[167.58176393668163],[0.4258169398597689],-20,0.47225383165623097
7375,0.035159658865731795,0.0,22,10000,[6873.885565690778],[167.58176393668163],[0.4258169398597689],-20,0.47225383165623097
7376,0.3841880158735056,0.0,22,10000,[6873.885565690778],[167.58176393668163],[0.4258169398597689],-20,0.47225383165623097
7377,0.5328236786756109,0.0,22,10000,[6873.885565690778],[167.58176393668163],[0.4258169398597689],-20,0.47225383165623097
7378,-0.28719948765172404,0.0,22,10000,[6873.885565690778],[167.58176393668163],[0.4258169398597689],-20,0.47225383165623097
7379,-0.4607876773715671,0.0,22,10000,[6873.885565690778],[167.58176393668163],[0.4258169398597689],-20,0.47225383165623097
7380,-1.5366994643475238,0.0,22,10000,[6873.885565690778],[167.58176393668163],[0.4258169398597689],-20,0.47225383165623097
7381,0.009844111127596051,0.0,22,10000,[6873.885565690778],[167.58176393668163],[0.4258169398597689],-20,0.47225383165623097
7382,-0.8716646543292672,0.0,22,10000,[6873.885565690778],[167.58176393668163],[0.4258169398597689],-20,0.47225383165623097
7383,-0.11729473811915003,0.0,22,10000,[6873.885565690778],[167.58176393668163],[0.4258169398597689],-20,0.47225383165623097
7384,-0.013802574306315136,0.0,22,10000,[6873.885565690778],[167.58176393668163],[0.4258169398597689],-20,0.47225383165623097
7385,0.24214832343236056,0.0,22,10000,[6873.885565690778],[167.58176393668163],[0.4258169398597689],-20,0.47225383165623097
7386,0.1084661312692477,0.0,22,10000,[6873.885565690778],[167.58176393668163],[0.4258169398597689],-20,0.47225383165623097
7387,-0.01803941536036159,0.0,22,10000,[6873.885565690778],[167.58176393668163],[0.4258169398597689],-20,0.47225383165623097
7388,-0.2685003881149302,0.0,22,10000,[6873.885565690778],[167.58176393668163],[0.4258169398597689],-20,0.47225383165623097
7389,0.21852931570068265,0.0,22,10000,[6873.885565690778],[167.58176393668163],[0.4258169398597689],-20,0.47225383165623097
7390,0.008703717833746093,0.0,22,10000,[6873.885565690778],[167.58176393668163],[0.4258169398597689],-20,0.47225383165623097
7391,-0.09340410184434562,0.0,22,10000,[6873.885565690778],[167.58176393668163],[0.4258169398597689],-20,0.47225383165623097
7392,0.3075166631222503,0.0,22,10000,[6873.885565690778],[167.58176393668163],[0.4258169398597689],-20,0.47225383165623097
7393,-0.30827932459522744,0.0,22,10000,[6873.885565690778],[167.58176393668163],[0.4258169398597689],-20,0.47225383165623097
7394,0.43409177338108357,0.0,22,10000,[6873.885565690778],[167.58176393668163],[0.4258169398597689],-20,0.47225383165623097
7395,0.7190151476230093,0.0,22,10000,[6873.885565690778],[167.58176393668163],[0.4258169398597689],-20,0.47225383165623097
7396,-0.15619036120613222,0.0,22,10000,[6873.885565690778],[167.58176393668163],[0.4258169398597689],-20,0.47225383165623097
7397,-0.29381996850554876,0.0,22,10000,[6873.885565690778],[167.58176393668163],[0.4258169398597689],-20,0.47225383165623097
7398,0.06895863348852319,0.0,22,10000,[6873.885565690778],[167.58176393668163],[0.4258169398597689],-20,0.47225383165623097
7399,-0.13572468270935334,0.0,22,10000,[6873.885565690778],[167.58176393668163],[0.4258169398597689],-20,0.47225383165623097
7400,-0.07889343638535137,0.0,22,10000,[6873.885565690778],[167.58176393668163],[0.4258169398597689],-20,0.47225383165623097
7401,0.21909558684220906,0.0,22,10000,[6873.885565690778],[167.58176393668163],[0.4258169398597689],-20,0.47225383165623097
7402,-0.9480590103289839,0.0,22,10000,[6873.885565690778],[167.58176393668163],[0.4258169398597689],-20,0.47225383165623097
7403,0.23748172639039125,0.0,22,10000,[6873.885565690778],[167.58176393668163],[0.4258169398597689],-20,0.47225383165623097
7404,0.2630287068180186,0.0,22,10000,[6873.885565690778],[167.58176393668163],[0.4258169398597689],-20,0.47225383165623097
7405,0.614975979670434,0.0,22,10000,[6873.885565690778],[167.58176393668163],[0.4258169398597689],-20,0.47225383165623097
7406,0.3237598620297814,0.0,22,10000,[6873.885565690778],[167.58176393668163],[0.4258169398597689],-20,0.47225383165623097
7407,-0.5592660443246563,0.0,22,10000,[6873.885565690778],[167.58176393668163],[0.4258169398597689],-20,0.47225383165623097
7408,-0.10711881535711124,0.0,22,10000,[6873.885565690778],[167.58176393668163],[0.4258169398597689],-20,0.47225383165623097
7409,-0.19454807914263333,0.0,22,10000,[6873.885565690778],[167.58176393668163],[0.4258169398597689],-20,0.47225383165623097
7410,0.42464218358792305,0.0,22,10000,[6873.885565690778],[167.58176393668163],[0.4258169398597689],-20,0.47225383165623097
7411,0.42022659528250245,0.0,22,10000,[6873.885565690778],[167.58176393668163],[0.4258169398597689],-20,0.47225383165623097
7412,0.23557525359863146,0.0,22,10000,[6873.885565690778],[167.58176393668163],[0.4258169398597689],-20,0.47225383165623097
7413,0.8769402030600906,0.0,22,10000,[6873.885565690778],[167.58176393668163],[0.4258169398597689],-20,0.47225383165623097
7414,0.07766251665854602,0.0,22,10000,[6873.885565690778],[167.58176393668163],[0.4258169398597689],-20,0.47225383165623097
7415,0.4312784533618775,0.0,22,10000,[6873.885565690778],[167.58176393668163],[0.4258169398597689],-20,0.47225383165623097
7416,-0.28906951587331037,0.0,22,10000,[6873.885565690778],[167.58176393668163],[0.4258169398597689],-20,0.47225383165623097
7417,-0.269103620680776,0.0,22,10000,[6873.885565690778],[167.58176393668163],[0.4258169398597689],-20,0.47225383165623097
7418,0.5181144684122067,0.0,22,10000,[6873.885565690778],[167.58176393668163],[0.4258169398597689],-20,0.47225383165623097
7419,-0.37413640184930885,0.0,22,10000,[6873.885565690778],[167.58176393668163],[0.4258169398597689],-20,0.47225383165623097
7420,-0.07516367443204566,0.0,22,10000,[6873.885565690778],[167.58176393668163],[0.4258169398597689],-20,0.47225383165623097
7421,-0.987962561406504,0.0,22,10000,[6873.885565690778],[167.58176393668163],[0.4258169398597689],-20,0.47225383165623097
7422,-0.1091087766494553,0.0,22,10000,[6873.885565690778],[167.58176393668163],[0.4258169398597689],-20,0.47225383165623097
7423,-0.1452026164076799,0.0,22,10000,[6873.885565690778],[167.58176393668163],[0.4258169398597689],-20,0.47225383165623097
7424,0.10387558589515151,0.0,22,10000,[6873.885565690778],[167.58176393668163],[0.4258169398597689],-20,0.47225383165623097
7425,0.7704987569661309,0.0,22,10000,[6873.885565690778],[167.58176393668163],[0.4258169398597689],-20,0.47225383165623097
7426,-0.034221491228872435,0.0,22,10000,[6873.885565690778],[167.58176393668163],[0.4258169398597689],-20,0.47225383165623097
7427,0.17890792743535747,0.0,22,10000,[6873.885565690778],[167.58176393668163],[0.4258169398597689],-20,0.47225383165623097
7428,0.09579557290257087,0.0,22,10000,[6873.885565690778],[167.58176393668163],[0.4258169398597689],-20,0.47225383165623097
7429,-0.5030927169815448,0.0,22,10000,[6873.885565690778],[167.58176393668163],[0.4258169398597689],-20,0.47225383165623097
7430,-0.2145565463781367,0.0,22,10000,[6873.885565690778],[167.58176393668163],[0.4258169398597689],-20,0.47225383165623097
7431,0.4453651485625338,0.0,22,10000,[6873.885565690778],[167.58176393668163],[0.4258169398597689],-20,0.47225383165623097
7432,0.26625724095351916,0.0,22,10000,[6873.885565690778],[167.58176393668163],[0.4258169398597689],-20,0.47225383165623097
7433,0.5314320619727785,0.0,22,10000,[6873.885565690778],[167.58176393668163],[0.4258169398597689],-20,0.47225383165623097
7434,0.8945627866088536,0.0,22,10000,[6873.885565690778],[167.58176393668163],[0.4258169398597689],-20,0.47225383165623097
7435,0.4535498809149228,0.0,22,10000,[6873.885565690778],[167.58176393668163],[0.4258169398597689],-20,0.47225383165623097
7436,0.2377709320981624,0.0,22,10000,[6873.885565690778],[167.58176393668163],[0.4258169398597689],-20,0.47225383165623097
7437,0.2271670490261876,0.0,22,10000,[6873.885565690778],[167.58176393668163],[0.4258169398597689],-20,0.47225383165623097
7438,0.14440836044953972,0.0,22,10000,[6873.885565690778],[167.58176393668163],[0.4258169398597689],-20,0.47225383165623097
7439,0.3964401564872061,0.0,22,10000,[6873.885565690778],[167.58176393668163],[0.4258169398597689],-20,0.47225383165623097
7440,-0.32072357147428987,0.0,22,10000,[6873.885565690778],[167.58176393668163],[0.4258169398597689],-20,0.47225383165623097
7441,-0.5383853395887276,0.0,22,10000,[6873.885565690778],[167.58176393668163],[0.4258169398597689],-20,0.47225383165623097
7442,0.020351153417216567,0.0,22,10000,[6873.885565690778],[167.58176393668163],[0.4258169398597689],-20,0.47225383165623097
7443,-0.17345195938242833,0.0,22,10000,[6873.885565690778],[167.58176393668163],[0.4258169398597689],-20,0.47225383165623097
7444,0.21385740132932443,0.0,22,10000,[6873.885565690778],[167.58176393668163],[0.4258169398597689],-20,0.47225383165623097
7445,-0.5571326462897568,0.0,22,10000,[6873.885565690778],[167.58176393668163],[0.4258169398597689],-20,0.47225383165623097
7446,-0.918596137824842,0.0,22,10000,[6873.885565690778],[167.58176393668163],[0.4258169398597689],-20,0.47225383165623097
7447,-0.06903892537761615,0.0,22,10000,[6873.885565690778],[167.58176393668163],[0.4258169398597689],-20,0.47225383165623097
7448,0.2906768321920297,0.0,22,10000,[6873.885565690778],[167.58176393668163],[0.4258169398597689],-20,0.47225383165623097
7449,-0.47595799436110897,0.0,22,10000,[6873.885565690778],[167.58176393668163],[0.4258169398597689],-20,0.47225383165623097
7450,0.07502977522600418,0.0,22,10000,[6873.885565690778],[167.58176393668163],[0.4258169398597689],-20,0.47225383165623097
7451,-0.3334135474369599,0.0,22,10000,[6873.885565690778],[167.58176393668163],[0.4258169398597689],-20,0.47225383165623097
7452,-0.4404463826919689,0.0,22,10000,[6873.885565690778],[167.58176393668163],[0.4258169398597689],-20,0.47225383165623097
7453,0.27874905076936285,0.0,22,10000,[6873.885565690778],[167.58176393668163],[0.4258169398597689],-20,0.47225383165623097
7454,-0.4603572527571749,0.0,22,10000,[6873.885565690778],[167.58176393668163],[0.4258169398597689],-20,0.47225383165623097
7455,-1.1867202889297317,0.0,22,10000,[6873.885565690778],[167.58176393668163],[0.4258169398597689],-20,0.47225383165623097
7456,-0.1493714656047877,0.0,22,10000,[6873.885565690778],[167.58176393668163],[0.4258169398597689],-20,0.47225383165623097
7457,0.674787726675223,0.0,22,10000,[6873.885565690778],[167.58176393668163],[0.4258169398597689],-20,0.47225383165623097
7458,-0.12170334299291802,0.0,22,10000,[6873.885565690778],[167.58176393668163],[0.4258169398597689],-20,0.47225383165623097
7459,-0.1537239056332597,0.0,22,10000,[6873.885565690778],[167.58176393668163],[0.4258169398597689],-20,0.47225383165623097
7460,-0.27447605152338167,0.0,22,10000,[6873.885565690778],[167.58176393668163],[0.4258169398597689],-20,0.47225383165623097
7461,0.2730407032037497,0.0,22,10000,[6873.885565690778],[167.58176393668163],[0.4258169398597689],-20,0.47225383165623097
7462,-0.41088543862504057,0.0,22,10000,[6873.885565690778],[167.58176393668163],[0.4258169398597689],-20,0.47225383165623097
7463,0.2184959014993822,0.0,22,10000,[6873.885565690778],[167.58176393668163],[0.4258169398597689],-20,0.47225383165623097
7464,0.13333917089320246,0.0,22,10000,[6873.885565690778],[167.58176393668163],[0.4258169398597689],-20,0.47225383165623097
7465,-0.6885174409928174,0.0,22,10000,[6873.885565690778],[167.58176393668163],[0.4258169398597689],-20,0.47225383165623097
7466,0.10491703328437649,0.0,22,10000,[6873.885565690778],[167.58176393668163],[0.4258169398597689],-20,0.47225383165623097
7467,0.4156686297174072,0.0,22,10000,[6873.885565690778],[167.58176393668163],[0.4258169398597689],-20,0.47225383165623097
7468,0.6863200219860619,0.0,22,10000,[6873.885565690778],[167.58176393668163],[0.4258169398597689],-20,0.47225383165623097
7469,0.3839588705585835,0.0,22,10000,[6873.885565690778],[167.58176393668163],[0.4258169398597689],-20,0.47225383165623097
7470,0.051945205657519734,0.0,22,10000,[6873.885565690778],[167.58176393668163],[0.4258169398597689],-20,0.47225383165623097
7471,-0.2689079819884107,0.0,22,10000,[6873.885565690778],[167.58176393668163],[0.4258169398597689],-20,0.47225383165623097
7472,-0.07572166681078793,0.0,22,10000,[6873.885565690778],[167.58176393668163],[0.4258169398597689],-20,0.47225383165623097
7473,0.5094374518566563,0.0,22,10000,[6873.885565690778],[167.58176393668163],[0.4258169398597689],-20,0.47225383165623097
7474,0.03645044431233229,0.0,22,10000,[6873.885565690778],[167.58176393668163],[0.4258169398597689],-20,0.47225383165623097
7475,-0.6702705384383255,0.0,22,10000,[6873.885565690778],[167.58176393668163],[0.4258169398597689],-20,0.47225383165623097
7476,-0.17856393865856063,0.0,22,10000,[6873.885565690778],[167.58176393668163],[0.4258169398597689],-20,0.47225383165623097
7477,-0.28273715503378083,0.0,22,10000,[6873.885565690778],[167.58176393668163],[0.4258169398597689],-20,0.47225383165623097
7478,0.3382871067838459,0.0,22,10000,[6873.885565690778],[167.58176393668163],[0.4258169398597689],-20,0.47225383165623097
7479,-0.320962232962177,0.0,22,10000,[6873.885565690778],[167.58176393668163],[0.4258169398597689],-20,0.47225383165623097
7480,0.00792899543268809,0.0,22,10000,[6873.885565690778],[167.58176393668163],[0.4258169398597689],-20,0.47225383165623097
7481,0.9391579880235744,0.0,22,10000,[6873.885565690778],[167.58176393668163],[0.4258169398597689],-20,0.47225383165623097
7482,-0.807817283492422,0.0,22,10000,[6873.885565690778],[167.58176393668163],[0.4258169398597689],-20,0.47225383165623097
7483,0.02869037170388081,0.0,22,10000,[6873.885565690778],[167.58176393668163],[0.4258169398597689],-20,0.47225383165623097
7484,0.6515035405184235,0.0,22,10000,[6873.885565690778],[167.58176393668163],[0.4258169398597689],-20,0.47225383165623097
7485,0.4215679369839394,0.0,22,10000,[6873.885565690778],[167.58176393668163],[0.4258169398597689],-20,0.47225383165623097
7486,0.00913634093018539,0.0,22,10000,[6873.885565690778],[167.58176393668163],[0.4258169398597689],-20,0.47225383165623097
7487,0.3301928987974908,0.0,22,10000,[6873.885565690778],[167.58176393668163],[0.4258169398597689],-20,0.47225383165623097
7488,-0.1511340537869054,0.0,22,10000,[6873.885565690778],[167.58176393668163],[0.4258169398597689],-20,0.47225383165623097
7489,-0.7422930897096901,0.0,22,10000,[6873.885565690778],[167.58176393668163],[0.4258169398597689],-20,0.47225383165623097
7490,-0.07437385448813091,0.0,22,10000,[6873.885565690778],[167.58176393668163],[0.4258169398597689],-20,0.47225383165623097
7491,-0.5508619704358656,0.0,22,10000,[6873.885565690778],[167.58176393668163],[0.4258169398597689],-20,0.47225383165623097
7492,-0.5178500951375055,0.0,22,10000,[6873.885565690778],[167.58176393668163],[0.4258169398597689],-20,0.47225383165623097
7493,0.6885030908695803,0.0,22,10000,[6873.885565690778],[167.58176393668163],[0.4258169398597689],-20,0.47225383165623097
7494,-1.1023765096180642,0.0,22,10000,[6873.885565690778],[167.58176393668163],[0.4258169398597689],-20,0.47225383165623097
7495,0.3827129521543598,0.0,22,10000,[6873.885565690778],[167.58176393668163],[0.4258169398597689],-20,0.47225383165623097
7496,1.1294633345288323,0.0,22,10000,[6873.885565690778],[167.58176393668163],[0.4258169398597689],-20,0.47225383165623097
7497,0.8092181414541926,0.0,22,10000,[6873.885565690778],[167.58176393668163],[0.4258169398597689],-20,0.47225383165623097
7498,-0.30715672439345,0.0,22,10000,[6873.885565690778],[167.58176393668163],[0.4258169398597689],-20,0.47225383165623097
7499,-0.006283306778331944,0.0,22,10000,[6873.885565690778],[167.58176393668163],[0.4258169398597689],-20,0.47225383165623097
7500,-0.22966939284109625,0.0,22,10000,[6873.885565690778],[167.58176393668163],[0.4258169398597689],-20,0.47225383165623097
7501,-0.5125594178125458,0.0,22,10000,[6873.885565690778],[167.58176393668163],[0.4258169398597689],-20,0.47225383165623097
7502,-0.7298710070521476,0.0,22,10000,[6873.885565690778],[167.58176393668163],[0.4258169398597689],-20,0.47225383165623097
7503,0.34686669567670153,0.0,22,10000,[6873.885565690778],[167.58176393668163],[0.4258169398597689],-20,0.47225383165623097
7504,-0.6279953011544847,0.0,22,10000,[6873.885565690778],[167.58176393668163],[0.4258169398597689],-20,0.47225383165623097
7505,0.2614557353222393,0.0,22,10000,[6873.885565690778],[167.58176393668163],[0.4258169398597689],-20,0.47225383165623097
7506,-0.4579780132644286,0.0,22,10000,[6873.885565690778],[167.58176393668163],[0.4258169398597689],-20,0.47225383165623097
7507,0.8543501315165672,0.0,22,10000,[6873.885565690778],[167.58176393668163],[0.4258169398597689],-20,0.47225383165623097
7508,-0.026027568978247078,0.0,22,10000,[6873.885565690778],[167.58176393668163],[0.4258169398597689],-20,0.47225383165623097
7509,0.575398072767076,0.0,22,10000,[6873.885565690778],[167.58176393668163],[0.4258169398597689],-20,0.47225383165623097
7510,0.11837829625850431,0.0,22,10000,[6873.885565690778],[167.58176393668163],[0.4258169398597689],-20,0.47225383165623097
7511,0.7903854969345895,0.0,22,10000,[6873.885565690778],[167.58176393668163],[0.4258169398597689],-20,0.47225383165623097
7512,-0.11090229943998477,0.0,22,10000,[6873.885565690778],[167.58176393668163],[0.4258169398597689],-20,0.47225383165623097
7513,-0.7112513753537395,0.0,22,10000,[6873.885565690778],[167.58176393668163],[0.4258169398597689],-20,0.47225383165623097
7514,0.5678730692874566,0.0,22,10000,[6873.885565690778],[167.58176393668163],[0.4258169398597689],-20,0.47225383165623097
7515,-0.6394417671557833,0.0,22,10000,[6873.885565690778],[167.58176393668163],[0.4258169398597689],-20,0.47225383165623097
7516,-0.32875676877159615,0.0,22,10000,[6873.885565690778],[167.58176393668163],[0.4258169398597689],-20,0.47225383165623097
7517,-0.8107511210219245,0.0,22,10000,[6873.885565690778],[167.58176393668163],[0.4258169398597689],-20,0.47225383165623097
7518,0.4853339185938635,0.0,22,10000,[6873.885565690778],[167.58176393668163],[0.4258169398597689],-20,0.47225383165623097
7519,0.133206460094952,0.0,22,10000,[6873.885565690778],[167.58176393668163],[0.4258169398597689],-20,0.47225383165623097
7520,0.24275391597193047,0.0,22,10000,[6873.885565690778],[167.58176393668163],[0.4258169398597689],-20,0.47225383165623097
7521,-0.4473139700694095,0.0,22,10000,[6873.885565690778],[167.58176393668163],[0.4258169398597689],-20,0.47225383165623097
7522,0.2995567034298792,0.0,22,10000,[6873.885565690778],[167.58176393668163],[0.4258169398597689],-20,0.47225383165623097
7523,-0.10809204035665175,0.0,22,10000,[6873.885565690778],[167.58176393668163],[0.4258169398597689],-20,0.47225383165623097
7524,-0.7463339202196317,0.0,22,10000,[6873.885565690778],[167.58176393668163],[0.4258169398597689],-20,0.47225383165623097
7525,0.08840626545555964,0.0,22,10000,[6873.885565690778],[167.58176393668163],[0.4258169398597689],-20,0.47225383165623097
7526,-0.09869859665582781,0.0,22,10000,[6873.885565690778],[167.58176393668163],[0.4258169398597689],-20,0.47225383165623097
7527,0.47950383517930006,0.0,22,10000,[6873.885565690778],[167.58176393668163],[0.4258169398597689],-20,0.47225383165623097
7528,-1.1449086859575623,0.0,22,10000,[6873.885565690778],[167.58176393668163],[0.4258169398597689],-20,0.47225383165623097
7529,0.34523121347630087,0.0,22,10000,[6873.885565690778],[167.58176393668163],[0.4258169398597689],-20,0.47225383165623097
7530,0.7877151223553611,0.0,22,10000,[6873.885565690778],[167.58176393668163],[0.4258169398597689],-20,0.47225383165623097
7531,0.17821788499251895,0.0,22,10000,[6873.885565690778],[167.58176393668163],[0.4258169398597689],-20,0.47225383165623097
7532,0.48423129998402764,0.0,22,10000,[6873.885565690778],[167.58176393668163],[0.4258169398597689],-20,0.47225383165623097
7533,-0.5065363588401591,0.0,22,10000,[6873.885565690778],[167.58176393668163],[0.4258169398597689],-20,0.47225383165623097
7534,0.397560431104525,0.0,22,10000,[6873.885565690778],[167.58176393668163],[0.4258169398597689],-20,0.47225383165623097
7535,0.24370060720500034,0.0,22,10000,[6873.885565690778],[167.58176393668163],[0.4258169398597689],-20,0.47225383165623097
7536,0.07377450588417732,0.0,22,10000,[6873.885565690778],[167.58176393668163],[0.4258169398597689],-20,0.47225383165623097
7537,0.21415880203986254,0.0,22,10000,[6873.885565690778],[167.58176393668163],[0.4258169398597689],-20,0.47225383165623097
7538,-0.02078806220891633,0.0,22,10000,[6873.885565690778],[167.58176393668163],[0.4258169398597689],-20,0.47225383165623097
7539,0.6957234110224889,0.0,22,10000,[6873.885565690778],[167.58176393668163],[0.4258169398597689],-20,0.47225383165623097
7540,-0.22133811184213772,0.0,22,10000,[6873.885565690778],[167.58176393668163],[0.4258169398597689],-20,0.47225383165623097
7541,0.1219356165277388,0.0,22,10000,[6873.885565690778],[167.58176393668163],[0.4258169398597689],-20,0.47225383165623097
7542,-0.4462009329276732,0.0,22,10000,[6873.885565690778],[167.58176393668163],[0.4258169398597689],-20,0.47225383165623097
7543,0.43954435300462585,0.0,22,10000,[6873.885565690778],[167.58176393668163],[0.4258169398597689],-20,0.47225383165623097
7544,0.017628134543433278,0.0,22,10000,[6873.885565690778],[167.58176393668163],[0.4258169398597689],-20,0.47225383165623097
7545,0.8762805010655625,0.0,22,10000,[6873.885565690778],[167.58176393668163],[0.4258169398597689],-20,0.47225383165623097
7546,-0.07305870332332727,0.0,22,10000,[6873.885565690778],[167.58176393668163],[0.4258169398597689],-20,0.47225383165623097
7547,-0.7547761876379764,0.0,22,10000,[6873.885565690778],[167.58176393668163],[0.4258169398597689],-20,0.47225383165623097
7548,-0.13897467932692018,0.0,22,10000,[6873.885565690778],[167.58176393668163],[0.4258169398597689],-20,0.47225383165623097
7549,-0.5062233541832855,0.0,22,10000,[6873.885565690778],[167.58176393668163],[0.4258169398597689],-20,0.47225383165623097
7550,-0.38509250321223215,0.0,22,10000,[6873.885565690778],[167.58176393668163],[0.4258169398597689],-20,0.47225383165623097
7551,0.2139477720063765,0.0,22,10000,[6873.885565690778],[167.58176393668163],[0.4258169398597689],-20,0.47225383165623097
7552,0.5841369892210494,0.0,22,10000,[6873.885565690778],[167.58176393668163],[0.4258169398597689],-20,0.47225383165623097
7553,-0.4007854853847626,0.0,22,10000,[6873.885565690778],[167.58176393668163],[0.4258169398597689],-20,0.47225383165623097
7554,0.9984924203214035,0.0,22,10000,[6873.885565690778],[167.58176393668163],[0.4258169398597689],-20,0.47225383165623097
7555,-0.9238990050262282,0.0,22,10000,[6873.885565690778],[167.58176393668163],[0.4258169398597689],-20,0.47225383165623097
7556,0.3925098540304022,0.0,22,10000,[6873.885565690778],[167.58176393668163],[0.4258169398597689],-20,0.47225383165623097
7557,-0.5613746508819175,0.0,22,10000,[6873.885565690778],[167.58176393668163],[0.4258169398597689],-20,0.47225383165623097
7558,-0.19390821932870478,0.0,22,10000,[6873.885565690778],[167.58176393668163],[0.4258169398597689],-20,0.47225383165623097
7559,0.4206455692992552,0.0,22,10000,[6873.885565690778],[167.58176393668163],[0.4258169398597689],-20,0.47225383165623097
7560,-0.1943092898212543,0.0,22,10000,[6873.885565690778],[167.58176393668163],[0.4258169398597689],-20,0.47225383165623097
7561,-0.0682001979994085,0.0,22,10000,[6873.885565690778],[167.58176393668163],[0.4258169398597689],-20,0.47225383165623097
7562,-0.06101830024653844,0.0,22,10000,[6873.885565690778],[167.58176393668163],[0.4258169398597689],-20,0.47225383165623097
7563,0.46338213027164243,0.0,22,10000,[6873.885565690778],[167.58176393668163],[0.4258169398597689],-20,0.47225383165623097
7564,-0.10873314200772392,0.0,22,10000,[6873.885565690778],[167.58176393668163],[0.4258169398597689],-20,0.47225383165623097
7565,-0.35978892044875405,0.0,22,10000,[6873.885565690778],[167.58176393668163],[0.4258169398597689],-20,0.47225383165623097
7566,-0.49707983210768936,0.0,22,10000,[6873.885565690778],[167.58176393668163],[0.4258169398597689],-20,0.47225383165623097
7567,-0.40452479999026864,0.0,22,10000,[6873.885565690778],[167.58176393668163],[0.4258169398597689],-20,0.47225383165623097
7568,-0.11858751707998402,0.0,22,10000,[6873.885565690778],[167.58176393668163],[0.4258169398597689],-20,0.47225383165623097
7569,-0.6789426229784475,0.0,22,10000,[6873.885565690778],[167.58176393668163],[0.4258169398597689],-20,0.47225383165623097
7570,-0.17984808687193932,0.0,22,10000,[6873.885565690778],[167.58176393668163],[0.4258169398597689],-20,0.47225383165623097
7571,0.3240824835819313,0.0,22,10000,[6873.885565690778],[167.58176393668163],[0.4258169398597689],-20,0.47225383165623097
7572,-0.45775069017468617,0.0,22,10000,[6873.885565690778],[167.58176393668163],[0.4258169398597689],-20,0.47225383165623097
7573,-0.8830032408752756,0.0,22,10000,[6873.885565690778],[167.58176393668163],[0.4258169398597689],-20,0.47225383165623097
7574,0.1921926995182869,0.0,22,10000,[6873.885565690778],[167.58176393668163],[0.4258169398597689],-20,0.47225383165623097
7575,-0.30610882249086974,0.0,22,10000,[6873.885565690778],[167.58176393668163],[0.4258169398597689],-20,0.47225383165623097
7576,-0.7604898794953755,0.0,22,10000,[6873.885565690778],[167.58176393668163],[0.4258169398597689],-20,0.47225383165623097
7577,0.23304907536404534,0.0,22,10000,[6873.885565690778],[167.58176393668163],[0.4258169398597689],-20,0.47225383165623097
7578,-0.008053455191939632,0.0,22,10000,[6873.885565690778],[167.58176393668163],[0.4258169398597689],-20,0.47225383165623097
7579,-0.3663212039608716,0.0,22,10000,[6873.885565690778],[167.58176393668163],[0.4258169398597689],-20,0.47225383165623097
7580,-0.07611527634174844,0.0,22,10000,[6873.885565690778],[167.58176393668163],[0.4258169398597689],-20,0.47225383165623097
7581,0.6344659851589001,0.0,22,10000,[6873.885565690778],[167.58176393668163],[0.4258169398597689],-20,0.47225383165623097
7582,-0.5657566929929184,0.0,22,10000,[6873.885565690778],[167.58176393668163],[0.4258169398597689],-20,0.47225383165623097
7583,-0.7330282351142559,0.0,22,10000,[6873.885565690778],[167.58176393668163],[0.4258169398597689],-20,0.47225383165623097
7584,0.4234229815243539,0.0,22,10000,[6873.885565690778],[167.58176393668163],[0.4258169398597689],-20,0.47225383165623097
7585,-0.4141801282552252,0.0,22,10000,[6873.885565690778],[167.58176393668163],[0.4258169398597689],-20,0.47225383165623097
7586,0.7416301838828343,0.0,22,10000,[6873.885565690778],[167.58176393668163],[0.4258169398597689],-20,0.47225383165623097
7587,0.3520881354023063,0.0,22,10000,[6873.885565690778],[167.58176393668163],[0.4258169398597689],-20,0.47225383165623097
7588,0.08228499087616462,0.0,22,10000,[6873.885565690778],[167.58176393668163],[0.4258169398597689],-20,0.47225383165623097
7589,0.22101950540965473,0.0,22,10000,[6873.885565690778],[167.58176393668163],[0.4258169398597689],-20,0.47225383165623097
7590,-0.3909370287443923,0.0,22,10000,[6873.885565690778],[167.58176393668163],[0.4258169398597689],-20,0.47225383165623097
7591,-0.54486132587225,0.0,22,10000,[6873.885565690778],[167.58176393668163],[0.4258169398597689],-20,0.47225383165623097
7592,0.5470178632891085,0.0,22,10000,[6873.885565690778],[167.58176393668163],[0.4258169398597689],-20,0.47225383165623097
7593,0.208647764442674,0.0,22,10000,[6873.885565690778],[167.58176393668163],[0.4258169398597689],-20,0.47225383165623097
7594,-0.5205371235428471,0.0,22,10000,[6873.885565690778],[167.58176393668163],[0.4258169398597689],-20,0.47225383165623097
7595,0.12192717801552859,0.0,22,10000,[6873.885565690778],[167.58176393668163],[0.4258169398597689],-20,0.47225383165623097
7596,-0.08254930376407185,0.0,22,10000,[6873.885565690778],[167.58176393668163],[0.4258169398597689],-20,0.47225383165623097
7597,-0.6799353778444057,0.0,22,10000,[6873.885565690778],[167.58176393668163],[0.4258169398597689],-20,0.47225383165623097
7598,-0.2895105836475739,0.0,22,10000,[6873.885565690778],[167.58176393668163],[0.4258169398597689],-20,0.47225383165623097
7599,0.30629891740077303,0.0,22,10000,[6873.885565690778],[167.58176393668163],[0.4258169398597689],-20,0.47225383165623097
7600,-0.11412598980452913,0.0,22,10000,[6873.885565690778],[167.58176393668163],[0.4258169398597689],-20,0.47225383165623097
7601,-0.1387776758948373,0.0,22,10000,[6873.885565690778],[167.58176393668163],[0.4258169398597689],-20,0.47225383165623097
7602,0.39711514433526435,0.0,22,10000,[6873.885565690778],[167.58176393668163],[0.4258169398597689],-20,0.47225383165623097
7603,-0.034298269343737045,0.0,22,10000,[6873.885565690778],[167.58176393668163],[0.4258169398597689],-20,0.47225383165623097
7604,-0.032508687018569106,0.0,22,10000,[6873.885565690778],[167.58176393668163],[0.4258169398597689],-20,0.47225383165623097
7605,-0.8073627182231272,0.0,22,10000,[6873.885565690778],[167.58176393668163],[0.4258169398597689],-20,0.47225383165623097
7606,1.0697318700492136,0.0,22,10000,[6873.885565690778],[167.58176393668163],[0.4258169398597689],-20,0.47225383165623097
7607,0.18664484266727321,0.0,22,10000,[6873.885565690778],[167.58176393668163],[0.4258169398597689],-20,0.47225383165623097
7608,0.0663237114742853,0.0,22,10000,[6873.885565690778],[167.58176393668163],[0.4258169398597689],-20,0.47225383165623097
7609,0.23459581967860133,0.0,22,10000,[6873.885565690778],[167.58176393668163],[0.4258169398597689],-20,0.47225383165623097
7610,0.5344748608350989,0.0,22,10000,[6873.885565690778],[167.58176393668163],[0.4258169398597689],-20,0.47225383165623097
7611,-0.3991587010797323,0.0,22,10000,[6873.885565690778],[167.58176393668163],[0.4258169398597689],-20,0.47225383165623097
7612,-0.2117724331589535,0.0,22,10000,[6873.885565690778],[167.58176393668163],[0.4258169398597689],-20,0.47225383165623097
7613,0.22279777596139325,0.0,22,10000,[6873.885565690778],[167.58176393668163],[0.4258169398597689],-20,0.47225383165623097
7614,-0.7587016125234365,0.0,22,10000,[6873.885565690778],[167.58176393668163],[0.4258169398597689],-20,0.47225383165623097
7615,-0.13122831148394304,0.0,22,10000,[6873.885565690778],[167.58176393668163],[0.4258169398597689],-20,0.47225383165623097
7616,-0.15679919884103954,0.0,22,10000,[6873.885565690778],[167.58176393668163],[0.4258169398597689],-20,0.47225383165623097
7617,0.9031751709077084,0.0,22,10000,[6873.885565690778],[167.58176393668163],[0.4258169398597689],-20,0.47225383165623097
7618,-0.13667846405112016,0.0,22,10000,[6873.885565690778],[167.58176393668163],[0.4258169398597689],-20,0.47225383165623097
7619,-0.018173307032768867,0.0,22,10000,[6873.885565690778],[167.58176393668163],[0.4258169398597689],-20,0.47225383165623097
7620,0.07348705194312544,0.0,22,10000,[6873.885565690778],[167.58176393668163],[0.4258169398597689],-20,0.47225383165623097
7621,0.3946770854394756,0.0,22,10000,[6873.885565690778],[167.58176393668163],[0.4258169398597689],-20,0.47225383165623097
7622,0.2309558505061559,0.0,22,10000,[6873.885565690778],[167.58176393668163],[0.4258169398597689],-20,0.47225383165623097
7623,-0.19668683145480717,0.0,22,10000,[6873.885565690778],[167.58176393668163],[0.4258169398597689],-20,0.47225383165623097
7624,0.4885202528070043,0.0,22,10000,[6873.885565690778],[167.58176393668163],[0.4258169398597689],-20,0.47225383165623097
7625,-0.711178945783284,0.0,22,10000,[6873.885565690778],[167.58176393668163],[0.4258169398597689],-20,0.47225383165623097
7626,-0.4575754818177857,0.0,22,10000,[6873.885565690778],[167.58176393668163],[0.4258169398597689],-20,0.47225383165623097
7627,-0.0393436281976693,0.0,22,10000,[6873.885565690778],[167.58176393668163],[0.4258169398597689],-20,0.47225383165623097
7628,0.06210076003738251,0.0,22,10000,[6873.885565690778],[167.58176393668163],[0.4258169398597689],-20,0.47225383165623097
7629,0.0001364326427989307,0.0,22,10000,[6873.885565690778],[167.58176393668163],[0.4258169398597689],-20,0.47225383165623097
7630,0.22683964799698184,0.0,22,10000,[6873.885565690778],[167.58176393668163],[0.4258169398597689],-20,0.47225383165623097
7631,-0.493239561556371,0.0,22,10000,[6873.885565690778],[167.58176393668163],[0.4258169398597689],-20,0.47225383165623097
7632,-0.3749824485793671,0.0,22,10000,[6873.885565690778],[167.58176393668163],[0.4258169398597689],-20,0.47225383165623097
7633,0.0895044645600704,0.0,22,10000,[6873.885565690778],[167.58176393668163],[0.4258169398597689],-20,0.47225383165623097
7634,-0.19659259063523501,0.0,22,10000,[6873.885565690778],[167.58176393668163],[0.4258169398597689],-20,0.47225383165623097
7635,0.036762584356026404,0.0,22,10000,[6873.885565690778],[167.58176393668163],[0.4258169398597689],-20,0.47225383165623097
7636,0.00425054341122385,0.0,22,10000,[6873.885565690778],[167.58176393668163],[0.4258169398597689],-20,0.47225383165623097
7637,-0.34340993378537743,0.0,22,10000,[6873.885565690778],[167.58176393668163],[0.4258169398597689],-20,0.47225383165623097
7638,0.6708711061207603,0.0,22,10000,[6873.885565690778],[167.58176393668163],[0.4258169398597689],-20,0.47225383165623097
7639,0.2876416636609748,0.0,22,10000,[6873.885565690778],[167.58176393668163],[0.4258169398597689],-20,0.47225383165623097
7640,-0.06765640332422851,0.0,22,10000,[6873.885565690778],[167.58176393668163],[0.4258169398597689],-20,0.47225383165623097
7641,0.12371213212951869,0.0,22,10000,[6873.885565690778],[167.58176393668163],[0.4258169398597689],-20,0.47225383165623097
7642,-0.2804006837084328,0.0,22,10000,[6873.885565690778],[167.58176393668163],[0.4258169398597689],-20,0.47225383165623097
7643,0.3688937402683117,0.0,22,10000,[6873.885565690778],[167.58176393668163],[0.4258169398597689],-20,0.47225383165623097
7644,0.4261781295422373,0.0,22,10000,[6873.885565690778],[167.58176393668163],[0.4258169398597689],-20,0.47225383165623097
7645,0.017373687493047473,0.0,22,10000,[6873.885565690778],[167.58176393668163],[0.4258169398597689],-20,0.47225383165623097
7646,0.5185953579315391,0.0,22,10000,[6873.885565690778],[167.58176393668163],[0.4258169398597689],-20,0.47225383165623097
7647,-0.8842640229823646,0.0,22,10000,[6873.885565690778],[167.58176393668163],[0.4258169398597689],-20,0.47225383165623097
7648,-0.03472261226139432,0.0,22,10000,[6873.885565690778],[167.58176393668163],[0.4258169398597689],-20,0.47225383165623097
7649,-0.3074197188347197,0.0,22,10000,[6873.885565690778],[167.58176393668163],[0.4258169398597689],-20,0.47225383165623097
7650,0.10228151374848095,0.0,22,10000,[6873.885565690778],[167.58176393668163],[0.4258169398597689],-20,0.47225383165623097
7651,-0.6205347475026313,0.0,22,10000,[6873.885565690778],[167.58176393668163],[0.4258169398597689],-20,0.47225383165623097
7652,0.4763779906775966,0.0,22,10000,[6873.885565690778],[167.58176393668163],[0.4258169398597689],-20,0.47225383165623097
7653,0.14168180276085893,0.0,22,10000,[6873.885565690778],[167.58176393668163],[0.4258169398597689],-20,0.47225383165623097
7654,0.4272111647014676,0.0,22,10000,[6873.885565690778],[167.58176393668163],[0.4258169398597689],-20,0.47225383165623097
7655,-0.1895952214270408,0.0,22,10000,[6873.885565690778],[167.58176393668163],[0.4258169398597689],-20,0.47225383165623097
7656,-0.44458578875403776,0.0,22,10000,[6873.885565690778],[167.58176393668163],[0.4258169398597689],-20,0.47225383165623097
7657,0.6327337311882122,0.0,22,10000,[6873.885565690778],[167.58176393668163],[0.4258169398597689],-20,0.47225383165623097
7658,0.1910055935153783,0.0,22,10000,[6873.885565690778],[167.58176393668163],[0.4258169398597689],-20,0.47225383165623097
7659,0.2352299139493041,0.0,22,10000,[6873.885565690778],[167.58176393668163],[0.4258169398597689],-20,0.47225383165623097
7660,-1.2954391769282954,0.0,22,10000,[6873.885565690778],[167.58176393668163],[0.4258169398597689],-20,0.47225383165623097
7661,-0.68923661935159,0.0,22,10000,[6873.885565690778],[167.58176393668163],[0.4258169398597689],-20,0.47225383165623097
7662,-0.3106638633860584,0.0,22,10000,[6873.885565690778],[167.58176393668163],[0.4258169398597689],-20,0.47225383165623097
7663,-0.3026622282501444,0.0,22,10000,[6873.885565690778],[167.58176393668163],[0.4258169398597689],-20,0.47225383165623097
7664,0.4098506235241423,0.0,22,10000,[6873.885565690778],[167.58176393668163],[0.4258169398597689],-20,0.47225383165623097
7665,0.7656842788666428,0.0,22,10000,[6873.885565690778],[167.58176393668163],[0.4258169398597689],-20,0.47225383165623097
7666,0.2560310859193482,0.0,22,10000,[6873.885565690778],[167.58176393668163],[0.4258169398597689],-20,0.47225383165623097
7667,-0.7549120904604001,0.0,22,10000,[6873.885565690778],[167.58176393668163],[0.4258169398597689],-20,0.47225383165623097
7668,0.10046294863241095,0.0,22,10000,[6873.885565690778],[167.58176393668163],[0.4258169398597689],-20,0.47225383165623097
7669,-0.2551223349528583,0.0,22,10000,[6873.885565690778],[167.58176393668163],[0.4258169398597689],-20,0.47225383165623097
7670,0.8398485313748426,0.0,22,10000,[6873.885565690778],[167.58176393668163],[0.4258169398597689],-20,0.47225383165623097
7671,-0.8531396492979652,0.0,22,10000,[6873.885565690778],[167.58176393668163],[0.4258169398597689],-20,0.47225383165623097
7672,0.33687226006357274,0.0,22,10000,[6873.885565690778],[167.58176393668163],[0.4258169398597689],-20,0.47225383165623097
7673,-0.33463384533671925,0.0,22,10000,[6873.885565690778],[167.58176393668163],[0.4258169398597689],-20,0.47225383165623097
7674,0.8438277909147518,0.0,22,10000,[6873.885565690778],[167.58176393668163],[0.4258169398597689],-20,0.47225383165623097
7675,0.20198261303141057,0.0,22,10000,[6873.885565690778],[167.58176393668163],[0.4258169398597689],-20,0.47225383165623097
7676,-0.8507856835670895,0.0,22,10000,[6873.885565690778],[167.58176393668163],[0.4258169398597689],-20,0.47225383165623097
7677,-0.21213510295044205,0.0,22,10000,[6873.885565690778],[167.58176393668163],[0.4258169398597689],-20,0.47225383165623097
7678,-1.0755645896719368,0.0,22,10000,[6873.885565690778],[167.58176393668163],[0.4258169398597689],-20,0.47225383165623097
7679,0.5289944995501901,0.0,22,10000,[6873.885565690778],[167.58176393668163],[0.4258169398597689],-20,0.47225383165623097
7680,0.16906192940978912,0.0,22,10000,[6873.885565690778],[167.58176393668163],[0.4258169398597689],-20,0.47225383165623097
7681,-0.5556643017783426,0.0,22,10000,[6873.885565690778],[167.58176393668163],[0.4258169398597689],-20,0.47225383165623097
7682,0.40552176881799734,0.0,22,10000,[6873.885565690778],[167.58176393668163],[0.4258169398597689],-20,0.47225383165623097
7683,0.05026373136844905,0.0,22,10000,[6873.885565690778],[167.58176393668163],[0.4258169398597689],-20,0.47225383165623097
7684,-0.3179386516055731,0.0,22,10000,[6873.885565690778],[167.58176393668163],[0.4258169398597689],-20,0.47225383165623097
7685,0.040577985046967774,0.0,22,10000,[6873.885565690778],[167.58176393668163],[0.4258169398597689],-20,0.47225383165623097
7686,-0.48243338100712163,0.0,22,10000,[6873.885565690778],[167.58176393668163],[0.4258169398597689],-20,0.47225383165623097
7687,-0.7587764068364127,0.0,22,10000,[6873.885565690778],[167.58176393668163],[0.4258169398597689],-20,0.47225383165623097
7688,0.33546238919221777,0.0,22,10000,[6873.885565690778],[167.58176393668163],[0.4258169398597689],-20,0.47225383165623097
7689,0.249736077077049,0.0,22,10000,[6873.885565690778],[167.58176393668163],[0.4258169398597689],-20,0.47225383165623097
7690,-0.18961683062635942,0.0,22,10000,[6873.885565690778],[167.58176393668163],[0.4258169398597689],-20,0.47225383165623097
7691,0.3676032602784052,0.0,22,10000,[6873.885565690778],[167.58176393668163],[0.4258169398597689],-20,0.47225383165623097
7692,0.45414358654166276,0.0,22,10000,[6873.885565690778],[167.58176393668163],[0.4258169398597689],-20,0.47225383165623097
7693,0.546035246616475,0.0,22,10000,[6873.885565690778],[167.58176393668163],[0.4258169398597689],-20,0.47225383165623097
7694,0.5755442882644557,0.0,22,10000,[6873.885565690778],[167.58176393668163],[0.4258169398597689],-20,0.47225383165623097
7695,-0.1588113277663247,0.0,22,10000,[6873.885565690778],[167.58176393668163],[0.4258169398597689],-20,0.47225383165623097
7696,-0.15860733725182263,0.0,22,10000,[6873.885565690778],[167.58176393668163],[0.4258169398597689],-20,0.47225383165623097
7697,-0.6549064909233236,0.0,22,10000,[6873.885565690778],[167.58176393668163],[0.4258169398597689],-20,0.47225383165623097
7698,0.25803690534446116,0.0,22,10000,[6873.885565690778],[167.58176393668163],[0.4258169398597689],-20,0.47225383165623097
7699,-0.506033242647495,0.0,22,10000,[6873.885565690778],[167.58176393668163],[0.4258169398597689],-20,0.47225383165623097
7700,0.420296322436635,0.0,22,10000,[6873.885565690778],[167.58176393668163],[0.4258169398597689],-20,0.47225383165623097
7701,-0.46337285201518125,0.0,22,10000,[6873.885565690778],[167.58176393668163],[0.4258169398597689],-20,0.47225383165623097
7702,-0.6241477601721243,0.0,22,10000,[6873.885565690778],[167.58176393668163],[0.4258169398597689],-20,0.47225383165623097
7703,-0.42796899455820553,0.0,22,10000,[6873.885565690778],[167.58176393668163],[0.4258169398597689],-20,0.47225383165623097
7704,0.14257416550871516,0.0,22,10000,[6873.885565690778],[167.58176393668163],[0.4258169398597689],-20,0.47225383165623097
7705,0.3039982824680624,0.0,22,10000,[6873.885565690778],[167.58176393668163],[0.4258169398597689],-20,0.47225383165623097
7706,-0.3889762788412692,0.0,22,10000,[6873.885565690778],[167.58176393668163],[0.4258169398597689],-20,0.47225383165623097
7707,-0.30023902087906,0.0,22,10000,[6873.885565690778],[167.58176393668163],[0.4258169398597689],-20,0.47225383165623097
7708,-0.3633471438839481,0.0,22,10000,[6873.885565690778],[167.58176393668163],[0.4258169398597689],-20,0.47225383165623097
7709,0.3732397067805906,0.0,22,10000,[6873.885565690778],[167.58176393668163],[0.4258169398597689],-20,0.47225383165623097
7710,-0.44939875943335905,0.0,22,10000,[6873.885565690778],[167.58176393668163],[0.4258169398597689],-20,0.47225383165623097
7711,-0.6830186242681563,0.0,22,10000,[6873.885565690778],[167.58176393668163],[0.4258169398597689],-20,0.47225383165623097
7712,-0.47670504676253095,0.0,22,10000,[6873.885565690778],[167.58176393668163],[0.4258169398597689],-20,0.47225383165623097
7713,0.2064384556204682,0.0,22,10000,[6873.885565690778],[167.58176393668163],[0.4258169398597689],-20,0.47225383165623097
7714,0.5153782571373107,0.0,22,10000,[6873.885565690778],[167.58176393668163],[0.4258169398597689],-20,0.47225383165623097
7715,0.07439272668232122,0.0,22,10000,[6873.885565690778],[167.58176393668163],[0.4258169398597689],-20,0.47225383165623097
7716,0.2799400277603127,0.0,22,10000,[6873.885565690778],[167.58176393668163],[0.4258169398597689],-20,0.47225383165623097
7717,-0.34367656896864135,0.0,22,10000,[6873.885565690778],[167.58176393668163],[0.4258169398597689],-20,0.47225383165623097
7718,0.1553876600332834,0.0,22,10000,[6873.885565690778],[167.58176393668163],[0.4258169398597689],-20,0.47225383165623097
7719,0.23799224483989426,0.0,22,10000,[6873.885565690778],[167.58176393668163],[0.4258169398597689],-20,0.47225383165623097
7720,-0.24605547080168677,0.0,22,10000,[6873.885565690778],[167.58176393668163],[0.4258169398597689],-20,0.47225383165623097
7721,-0.11688335472744958,0.0,22,10000,[6873.885565690778],[167.58176393668163],[0.4258169398597689],-20,0.47225383165623097
7722,-0.22317023552088136,0.0,22,10000,[6873.885565690778],[167.58176393668163],[0.4258169398597689],-20,0.47225383165623097
7723,0.12236104420911079,0.0,22,10000,[6873.885565690778],[167.58176393668163],[0.4258169398597689],-20,0.47225383165623097
7724,-0.7255697606301237,0.0,22,10000,[6873.885565690778],[167.58176393668163],[0.4258169398597689],-20,0.47225383165623097
7725,-0.0077661625698368375,0.0,22,10000,[6873.885565690778],[167.58176393668163],[0.4258169398597689],-20,0.47225383165623097
7726,0.5130955092546967,0.0,22,10000,[6873.885565690778],[167.58176393668163],[0.4258169398597689],-20,0.47225383165623097
7727,-0.24143411337894496,0.0,22,10000,[6873.885565690778],[167.58176393668163],[0.4258169398597689],-20,0.47225383165623097
7728,0.4015459363568272,0.0,22,10000,[6873.885565690778],[167.58176393668163],[0.4258169398597689],-20,0.47225383165623097
7729,-0.2781305870212617,0.0,22,10000,[6873.885565690778],[167.58176393668163],[0.4258169398597689],-20,0.47225383165623097
7730,-0.3404084377079065,0.0,22,10000,[6873.885565690778],[167.58176393668163],[0.4258169398597689],-20,0.47225383165623097
7731,0.19233731993484876,0.0,22,10000,[6873.885565690778],[167.58176393668163],[0.4258169398597689],-20,0.47225383165623097
7732,0.06320920408600848,0.0,22,10000,[6873.885565690778],[167.58176393668163],[0.4258169398597689],-20,0.47225383165623097
7733,-0.553875534535389,0.0,22,10000,[6873.885565690778],[167.58176393668163],[0.4258169398597689],-20,0.47225383165623097
7734,-0.004544329625813703,0.0,22,10000,[6873.885565690778],[167.58176393668163],[0.4258169398597689],-20,0.47225383165623097
7735,-0.023080449448009438,0.0,22,10000,[6873.885565690778],[167.58176393668163],[0.4258169398597689],-20,0.47225383165623097
7736,0.21209128696810026,0.0,22,10000,[6873.885565690778],[167.58176393668163],[0.4258169398597689],-20,0.47225383165623097
7737,0.25252624280836306,0.0,22,10000,[6873.885565690778],[167.58176393668163],[0.4258169398597689],-20,0.47225383165623097
7738,-0.3213723284944175,0.0,22,10000,[6873.885565690778],[167.58176393668163],[0.4258169398597689],-20,0.47225383165623097
7739,0.851921607067048,0.0,22,10000,[6873.885565690778],[167.58176393668163],[0.4258169398597689],-20,0.47225383165623097
7740,-0.42763301259312336,0.0,22,10000,[6873.885565690778],[167.58176393668163],[0.4258169398597689],-20,0.47225383165623097
7741,-0.19685034786607664,0.0,22,10000,[6873.885565690778],[167.58176393668163],[0.4258169398597689],-20,0.47225383165623097
7742,-0.1705079811459849,0.0,22,10000,[6873.885565690778],[167.58176393668163],[0.4258169398597689],-20,0.47225383165623097
7743,-0.4331091019831497,0.0,22,10000,[6873.885565690778],[167.58176393668163],[0.4258169398597689],-20,0.47225383165623097
7744,-0.9308191750592639,0.0,22,10000,[6873.885565690778],[167.58176393668163],[0.4258169398597689],-20,0.47225383165623097
7745,0.20539623597305584,0.0,22,10000,[6873.885565690778],[167.58176393668163],[0.4258169398597689],-20,0.47225383165623097
7746,-0.04188093359828278,0.0,22,10000,[6873.885565690778],[167.58176393668163],[0.4258169398597689],-20,0.47225383165623097
7747,-0.008845657740961696,0.0,22,10000,[6873.885565690778],[167.58176393668163],[0.4258169398597689],-20,0.47225383165623097
7748,-0.13044434584396397,0.0,22,10000,[6873.885565690778],[167.58176393668163],[0.4258169398597689],-20,0.47225383165623097
7749,0.24796526897296942,0.0,22,10000,[6873.885565690778],[167.58176393668163],[0.4258169398597689],-20,0.47225383165623097
7750,-1.1239360164980063,0.0,22,10000,[6873.885565690778],[167.58176393668163],[0.4258169398597689],-20,0.47225383165623097
7751,-0.6152045899135044,0.0,22,10000,[6873.885565690778],[167.58176393668163],[0.4258169398597689],-20,0.47225383165623097
7752,-0.1455565370261478,0.0,22,10000,[6873.885565690778],[167.58176393668163],[0.4258169398597689],-20,0.47225383165623097
7753,-0.41012827920658645,0.0,22,10000,[6873.885565690778],[167.58176393668163],[0.4258169398597689],-20,0.47225383165623097
7754,0.4072224974544164,0.0,22,10000,[6873.885565690778],[167.58176393668163],[0.4258169398597689],-20,0.47225383165623097
7755,-0.7240692314899599,0.0,22,10000,[6873.885565690778],[167.58176393668163],[0.4258169398597689],-20,0.47225383165623097
7756,-0.04615227337005759,0.0,22,10000,[6873.885565690778],[167.58176393668163],[0.4258169398597689],-20,0.47225383165623097
7757,-0.391907360453407,0.0,22,10000,[6873.885565690778],[167.58176393668163],[0.4258169398597689],-20,0.47225383165623097
7758,0.20254329464165263,0.0,22,10000,[6873.885565690778],[167.58176393668163],[0.4258169398597689],-20,0.47225383165623097
7759,-0.24340230051480566,0.0,22,10000,[6873.885565690778],[167.58176393668163],[0.4258169398597689],-20,0.47225383165623097
7760,-0.6886063763992203,0.0,22,10000,[6873.885565690778],[167.58176393668163],[0.4258169398597689],-20,0.47225383165623097
7761,0.4694793724244466,0.0,22,10000,[6873.885565690778],[167.58176393668163],[0.4258169398597689],-20,0.47225383165623097
7762,-0.4217147320636791,0.0,22,10000,[6873.885565690778],[167.58176393668163],[0.4258169398597689],-20,0.47225383165623097
7763,-0.4907372867013563,0.0,22,10000,[6873.885565690778],[167.58176393668163],[0.4258169398597689],-20,0.47225383165623097
7764,-0.5249811114039011,0.0,22,10000,[6873.885565690778],[167.58176393668163],[0.4258169398597689],-20,0.47225383165623097
7765,0.16423206952473457,0.0,22,10000,[6873.885565690778],[167.58176393668163],[0.4258169398597689],-20,0.47225383165623097
7766,-0.28976815900297875,0.0,22,10000,[6873.885565690778],[167.58176393668163],[0.4258169398597689],-20,0.47225383165623097
7767,-0.0561701825335358,0.0,22,10000,[6873.885565690778],[167.58176393668163],[0.4258169398597689],-20,0.47225383165623097
7768,-0.23048839614348293,0.0,22,10000,[6873.885565690778],[167.58176393668163],[0.4258169398597689],-20,0.47225383165623097
7769,-0.35461418010875034,0.0,22,10000,[6873.885565690778],[167.58176393668163],[0.4258169398597689],-20,0.47225383165623097
7770,-0.6689331017685299,0.0,22,10000,[6873.885565690778],[167.58176393668163],[0.4258169398597689],-20,0.47225383165623097
7771,-0.031110991272449713,0.0,22,10000,[6873.885565690778],[167.58176393668163],[0.4258169398597689],-20,0.47225383165623097
7772,-0.043904193377950096,0.0,22,10000,[6873.885565690778],[167.58176393668163],[0.4258169398597689],-20,0.47225383165623097
7773,0.3159055252126352,0.0,22,10000,[6873.885565690778],[167.58176393668163],[0.4258169398597689],-20,0.47225383165623097
7774,-0.3024258884332021,0.0,22,10000,[6873.885565690778],[167.58176393668163],[0.4258169398597689],-20,0.47225383165623097
7775,0.6623409894856969,0.0,22,10000,[6873.885565690778],[167.58176393668163],[0.4258169398597689],-20,0.47225383165623097
7776,-0.14521408769334906,0.0,22,10000,[6873.885565690778],[167.58176393668163],[0.4258169398597689],-20,0.47225383165623097
7777,1.0077408085899557,0.0,22,10000,[6873.885565690778],[167.58176393668163],[0.4258169398597689],-20,0.47225383165623097
7778,-0.40705316711326056,0.0,22,10000,[6873.885565690778],[167.58176393668163],[0.4258169398597689],-20,0.47225383165623097
7779,0.1424943583313651,0.0,22,10000,[6873.885565690778],[167.58176393668163],[0.4258169398597689],-20,0.47225383165623097
7780,0.26400441377507955,0.0,22,10000,[6873.885565690778],[167.58176393668163],[0.4258169398597689],-20,0.47225383165623097
7781,-0.3567463266959002,0.0,22,10000,[6873.885565690778],[167.58176393668163],[0.4258169398597689],-20,0.47225383165623097
7782,0.03016082656513783,0.0,22,10000,[6873.885565690778],[167.58176393668163],[0.4258169398597689],-20,0.47225383165623097
7783,-0.5702540338203349,0.0,22,10000,[6873.885565690778],[167.58176393668163],[0.4258169398597689],-20,0.47225383165623097
7784,-0.2637335544456621,0.0,22,10000,[6873.885565690778],[167.58176393668163],[0.4258169398597689],-20,0.47225383165623097
7785,0.40044976855652425,0.0,22,10000,[6873.885565690778],[167.58176393668163],[0.4258169398597689],-20,0.47225383165623097
7786,-0.4778803994396038,0.0,22,10000,[6873.885565690778],[167.58176393668163],[0.4258169398597689],-20,0.47225383165623097
7787,-0.7001885401367514,0.0,22,10000,[6873.885565690778],[167.58176393668163],[0.4258169398597689],-20,0.47225383165623097
7788,-0.7255672022500205,0.0,22,10000,[6873.885565690778],[167.58176393668163],[0.4258169398597689],-20,0.47225383165623097
7789,-0.2584539002032318,0.0,22,10000,[6873.885565690778],[167.58176393668163],[0.4258169398597689],-20,0.47225383165623097
7790,1.1625809306507748,0.0,22,10000,[6873.885565690778],[167.58176393668163],[0.4258169398597689],-20,0.47225383165623097
7791,0.16503343765772988,0.0,22,10000,[6873.885565690778],[167.58176393668163],[0.4258169398597689],-20,0.47225383165623097
7792,-0.23467772737352677,0.0,22,10000,[6873.885565690778],[167.58176393668163],[0.4258169398597689],-20,0.47225383165623097
7793,0.8357954646008773,0.0,22,10000,[6873.885565690778],[167.58176393668163],[0.4258169398597689],-20,0.47225383165623097
7794,0.2717198361494101,0.0,22,10000,[6873.885565690778],[167.58176393668163],[0.4258169398597689],-20,0.47225383165623097
7795,-0.4909774927426761,0.0,22,10000,[6873.885565690778],[167.58176393668163],[0.4258169398597689],-20,0.47225383165623097
7796,0.4020909087262092,0.0,22,10000,[6873.885565690778],[167.58176393668163],[0.4258169398597689],-20,0.47225383165623097
7797,-0.4654530552732217,0.0,22,10000,[6873.885565690778],[167.58176393668163],[0.4258169398597689],-20,0.47225383165623097
7798,0.15316122752696187,0.0,22,10000,[6873.885565690778],[167.58176393668163],[0.4258169398597689],-20,0.47225383165623097
7799,0.30652759491293063,0.0,22,10000,[6873.885565690778],[167.58176393668163],[0.4258169398597689],-20,0.47225383165623097
7800,-0.16348198860986882,0.0,22,10000,[6873.885565690778],[167.58176393668163],[0.4258169398597689],-20,0.47225383165623097
7801,0.580462209429491,0.0,22,10000,[6873.885565690778],[167.58176393668163],[0.4258169398597689],-20,0.47225383165623097
7802,0.08435790730687631,0.0,22,10000,[6873.885565690778],[167.58176393668163],[0.4258169398597689],-20,0.47225383165623097
7803,0.4191136033770476,0.0,22,10000,[6873.885565690778],[167.58176393668163],[0.4258169398597689],-20,0.47225383165623097
7804,-0.20678638185979134,0.0,22,10000,[6873.885565690778],[167.58176393668163],[0.4258169398597689],-20,0.47225383165623097
7805,0.39148836853902924,0.0,22,10000,[6873.885565690778],[167.58176393668163],[0.4258169398597689],-20,0.47225383165623097
7806,0.4882012822867983,0.0,22,10000,[6873.885565690778],[167.58176393668163],[0.4258169398597689],-20,0.47225383165623097
7807,-0.4976548437270361,0.0,22,10000,[6873.885565690778],[167.58176393668163],[0.4258169398597689],-20,0.47225383165623097
7808,0.10633143645899538,0.0,22,10000,[6873.885565690778],[167.58176393668163],[0.4258169398597689],-20,0.47225383165623097
7809,1.180671879273352,0.0,22,10000,[6873.885565690778],[167.58176393668163],[0.4258169398597689],-20,0.47225383165623097
7810,0.7809641811585472,0.0,22,10000,[6873.885565690778],[167.58176393668163],[0.4258169398597689],-20,0.47225383165623097
7811,0.23642759405703687,0.0,22,10000,[6873.885565690778],[167.58176393668163],[0.4258169398597689],-20,0.47225383165623097
7812,0.551768693706683,0.0,22,10000,[6873.885565690778],[167.58176393668163],[0.4258169398597689],-20,0.47225383165623097
7813,0.4665578187489615,0.0,22,10000,[6873.885565690778],[167.58176393668163],[0.4258169398597689],-20,0.47225383165623097
7814,0.08166236511090712,0.0,22,10000,[6873.885565690778],[167.58176393668163],[0.4258169398597689],-20,0.47225383165623097
7815,-0.18700337635265404,0.0,22,10000,[6873.885565690778],[167.58176393668163],[0.4258169398597689],-20,0.47225383165623097
7816,-0.2313573042344174,0.0,22,10000,[6873.885565690778],[167.58176393668163],[0.4258169398597689],-20,0.47225383165623097
7817,0.406508735461779,0.0,22,10000,[6873.885565690778],[167.58176393668163],[0.4258169398597689],-20,0.47225383165623097
7818,0.45608392329810105,0.0,22,10000,[6873.885565690778],[167.58176393668163],[0.4258169398597689],-20,0.47225383165623097
7819,-1.0601008227187465,0.0,22,10000,[6873.885565690778],[167.58176393668163],[0.4258169398597689],-20,0.47225383165623097
7820,-0.22404853367236666,0.0,22,10000,[6873.885565690778],[167.58176393668163],[0.4258169398597689],-20,0.47225383165623097
7821,0.39022769553461667,0.0,22,10000,[6873.885565690778],[167.58176393668163],[0.4258169398597689],-20,0.47225383165623097
7822,-0.23783237237867008,0.0,22,10000,[6873.885565690778],[167.58176393668163],[0.4258169398597689],-20,0.47225383165623097
7823,0.33992661295795207,0.0,22,10000,[6873.885565690778],[167.58176393668163],[0.4258169398597689],-20,0.47225383165623097
7824,-0.17194143739895956,0.0,22,10000,[6873.885565690778],[167.58176393668163],[0.4258169398597689],-20,0.47225383165623097
7825,-0.8390476997639661,0.0,22,10000,[6873.885565690778],[167.58176393668163],[0.4258169398597689],-20,0.47225383165623097
7826,0.9365769335298639,0.0,22,10000,[6873.885565690778],[167.58176393668163],[0.4258169398597689],-20,0.47225383165623097
7827,0.754220131682125,0.0,22,10000,[6873.885565690778],[167.58176393668163],[0.4258169398597689],-20,0.47225383165623097
7828,-0.5390608432041342,0.0,22,10000,[6873.885565690778],[167.58176393668163],[0.4258169398597689],-20,0.47225383165623097
7829,-1.0191046097066636,0.0,22,10000,[6873.885565690778],[167.58176393668163],[0.4258169398597689],-20,0.47225383165623097
7830,-0.10048368577601809,0.0,22,10000,[6873.885565690778],[167.58176393668163],[0.4258169398597689],-20,0.47225383165623097
7831,-0.3747287085921394,0.0,22,10000,[6873.885565690778],[167.58176393668163],[0.4258169398597689],-20,0.47225383165623097
7832,0.4243520415241053,0.0,22,10000,[6873.885565690778],[167.58176393668163],[0.4258169398597689],-20,0.47225383165623097
7833,-0.5168629345291008,0.0,22,10000,[6873.885565690778],[167.58176393668163],[0.4258169398597689],-20,0.47225383165623097
7834,-0.4130538108778005,0.0,22,10000,[6873.885565690778],[167.58176393668163],[0.4258169398597689],-20,0.47225383165623097
7835,0.10709434539354862,0.0,22,10000,[6873.885565690778],[167.58176393668163],[0.4258169398597689],-20,0.47225383165623097
7836,0.6437742280417419,0.0,22,10000,[6873.885565690778],[167.58176393668163],[0.4258169398597689],-20,0.47225383165623097
7837,-0.32664563285895243,0.0,22,10000,[6873.885565690778],[167.58176393668163],[0.4258169398597689],-20,0.47225383165623097
7838,-1.0439869334986855,0.0,22,10000,[6873.885565690778],[167.58176393668163],[0.4258169398597689],-20,0.47225383165623097
7839,-0.012965167393064103,0.0,22,10000,[6873.885565690778],[167.58176393668163],[0.4258169398597689],-20,0.47225383165623097
7840,0.525687620834596,0.0,22,10000,[6873.885565690778],[167.58176393668163],[0.4258169398597689],-20,0.47225383165623097
7841,0.08460966218402714,0.0,22,10000,[6873.885565690778],[167.58176393668163],[0.4258169398597689],-20,0.47225383165623097
7842,0.1952999425820719,0.0,22,10000,[6873.885565690778],[167.58176393668163],[0.4258169398597689],-20,0.47225383165623097
7843,0.09092601734976413,0.0,22,10000,[6873.885565690778],[167.58176393668163],[0.4258169398597689],-20,0.47225383165623097
7844,0.1534732071901066,0.0,22,10000,[6873.885565690778],[167.58176393668163],[0.4258169398597689],-20,0.47225383165623097
7845,0.5728484806695013,0.0,22,10000,[6873.885565690778],[167.58176393668163],[0.4258169398597689],-20,0.47225383165623097
7846,0.025290944922236377,0.0,22,10000,[6873.885565690778],[167.58176393668163],[0.4258169398597689],-20,0.47225383165623097
7847,0.403750957374772,0.0,22,10000,[6873.885565690778],[167.58176393668163],[0.4258169398597689],-20,0.47225383165623097
7848,0.5335444228064551,0.0,22,10000,[6873.885565690778],[167.58176393668163],[0.4258169398597689],-20,0.47225383165623097
7849,0.4693216023530892,0.0,22,10000,[6873.885565690778],[167.58176393668163],[0.4258169398597689],-20,0.47225383165623097
7850,-0.16862110038548256,0.0,22,10000,[6873.885565690778],[167.58176393668163],[0.4258169398597689],-20,0.47225383165623097
7851,0.15509733135517303,0.0,22,10000,[6873.885565690778],[167.58176393668163],[0.4258169398597689],-20,0.47225383165623097
7852,0.35500690321706757,0.0,22,10000,[6873.885565690778],[167.58176393668163],[0.4258169398597689],-20,0.47225383165623097
7853,0.06922472736495723,0.0,22,10000,[6873.885565690778],[167.58176393668163],[0.4258169398597689],-20,0.47225383165623097
7854,0.8954879312355347,0.0,22,10000,[6873.885565690778],[167.58176393668163],[0.4258169398597689],-20,0.47225383165623097
7855,-0.7203606047342747,0.0,22,10000,[6873.885565690778],[167.58176393668163],[0.4258169398597689],-20,0.47225383165623097
7856,-0.3792107851705273,0.0,22,10000,[6873.885565690778],[167.58176393668163],[0.4258169398597689],-20,0.47225383165623097
7857,0.9346367820622206,0.0,22,10000,[6873.885565690778],[167.58176393668163],[0.4258169398597689],-20,0.47225383165623097
7858,0.06932416504547746,0.0,22,10000,[6873.885565690778],[167.58176393668163],[0.4258169398597689],-20,0.47225383165623097
7859,0.4280907337514617,0.0,22,10000,[6873.885565690778],[167.58176393668163],[0.4258169398597689],-20,0.47225383165623097
7860,-0.701550123574012,0.0,22,10000,[6873.885565690778],[167.58176393668163],[0.4258169398597689],-20,0.47225383165623097
7861,0.7963898000808829,0.0,22,10000,[6873.885565690778],[167.58176393668163],[0.4258169398597689],-20,0.47225383165623097
7862,0.20164155236832362,0.0,22,10000,[6873.885565690778],[167.58176393668163],[0.4258169398597689],-20,0.47225383165623097
7863,0.21679741955731982,0.0,22,10000,[6873.885565690778],[167.58176393668163],[0.4258169398597689],-20,0.47225383165623097
7864,-0.2549253236534459,0.0,22,10000,[6873.885565690778],[167.58176393668163],[0.4258169398597689],-20,0.47225383165623097
7865,0.2505800327849261,0.0,22,10000,[6873.885565690778],[167.58176393668163],[0.4258169398597689],-20,0.47225383165623097
7866,-0.6528042219886552,0.0,22,10000,[6873.885565690778],[167.58176393668163],[0.4258169398597689],-20,0.47225383165623097
7867,0.3490326441048652,0.0,22,10000,[6873.885565690778],[167.58176393668163],[0.4258169398597689],-20,0.47225383165623097
7868,0.02715237409779783,0.0,22,10000,[6873.885565690778],[167.58176393668163],[0.4258169398597689],-20,0.47225383165623097
7869,-0.4114726824682327,0.0,22,10000,[6873.885565690778],[167.58176393668163],[0.4258169398597689],-20,0.47225383165623097
7870,0.42274573915665675,0.0,22,10000,[6873.885565690778],[167.58176393668163],[0.4258169398597689],-20,0.47225383165623097
7871,0.29400975061510637,0.0,22,10000,[6873.885565690778],[167.58176393668163],[0.4258169398597689],-20,0.47225383165623097
7872,0.13060512130479604,0.0,22,10000,[6873.885565690778],[167.58176393668163],[0.4258169398597689],-20,0.47225383165623097
7873,0.2661595421747006,0.0,22,10000,[6873.885565690778],[167.58176393668163],[0.4258169398597689],-20,0.47225383165623097
7874,-1.02339938461768,0.0,22,10000,[6873.885565690778],[167.58176393668163],[0.4258169398597689],-20,0.47225383165623097
7875,-0.38367111699947143,0.0,22,10000,[6873.885565690778],[167.58176393668163],[0.4258169398597689],-20,0.47225383165623097
7876,0.14986072966418781,0.0,22,10000,[6873.885565690778],[167.58176393668163],[0.4258169398597689],-20,0.47225383165623097
7877,-0.7095700561168213,0.0,22,10000,[6873.885565690778],[167.58176393668163],[0.4258169398597689],-20,0.47225383165623097
7878,-0.31911663044064126,0.0,22,10000,[6873.885565690778],[167.58176393668163],[0.4258169398597689],-20,0.47225383165623097
7879,-0.03957679425745123,0.0,22,10000,[6873.885565690778],[167.58176393668163],[0.4258169398597689],-20,0.47225383165623097
7880,-0.2628987953445786,0.0,22,10000,[6873.885565690778],[167.58176393668163],[0.4258169398597689],-20,0.47225383165623097
7881,0.3633585376481013,0.0,22,10000,[6873.885565690778],[167.58176393668163],[0.4258169398597689],-20,0.47225383165623097
7882,0.449676725667677,0.0,22,10000,[6873.885565690778],[167.58176393668163],[0.4258169398597689],-20,0.47225383165623097
7883,-0.4626221763969636,0.0,22,10000,[6873.885565690778],[167.58176393668163],[0.4258169398597689],-20,0.47225383165623097
7884,-0.25956937113906003,0.0,22,10000,[6873.885565690778],[167.58176393668163],[0.4258169398597689],-20,0.47225383165623097
7885,-0.643358193719331,0.0,22,10000,[6873.885565690778],[167.58176393668163],[0.4258169398597689],-20,0.47225383165623097
7886,0.4239070297823556,0.0,22,10000,[6873.885565690778],[167.58176393668163],[0.4258169398597689],-20,0.47225383165623097
7887,0.2695675401017605,0.0,22,10000,[6873.885565690778],[167.58176393668163],[0.4258169398597689],-20,0.47225383165623097
7888,-0.6529072329894134,0.0,22,10000,[6873.885565690778],[167.58176393668163],[0.4258169398597689],-20,0.47225383165623097
7889,-0.32327526797623457,0.0,22,10000,[6873.885565690778],[167.58176393668163],[0.4258169398597689],-20,0.47225383165623097
7890,0.1500681623421441,0.0,22,10000,[6873.885565690778],[167.58176393668163],[0.4258169398597689],-20,0.47225383165623097
7891,-0.29401722792965657,0.0,22,10000,[6873.885565690778],[167.58176393668163],[0.4258169398597689],-20,0.47225383165623097
7892,-0.3042105258545574,0.0,22,10000,[6873.885565690778],[167.58176393668163],[0.4258169398597689],-20,0.47225383165623097
7893,-0.0856911340204645,0.0,22,10000,[6873.885565690778],[167.58176393668163],[0.4258169398597689],-20,0.47225383165623097
7894,0.1610724394069459,0.0,22,10000,[6873.885565690778],[167.58176393668163],[0.4258169398597689],-20,0.47225383165623097
7895,-0.3557308602988551,0.0,22,10000,[6873.885565690778],[167.58176393668163],[0.4258169398597689],-20,0.47225383165623097
7896,-0.04631541014937755,0.0,22,10000,[6873.885565690778],[167.58176393668163],[0.4258169398597689],-20,0.47225383165623097
7897,-0.5663772523194888,0.0,22,10000,[6873.885565690778],[167.58176393668163],[0.4258169398597689],-20,0.47225383165623097
7898,-0.4291002323136641,0.0,22,10000,[6873.885565690778],[167.58176393668163],[0.4258169398597689],-20,0.47225383165623097
7899,0.20615341652001443,0.0,22,10000,[6873.885565690778],[167.58176393668163],[0.4258169398597689],-20,0.47225383165623097
7900,1.0299645672935953,0.0,22,10000,[6873.885565690778],[167.58176393668163],[0.4258169398597689],-20,0.47225383165623097
7901,-1.0113060423323543,0.0,22,10000,[6873.885565690778],[167.58176393668163],[0.4258169398597689],-20,0.47225383165623097
7902,0.09528159780462596,0.0,22,10000,[6873.885565690778],[167.58176393668163],[0.4258169398597689],-20,0.47225383165623097
7903,0.5116246322196586,0.0,22,10000,[6873.885565690778],[167.58176393668163],[0.4258169398597689],-20,0.47225383165623097
7904,-0.22014772743159974,0.0,22,10000,[6873.885565690778],[167.58176393668163],[0.4258169398597689],-20,0.47225383165623097
7905,0.6811264529279537,0.0,22,10000,[6873.885565690778],[167.58176393668163],[0.4258169398597689],-20,0.47225383165623097
7906,-0.04317822300665762,0.0,22,10000,[6873.885565690778],[167.58176393668163],[0.4258169398597689],-20,0.47225383165623097
7907,-0.2821471327295181,0.0,22,10000,[6873.885565690778],[167.58176393668163],[0.4258169398597689],-20,0.47225383165623097
7908,-0.07583471148125048,0.0,22,10000,[6873.885565690778],[167.58176393668163],[0.4258169398597689],-20,0.47225383165623097
7909,-0.0015056931338843249,0.0,22,10000,[6873.885565690778],[167.58176393668163],[0.4258169398597689],-20,0.47225383165623097
7910,0.37653688929319873,0.0,22,10000,[6873.885565690778],[167.58176393668163],[0.4258169398597689],-20,0.47225383165623097
7911,-0.30882870509661137,0.0,22,10000,[6873.885565690778],[167.58176393668163],[0.4258169398597689],-20,0.47225383165623097
7912,0.040580520415294356,0.0,22,10000,[6873.885565690778],[167.58176393668163],[0.4258169398597689],-20,0.47225383165623097
7913,-0.47522028397220045,0.0,22,10000,[6873.885565690778],[167.58176393668163],[0.4258169398597689],-20,0.47225383165623097
7914,-0.1744734177258346,0.0,22,10000,[6873.885565690778],[167.58176393668163],[0.4258169398597689],-20,0.47225383165623097
7915,0.4017329038733549,0.0,22,10000,[6873.885565690778],[167.58176393668163],[0.4258169398597689],-20,0.47225383165623097
7916,-0.07146006713292857,0.0,22,10000,[6873.885565690778],[167.58176393668163],[0.4258169398597689],-20,0.47225383165623097
7917,-0.7429141604690273,0.0,22,10000,[6873.885565690778],[167.58176393668163],[0.4258169398597689],-20,0.47225383165623097
7918,0.8859517978866772,0.0,22,10000,[6873.885565690778],[167.58176393668163],[0.4258169398597689],-20,0.47225383165623097
7919,0.2551516958945018,0.0,22,10000,[6873.885565690778],[167.58176393668163],[0.4258169398597689],-20,0.47225383165623097
7920,-0.6131940761886278,0.0,22,10000,[6873.885565690778],[167.58176393668163],[0.4258169398597689],-20,0.47225383165623097
7921,-0.14855118059714958,0.0,22,10000,[6873.885565690778],[167.58176393668163],[0.4258169398597689],-20,0.47225383165623097
7922,0.5645222077372072,0.0,22,10000,[6873.885565690778],[167.58176393668163],[0.4258169398597689],-20,0.47225383165623097
7923,0.3340829486560654,0.0,22,10000,[6873.885565690778],[167.58176393668163],[0.4258169398597689],-20,0.47225383165623097
7924,0.6724951501961928,0.0,22,10000,[6873.885565690778],[167.58176393668163],[0.4258169398597689],-20,0.47225383165623097
7925,-0.2840210707757152,0.0,22,10000,[6873.885565690778],[167.58176393668163],[0.4258169398597689],-20,0.47225383165623097
7926,0.24703389996318278,0.0,22,10000,[6873.885565690778],[167.58176393668163],[0.4258169398597689],-20,0.47225383165623097
7927,-0.7311929929377803,0.0,22,10000,[6873.885565690778],[167.58176393668163],[0.4258169398597689],-20,0.47225383165623097
7928,-0.17037548575714972,0.0,22,10000,[6873.885565690778],[167.58176393668163],[0.4258169398597689],-20,0.47225383165623097
7929,0.578038783258841,0.0,22,10000,[6873.885565690778],[167.58176393668163],[0.4258169398597689],-20,0.47225383165623097
7930,0.09129109858596882,0.0,22,10000,[6873.885565690778],[167.58176393668163],[0.4258169398597689],-20,0.47225383165623097
7931,0.2416839809197838,0.0,22,10000,[6873.885565690778],[167.58176393668163],[0.4258169398597689],-20,0.47225383165623097
7932,0.34379150384726015,0.0,22,10000,[6873.885565690778],[167.58176393668163],[0.4258169398597689],-20,0.47225383165623097
7933,0.01675774071691691,0.0,22,10000,[6873.885565690778],[167.58176393668163],[0.4258169398597689],-20,0.47225383165623097
7934,0.7297390851926321,0.0,22,10000,[6873.885565690778],[167.58176393668163],[0.4258169398597689],-20,0.47225383165623097
7935,0.11386915396219303,0.0,22,10000,[6873.885565690778],[167.58176393668163],[0.4258169398597689],-20,0.47225383165623097
7936,-0.2511697636096042,0.0,22,10000,[6873.885565690778],[167.58176393668163],[0.4258169398597689],-20,0.47225383165623097
7937,0.4006963738484943,0.0,22,10000,[6873.885565690778],[167.58176393668163],[0.4258169398597689],-20,0.47225383165623097
7938,-1.1391631183966424,0.0,22,10000,[6873.885565690778],[167.58176393668163],[0.4258169398597689],-20,0.47225383165623097
7939,0.6031664223386312,0.0,22,10000,[6873.885565690778],[167.58176393668163],[0.4258169398597689],-20,0.47225383165623097
7940,0.11016496116336534,0.0,22,10000,[6873.885565690778],[167.58176393668163],[0.4258169398597689],-20,0.47225383165623097
7941,0.15761993667195004,0.0,22,10000,[6873.885565690778],[167.58176393668163],[0.4258169398597689],-20,0.47225383165623097
7942,0.5264882715561745,0.0,22,10000,[6873.885565690778],[167.58176393668163],[0.4258169398597689],-20,0.47225383165623097
7943,-0.15950454384229484,0.0,22,10000,[6873.885565690778],[167.58176393668163],[0.4258169398597689],-20,0.47225383165623097
7944,0.622398041401926,0.0,22,10000,[6873.885565690778],[167.58176393668163],[0.4258169398597689],-20,0.47225383165623097
7945,-0.3150445362485529,0.0,22,10000,[6873.885565690778],[167.58176393668163],[0.4258169398597689],-20,0.47225383165623097
7946,-0.049884560021265296,0.0,22,10000,[6873.885565690778],[167.58176393668163],[0.4258169398597689],-20,0.47225383165623097
7947,-0.6361439539682403,0.0,22,10000,[6873.885565690778],[167.58176393668163],[0.4258169398597689],-20,0.47225383165623097
7948,0.368310692428406,0.0,22,10000,[6873.885565690778],[167.58176393668163],[0.4258169398597689],-20,0.47225383165623097
7949,-0.8857489015615524,0.0,22,10000,[6873.885565690778],[167.58176393668163],[0.4258169398597689],-20,0.47225383165623097
7950,-1.0605713359288518,0.0,22,10000,[6873.885565690778],[167.58176393668163],[0.4258169398597689],-20,0.47225383165623097
7951,0.06303439076908639,0.0,22,10000,[6873.885565690778],[167.58176393668163],[0.4258169398597689],-20,0.47225383165623097
7952,-0.7805354564338997,0.0,22,10000,[6873.885565690778],[167.58176393668163],[0.4258169398597689],-20,0.47225383165623097
7953,-0.6341870880422376,0.0,22,10000,[6873.885565690778],[167.58176393668163],[0.4258169398597689],-20,0.47225383165623097
7954,0.1273364919191355,0.0,22,10000,[6873.885565690778],[167.58176393668163],[0.4258169398597689],-20,0.47225383165623097
7955,1.078101752143258,0.0,22,10000,[6873.885565690778],[167.58176393668163],[0.4258169398597689],-20,0.47225383165623097
7956,-0.10904623528272599,0.0,22,10000,[6873.885565690778],[167.58176393668163],[0.4258169398597689],-20,0.47225383165623097
7957,-0.07559352563521171,0.0,22,10000,[6873.885565690778],[167.58176393668163],[0.4258169398597689],-20,0.47225383165623097
7958,-0.14239247386817724,0.0,22,10000,[6873.885565690778],[167.58176393668163],[0.4258169398597689],-20,0.47225383165623097
7959,0.5877437205848143,0.0,22,10000,[6873.885565690778],[167.58176393668163],[0.4258169398597689],-20,0.47225383165623097
7960,-0.4933439531496169,0.0,22,10000,[6873.885565690778],[167.58176393668163],[0.4258169398597689],-20,0.47225383165623097
7961,-0.44968063457286417,0.0,22,10000,[6873.885565690778],[167.58176393668163],[0.4258169398597689],-20,0.47225383165623097
7962,-0.14480974383099696,0.0,22,10000,[6873.885565690778],[167.58176393668163],[0.4258169398597689],-20,0.47225383165623097
7963,0.5310833012526904,0.0,22,10000,[6873.885565690778],[167.58176393668163],[0.4258169398597689],-20,0.47225383165623097
7964,-1.3488241353061117,0.0,22,10000,[6873.885565690778],[167.58176393668163],[0.4258169398597689],-20,0.47225383165623097
7965,0.14789545914566857,0.0,22,10000,[6873.885565690778],[167.58176393668163],[0.4258169398597689],-20,0.47225383165623097
7966,-0.6679216129596237,0.0,22,10000,[6873.885565690778],[167.58176393668163],[0.4258169398597689],-20,0.47225383165623097
7967,0.3662418514858561,0.0,22,10000,[6873.885565690778],[167.58176393668163],[0.4258169398597689],-20,0.47225383165623097
7968,-0.22991827439184703,0.0,22,10000,[6873.885565690778],[167.58176393668163],[0.4258169398597689],-20,0.47225383165623097
7969,0.16315804535406075,0.0,22,10000,[6873.885565690778],[167.58176393668163],[0.4258169398597689],-20,0.47225383165623097
7970,-0.2589832809555303,0.0,22,10000,[6873.885565690778],[167.58176393668163],[0.4258169398597689],-20,0.47225383165623097
7971,0.04279584405739334,0.0,22,10000,[6873.885565690778],[167.58176393668163],[0.4258169398597689],-20,0.47225383165623097
7972,-0.24310568100451213,0.0,22,10000,[6873.885565690778],[167.58176393668163],[0.4258169398597689],-20,0.47225383165623097
7973,0.6093593010782956,0.0,22,10000,[6873.885565690778],[167.58176393668163],[0.4258169398597689],-20,0.47225383165623097
7974,0.3335927262555997,0.0,22,10000,[6873.885565690778],[167.58176393668163],[0.4258169398597689],-20,0.47225383165623097
7975,0.12208226786134489,0.0,22,10000,[6873.885565690778],[167.58176393668163],[0.4258169398597689],-20,0.47225383165623097
7976,0.5439571528850552,0.0,22,10000,[6873.885565690778],[167.58176393668163],[0.4258169398597689],-20,0.47225383165623097
7977,-0.05846554167884202,0.0,22,10000,[6873.885565690778],[167.58176393668163],[0.4258169398597689],-20,0.47225383165623097
7978,0.11418239909238667,0.0,22,10000,[6873.885565690778],[167.58176393668163],[0.4258169398597689],-20,0.47225383165623097
7979,0.34758672234598104,0.0,22,10000,[6873.885565690778],[167.58176393668163],[0.4258169398597689],-20,0.47225383165623097
7980,0.9111559532676328,0.0,22,10000,[6873.885565690778],[167.58176393668163],[0.4258169398597689],-20,0.47225383165623097
7981,-0.46172203633872566,0.0,22,10000,[6873.885565690778],[167.58176393668163],[0.4258169398597689],-20,0.47225383165623097
7982,-0.4205520158955983,0.0,22,10000,[6873.885565690778],[167.58176393668163],[0.4258169398597689],-20,0.47225383165623097
7983,0.7824682194538506,0.0,22,10000,[6873.885565690778],[167.58176393668163],[0.4258169398597689],-20,0.47225383165623097
7984,-0.4546721896154607,0.0,22,10000,[6873.885565690778],[167.58176393668163],[0.4258169398597689],-20,0.47225383165623097
7985,-0.5616011560412946,0.0,22,10000,[6873.885565690778],[167.58176393668163],[0.4258169398597689],-20,0.47225383165623097
7986,-0.3396714840974726,0.0,22,10000,[6873.885565690778],[167.58176393668163],[0.4258169398597689],-20,0.47225383165623097
7987,-0.5033241766489367,0.0,22,10000,[6873.885565690778],[167.58176393668163],[0.4258169398597689],-20,0.47225383165623097
7988,0.5784215647766331,0.0,22,10000,[6873.885565690778],[167.58176393668163],[0.4258169398597689],-20,0.47225383165623097
7989,0.08564147973984751,0.0,22,10000,[6873.885565690778],[167.58176393668163],[0.4258169398597689],-20,0.47225383165623097
7990,0.5110341130353786,0.0,22,10000,[6873.885565690778],[167.58176393668163],[0.4258169398597689],-20,0.47225383165623097
7991,0.28649232941886704,0.0,22,10000,[6873.885565690778],[167.58176393668163],[0.4258169398597689],-20,0.47225383165623097
7992,-0.19521254844806646,0.0,22,10000,[6873.885565690778],[167.58176393668163],[0.4258169398597689],-20,0.47225383165623097
7993,0.5632906024002071,0.0,22,10000,[6873.885565690778],[167.58176393668163],[0.4258169398597689],-20,0.47225383165623097
7994,-1.633219453268774,0.0,22,10000,[6873.885565690778],[167.58176393668163],[0.4258169398597689],-20,0.47225383165623097
7995,-0.48357628298664695,0.0,22,10000,[6873.885565690778],[167.58176393668163],[0.4258169398597689],-20,0.47225383165623097
7996,0.0785230487131237,0.0,22,10000,[6873.885565690778],[167.58176393668163],[0.4258169398597689],-20,0.47225383165623097
7997,-0.7295193411940991,0.0,22,10000,[6873.885565690778],[167.58176393668163],[0.4258169398597689],-20,0.47225383165623097
7998,-0.0558549042170238,0.0,22,10000,[6873.885565690778],[167.58176393668163],[0.4258169398597689],-20,0.47225383165623097
7999,0.3719118962888493,0.0,22,10000,[6873.885565690778],[167.58176393668163],[0.4258169398597689],-20,0.47225383165623097
8000,-0.13098529055670793,0.0,22,10000,[6873.885565690778],[167.58176393668163],[0.4258169398597689],-20,0.47225383165623097
8001,-0.3466556489728818,0.0,22,10000,[6873.885565690778],[167.58176393668163],[0.4258169398597689],-20,0.47225383165623097
8002,-0.2895885042530241,0.0,22,10000,[6873.885565690778],[167.58176393668163],[0.4258169398597689],-20,0.47225383165623097
8003,0.18041246035759356,0.0,22,10000,[6873.885565690778],[167.58176393668163],[0.4258169398597689],-20,0.47225383165623097
8004,0.5245199005204348,0.0,22,10000,[6873.885565690778],[167.58176393668163],[0.4258169398597689],-20,0.47225383165623097
8005,-0.6432460861904639,0.0,22,10000,[6873.885565690778],[167.58176393668163],[0.4258169398597689],-20,0.47225383165623097
8006,-0.8770155164990773,0.0,22,10000,[6873.885565690778],[167.58176393668163],[0.4258169398597689],-20,0.47225383165623097
8007,0.1408310542860845,0.0,22,10000,[6873.885565690778],[167.58176393668163],[0.4258169398597689],-20,0.47225383165623097
8008,0.305635804001528,0.0,22,10000,[6873.885565690778],[167.58176393668163],[0.4258169398597689],-20,0.47225383165623097
8009,0.06933172407486567,0.0,22,10000,[6873.885565690778],[167.58176393668163],[0.4258169398597689],-20,0.47225383165623097
8010,0.06052925818931076,0.0,22,10000,[6873.885565690778],[167.58176393668163],[0.4258169398597689],-20,0.47225383165623097
8011,-0.6830138149344427,0.0,22,10000,[6873.885565690778],[167.58176393668163],[0.4258169398597689],-20,0.47225383165623097
8012,0.6266650979850505,0.0,22,10000,[6873.885565690778],[167.58176393668163],[0.4258169398597689],-20,0.47225383165623097
8013,0.18728972422136994,0.0,22,10000,[6873.885565690778],[167.58176393668163],[0.4258169398597689],-20,0.47225383165623097
8014,0.2044711011167638,0.0,22,10000,[6873.885565690778],[167.58176393668163],[0.4258169398597689],-20,0.47225383165623097
8015,1.3883811289042078,0.0,22,10000,[6873.885565690778],[167.58176393668163],[0.4258169398597689],-20,0.47225383165623097
8016,0.1649221848809872,0.0,22,10000,[6873.885565690778],[167.58176393668163],[0.4258169398597689],-20,0.47225383165623097
8017,0.2811997700010898,0.0,22,10000,[6873.885565690778],[167.58176393668163],[0.4258169398597689],-20,0.47225383165623097
8018,-0.28428506839081175,0.0,22,10000,[6873.885565690778],[167.58176393668163],[0.4258169398597689],-20,0.47225383165623097
8019,-0.306629537814294,0.0,22,10000,[6873.885565690778],[167.58176393668163],[0.4258169398597689],-20,0.47225383165623097
8020,-0.47198488195608973,0.0,22,10000,[6873.885565690778],[167.58176393668163],[0.4258169398597689],-20,0.47225383165623097
8021,0.2495353766071761,0.0,22,10000,[6873.885565690778],[167.58176393668163],[0.4258169398597689],-20,0.47225383165623097
8022,0.2538365203430461,0.0,22,10000,[6873.885565690778],[167.58176393668163],[0.4258169398597689],-20,0.47225383165623097
8023,0.2105687552038771,0.0,22,10000,[6873.885565690778],[167.58176393668163],[0.4258169398597689],-20,0.47225383165623097
8024,-0.3137108565901972,0.0,22,10000,[6873.885565690778],[167.58176393668163],[0.4258169398597689],-20,0.47225383165623097
8025,-1.0802185952296082,0.0,22,10000,[6873.885565690778],[167.58176393668163],[0.4258169398597689],-20,0.47225383165623097
8026,-1.0545020751089724,0.0,22,10000,[6873.885565690778],[167.58176393668163],[0.4258169398597689],-20,0.47225383165623097
8027,0.044193890208429724,0.0,22,10000,[6873.885565690778],[167.58176393668163],[0.4258169398597689],-20,0.47225383165623097
8028,-0.7799027410289162,0.0,22,10000,[6873.885565690778],[167.58176393668163],[0.4258169398597689],-20,0.47225383165623097
8029,-0.9949639618509061,0.0,22,10000,[6873.885565690778],[167.58176393668163],[0.4258169398597689],-20,0.47225383165623097
8030,0.5424825790466171,0.0,22,10000,[6873.885565690778],[167.58176393668163],[0.4258169398597689],-20,0.47225383165623097
8031,-0.7857230248432219,0.0,22,10000,[6873.885565690778],[167.58176393668163],[0.4258169398597689],-20,0.47225383165623097
8032,0.6546219370415404,0.0,22,10000,[6873.885565690778],[167.58176393668163],[0.4258169398597689],-20,0.47225383165623097
8033,-0.12119511640570964,0.0,22,10000,[6873.885565690778],[167.58176393668163],[0.4258169398597689],-20,0.47225383165623097
8034,0.23510063010048635,0.0,22,10000,[6873.885565690778],[167.58176393668163],[0.4258169398597689],-20,0.47225383165623097
8035,-0.9574810449875453,0.0,22,10000,[6873.885565690778],[167.58176393668163],[0.4258169398597689],-20,0.47225383165623097
8036,0.624816759516544,0.0,22,10000,[6873.885565690778],[167.58176393668163],[0.4258169398597689],-20,0.47225383165623097
8037,-0.49902528866044543,0.0,22,10000,[6873.885565690778],[167.58176393668163],[0.4258169398597689],-20,0.47225383165623097
8038,-0.45591798397794825,0.0,22,10000,[6873.885565690778],[167.58176393668163],[0.4258169398597689],-20,0.47225383165623097
8039,0.20965246162619522,0.0,22,10000,[6873.885565690778],[167.58176393668163],[0.4258169398597689],-20,0.47225383165623097
8040,0.3051187481421784,0.0,22,10000,[6873.885565690778],[167.58176393668163],[0.4258169398597689],-20,0.47225383165623097
8041,0.6846079101352914,0.0,22,10000,[6873.885565690778],[167.58176393668163],[0.4258169398597689],-20,0.47225383165623097
8042,0.25109593757716375,0.0,22,10000,[6873.885565690778],[167.58176393668163],[0.4258169398597689],-20,0.47225383165623097
8043,-0.21933555272466562,0.0,22,10000,[6873.885565690778],[167.58176393668163],[0.4258169398597689],-20,0.47225383165623097
8044,0.5101980855919901,0.0,22,10000,[6873.885565690778],[167.58176393668163],[0.4258169398597689],-20,0.47225383165623097
8045,-0.6858340182988902,0.0,22,10000,[6873.885565690778],[167.58176393668163],[0.4258169398597689],-20,0.47225383165623097
8046,-0.8289692179973028,0.0,22,10000,[6873.885565690778],[167.58176393668163],[0.4258169398597689],-20,0.47225383165623097
8047,-0.5221221702019266,0.0,22,10000,[6873.885565690778],[167.58176393668163],[0.4258169398597689],-20,0.47225383165623097
8048,-0.29651487313545716,0.0,22,10000,[6873.885565690778],[167.58176393668163],[0.4258169398597689],-20,0.47225383165623097
8049,0.621201612783334,0.0,22,10000,[6873.885565690778],[167.58176393668163],[0.4258169398597689],-20,0.47225383165623097
8050,-0.18982670995609824,0.0,22,10000,[6873.885565690778],[167.58176393668163],[0.4258169398597689],-20,0.47225383165623097
8051,0.3405236771441867,0.0,22,10000,[6873.885565690778],[167.58176393668163],[0.4258169398597689],-20,0.47225383165623097
8052,0.9164697317818984,0.0,22,10000,[6873.885565690778],[167.58176393668163],[0.4258169398597689],-20,0.47225383165623097
8053,-0.6196414274202502,0.0,22,10000,[6873.885565690778],[167.58176393668163],[0.4258169398597689],-20,0.47225383165623097
8054,-0.2913993971140332,0.0,22,10000,[6873.885565690778],[167.58176393668163],[0.4258169398597689],-20,0.47225383165623097
8055,0.31706467879147027,0.0,22,10000,[6873.885565690778],[167.58176393668163],[0.4258169398597689],-20,0.47225383165623097
8056,-0.3478284430794381,0.0,22,10000,[6873.885565690778],[167.58176393668163],[0.4258169398597689],-20,0.47225383165623097
8057,-0.5302650624624488,0.0,22,10000,[6873.885565690778],[167.58176393668163],[0.4258169398597689],-20,0.47225383165623097
8058,0.7325916830019183,0.0,22,10000,[6873.885565690778],[167.58176393668163],[0.4258169398597689],-20,0.47225383165623097
8059,0.8697418229697425,0.0,22,10000,[6873.885565690778],[167.58176393668163],[0.4258169398597689],-20,0.47225383165623097
8060,-0.1616640337731157,0.0,22,10000,[6873.885565690778],[167.58176393668163],[0.4258169398597689],-20,0.47225383165623097
8061,-0.5459017216489906,0.0,22,10000,[6873.885565690778],[167.58176393668163],[0.4258169398597689],-20,0.47225383165623097
8062,-0.4516072168095579,0.0,22,10000,[6873.885565690778],[167.58176393668163],[0.4258169398597689],-20,0.47225383165623097
8063,-0.41295053483498534,0.0,22,10000,[6873.885565690778],[167.58176393668163],[0.4258169398597689],-20,0.47225383165623097
8064,-0.8585228986439477,0.0,22,10000,[6873.885565690778],[167.58176393668163],[0.4258169398597689],-20,0.47225383165623097
8065,0.3555563204362484,0.0,22,10000,[6873.885565690778],[167.58176393668163],[0.4258169398597689],-20,0.47225383165623097
8066,0.5499658589964508,0.0,22,10000,[6873.885565690778],[167.58176393668163],[0.4258169398597689],-20,0.47225383165623097
8067,-0.41928072999471244,0.0,22,10000,[6873.885565690778],[167.58176393668163],[0.4258169398597689],-20,0.47225383165623097
8068,-0.3073993854329391,0.0,22,10000,[6873.885565690778],[167.58176393668163],[0.4258169398597689],-20,0.47225383165623097
8069,0.12101088202912134,0.0,22,10000,[6873.885565690778],[167.58176393668163],[0.4258169398597689],-20,0.47225383165623097
8070,-0.14089021262305962,0.0,22,10000,[6873.885565690778],[167.58176393668163],[0.4258169398597689],-20,0.47225383165623097
8071,0.6964856819465963,0.0,22,10000,[6873.885565690778],[167.58176393668163],[0.4258169398597689],-20,0.47225383165623097
8072,0.3948912197462719,0.0,22,10000,[6873.885565690778],[167.58176393668163],[0.4258169398597689],-20,0.47225383165623097
8073,-0.32231095001270316,0.0,22,10000,[6873.885565690778],[167.58176393668163],[0.4258169398597689],-20,0.47225383165623097
8074,0.17884646256068004,0.0,22,10000,[6873.885565690778],[167.58176393668163],[0.4258169398597689],-20,0.47225383165623097
8075,-0.38760328848297726,0.0,22,10000,[6873.885565690778],[167.58176393668163],[0.4258169398597689],-20,0.47225383165623097
8076,0.5808469899891484,0.0,22,10000,[6873.885565690778],[167.58176393668163],[0.4258169398597689],-20,0.47225383165623097
8077,-0.20067993396202582,0.0,22,10000,[6873.885565690778],[167.58176393668163],[0.4258169398597689],-20,0.47225383165623097
8078,0.40723626914900346,0.0,22,10000,[6873.885565690778],[167.58176393668163],[0.4258169398597689],-20,0.47225383165623097
8079,-0.4019576270206518,0.0,22,10000,[6873.885565690778],[167.58176393668163],[0.4258169398597689],-20,0.47225383165623097
8080,-0.05875047299129808,0.0,22,10000,[6873.885565690778],[167.58176393668163],[0.4258169398597689],-20,0.47225383165623097
8081,0.3490732355545567,0.0,22,10000,[6873.885565690778],[167.58176393668163],[0.4258169398597689],-20,0.47225383165623097
8082,0.6299002771439827,0.0,22,10000,[6873.885565690778],[167.58176393668163],[0.4258169398597689],-20,0.47225383165623097
8083,-0.009729883707466459,0.0,22,10000,[6873.885565690778],[167.58176393668163],[0.4258169398597689],-20,0.47225383165623097
8084,-0.05349651651476984,0.0,22,10000,[6873.885565690778],[167.58176393668163],[0.4258169398597689],-20,0.47225383165623097
8085,-0.4618533075932243,0.0,22,10000,[6873.885565690778],[167.58176393668163],[0.4258169398597689],-20,0.47225383165623097
8086,-0.1133267814584564,0.0,22,10000,[6873.885565690778],[167.58176393668163],[0.4258169398597689],-20,0.47225383165623097
8087,-0.43118028474025705,0.0,22,10000,[6873.885565690778],[167.58176393668163],[0.4258169398597689],-20,0.47225383165623097
8088,-0.2012945624952761,0.0,22,10000,[6873.885565690778],[167.58176393668163],[0.4258169398597689],-20,0.47225383165623097
8089,-0.5093072445552423,0.0,22,10000,[6873.885565690778],[167.58176393668163],[0.4258169398597689],-20,0.47225383165623097
8090,-0.09006353374656093,0.0,22,10000,[6873.885565690778],[167.58176393668163],[0.4258169398597689],-20,0.47225383165623097
8091,-1.2768531965265295,0.0,22,10000,[6873.885565690778],[167.58176393668163],[0.4258169398597689],-20,0.47225383165623097
8092,-0.8290288817229823,0.0,22,10000,[6873.885565690778],[167.58176393668163],[0.4258169398597689],-20,0.47225383165623097
8093,0.20044393213558648,0.0,22,10000,[6873.885565690778],[167.58176393668163],[0.4258169398597689],-20,0.47225383165623097
8094,0.019302737941114492,0.0,22,10000,[6873.885565690778],[167.58176393668163],[0.4258169398597689],-20,0.47225383165623097
8095,-0.20592715506456516,0.0,22,10000,[6873.885565690778],[167.58176393668163],[0.4258169398597689],-20,0.47225383165623097
8096,0.37266395094799953,0.0,22,10000,[6873.885565690778],[167.58176393668163],[0.4258169398597689],-20,0.47225383165623097
8097,-0.7582193804824359,0.0,22,10000,[6873.885565690778],[167.58176393668163],[0.4258169398597689],-20,0.47225383165623097
8098,0.35992781152283065,0.0,22,10000,[6873.885565690778],[167.58176393668163],[0.4258169398597689],-20,0.47225383165623097
8099,0.15522548254699556,0.0,22,10000,[6873.885565690778],[167.58176393668163],[0.4258169398597689],-20,0.47225383165623097
8100,-0.534770836261959,0.0,22,10000,[6873.885565690778],[167.58176393668163],[0.4258169398597689],-20,0.47225383165623097
8101,-0.005115196113242328,0.0,22,10000,[6873.885565690778],[167.58176393668163],[0.4258169398597689],-20,0.47225383165623097
8102,-0.4796548849462876,0.0,22,10000,[6873.885565690778],[167.58176393668163],[0.4258169398597689],-20,0.47225383165623097
8103,0.07656071012650541,0.0,22,10000,[6873.885565690778],[167.58176393668163],[0.4258169398597689],-20,0.47225383165623097
8104,-0.11116089726716535,0.0,22,10000,[6873.885565690778],[167.58176393668163],[0.4258169398597689],-20,0.47225383165623097
8105,0.7151054244085712,0.0,22,10000,[6873.885565690778],[167.58176393668163],[0.4258169398597689],-20,0.47225383165623097
8106,0.30196602135191475,0.0,22,10000,[6873.885565690778],[167.58176393668163],[0.4258169398597689],-20,0.47225383165623097
8107,1.2853991863523546,0.0,22,10000,[6873.885565690778],[167.58176393668163],[0.4258169398597689],-20,0.47225383165623097
8108,0.2683717522682834,0.0,22,10000,[6873.885565690778],[167.58176393668163],[0.4258169398597689],-20,0.47225383165623097
8109,0.18004027685816992,0.0,22,10000,[6873.885565690778],[167.58176393668163],[0.4258169398597689],-20,0.47225383165623097
8110,0.2628285319295602,0.0,22,10000,[6873.885565690778],[167.58176393668163],[0.4258169398597689],-20,0.47225383165623097
8111,-0.16576333903178422,0.0,22,10000,[6873.885565690778],[167.58176393668163],[0.4258169398597689],-20,0.47225383165623097
8112,0.5963957253694454,0.0,22,10000,[6873.885565690778],[167.58176393668163],[0.4258169398597689],-20,0.47225383165623097
8113,-0.2474401460958439,0.0,22,10000,[6873.885565690778],[167.58176393668163],[0.4258169398597689],-20,0.47225383165623097
8114,-0.4108056189097692,0.0,22,10000,[6873.885565690778],[167.58176393668163],[0.4258169398597689],-20,0.47225383165623097
8115,-0.6079827115745499,0.0,22,10000,[6873.885565690778],[167.58176393668163],[0.4258169398597689],-20,0.47225383165623097
8116,0.3007046771236494,0.0,22,10000,[6873.885565690778],[167.58176393668163],[0.4258169398597689],-20,0.47225383165623097
8117,0.7177858822567785,0.0,22,10000,[6873.885565690778],[167.58176393668163],[0.4258169398597689],-20,0.47225383165623097
8118,-0.10411071310515202,0.0,22,10000,[6873.885565690778],[167.58176393668163],[0.4258169398597689],-20,0.47225383165623097
8119,-0.549044395036735,0.0,22,10000,[6873.885565690778],[167.58176393668163],[0.4258169398597689],-20,0.47225383165623097
8120,-0.04118493934265296,0.0,22,10000,[6873.885565690778],[167.58176393668163],[0.4258169398597689],-20,0.47225383165623097
8121,0.003369920024179613,0.0,22,10000,[6873.885565690778],[167.58176393668163],[0.4258169398597689],-20,0.47225383165623097
8122,0.5938700239898065,0.0,22,10000,[6873.885565690778],[167.58176393668163],[0.4258169398597689],-20,0.47225383165623097
8123,0.2671920849030835,0.0,22,10000,[6873.885565690778],[167.58176393668163],[0.4258169398597689],-20,0.47225383165623097
8124,0.173677630896139,0.0,22,10000,[6873.885565690778],[167.58176393668163],[0.4258169398597689],-20,0.47225383165623097
8125,-0.0867525663640801,0.0,22,10000,[6873.885565690778],[167.58176393668163],[0.4258169398597689],-20,0.47225383165623097
8126,0.0915845932649238,0.0,22,10000,[6873.885565690778],[167.58176393668163],[0.4258169398597689],-20,0.47225383165623097
8127,1.000799720009644,0.0,22,10000,[6873.885565690778],[167.58176393668163],[0.4258169398597689],-20,0.47225383165623097
8128,-0.6229788509226648,0.0,22,10000,[6873.885565690778],[167.58176393668163],[0.4258169398597689],-20,0.47225383165623097
8129,-0.31845333919081853,0.0,22,10000,[6873.885565690778],[167.58176393668163],[0.4258169398597689],-20,0.47225383165623097
8130,-0.4389173137623315,0.0,22,10000,[6873.885565690778],[167.58176393668163],[0.4258169398597689],-20,0.47225383165623097
8131,-0.6864514914712861,0.0,22,10000,[6873.885565690778],[167.58176393668163],[0.4258169398597689],-20,0.47225383165623097
8132,-0.08782680952634243,0.0,22,10000,[6873.885565690778],[167.58176393668163],[0.4258169398597689],-20,0.47225383165623097
8133,0.09408373291620784,0.0,22,10000,[6873.885565690778],[167.58176393668163],[0.4258169398597689],-20,0.47225383165623097
8134,-1.0016453777896905,0.0,22,10000,[6873.885565690778],[167.58176393668163],[0.4258169398597689],-20,0.47225383165623097
8135,0.7560263661571771,0.0,22,10000,[6873.885565690778],[167.58176393668163],[0.4258169398597689],-20,0.47225383165623097
8136,0.09847102369407218,0.0,22,10000,[6873.885565690778],[167.58176393668163],[0.4258169398597689],-20,0.47225383165623097
8137,0.31092301120642146,0.0,22,10000,[6873.885565690778],[167.58176393668163],[0.4258169398597689],-20,0.47225383165623097
8138,-0.4591628896670694,0.0,22,10000,[6873.885565690778],[167.58176393668163],[0.4258169398597689],-20,0.47225383165623097
8139,0.2489604964256634,0.0,22,10000,[6873.885565690778],[167.58176393668163],[0.4258169398597689],-20,0.47225383165623097
8140,1.0736716866074882,0.0,22,10000,[6873.885565690778],[167.58176393668163],[0.4258169398597689],-20,0.47225383165623097
8141,-0.528391287156525,0.0,22,10000,[6873.885565690778],[167.58176393668163],[0.4258169398597689],-20,0.47225383165623097
8142,0.11693371621063407,0.0,22,10000,[6873.885565690778],[167.58176393668163],[0.4258169398597689],-20,0.47225383165623097
8143,-0.0714143450950533,0.0,22,10000,[6873.885565690778],[167.58176393668163],[0.4258169398597689],-20,0.47225383165623097
8144,-0.3063018894873672,0.0,22,10000,[6873.885565690778],[167.58176393668163],[0.4258169398597689],-20,0.47225383165623097
8145,-0.03869453395935835,0.0,22,10000,[6873.885565690778],[167.58176393668163],[0.4258169398597689],-20,0.47225383165623097
8146,-0.5253994926034585,0.0,22,10000,[6873.885565690778],[167.58176393668163],[0.4258169398597689],-20,0.47225383165623097
8147,0.23155667495011584,0.0,22,10000,[6873.885565690778],[167.58176393668163],[0.4258169398597689],-20,0.47225383165623097
8148,0.039823459982135774,0.0,22,10000,[6873.885565690778],[167.58176393668163],[0.4258169398597689],-20,0.47225383165623097
8149,-0.6991634635702664,0.0,22,10000,[6873.885565690778],[167.58176393668163],[0.4258169398597689],-20,0.47225383165623097
8150,0.4900042386009602,0.0,22,10000,[6873.885565690778],[167.58176393668163],[0.4258169398597689],-20,0.47225383165623097
8151,0.359961531911743,0.0,22,10000,[6873.885565690778],[167.58176393668163],[0.4258169398597689],-20,0.47225383165623097
8152,-0.3367947872084544,0.0,22,10000,[6873.885565690778],[167.58176393668163],[0.4258169398597689],-20,0.47225383165623097
8153,-0.1532092417235248,0.0,22,10000,[6873.885565690778],[167.58176393668163],[0.4258169398597689],-20,0.47225383165623097
8154,-0.14257754679830564,0.0,22,10000,[6873.885565690778],[167.58176393668163],[0.4258169398597689],-20,0.47225383165623097
8155,0.3483077495797272,0.0,22,10000,[6873.885565690778],[167.58176393668163],[0.4258169398597689],-20,0.47225383165623097
8156,-1.3818219602204163,0.0,22,10000,[6873.885565690778],[167.58176393668163],[0.4258169398597689],-20,0.47225383165623097
8157,0.5457422160571009,0.0,22,10000,[6873.885565690778],[167.58176393668163],[0.4258169398597689],-20,0.47225383165623097
8158,0.16225969528894163,0.0,22,10000,[6873.885565690778],[167.58176393668163],[0.4258169398597689],-20,0.47225383165623097
8159,0.3685367198786441,0.0,22,10000,[6873.885565690778],[167.58176393668163],[0.4258169398597689],-20,0.47225383165623097
8160,-0.28246326576804454,0.0,22,10000,[6873.885565690778],[167.58176393668163],[0.4258169398597689],-20,0.47225383165623097
8161,0.2238822512358568,0.0,22,10000,[6873.885565690778],[167.58176393668163],[0.4258169398597689],-20,0.47225383165623097
8162,-0.2761648914705422,0.0,22,10000,[6873.885565690778],[167.58176393668163],[0.4258169398597689],-20,0.47225383165623097
8163,0.12064437897068812,0.0,22,10000,[6873.885565690778],[167.58176393668163],[0.4258169398597689],-20,0.47225383165623097
8164,0.2802911095362976,0.0,22,10000,[6873.885565690778],[167.58176393668163],[0.4258169398597689],-20,0.47225383165623097
8165,-1.394096870728964,0.0,22,10000,[6873.885565690778],[167.58176393668163],[0.4258169398597689],-20,0.47225383165623097
8166,-0.05673004938356285,0.0,22,10000,[6873.885565690778],[167.58176393668163],[0.4258169398597689],-20,0.47225383165623097
8167,-0.7718755405320032,0.0,22,10000,[6873.885565690778],[167.58176393668163],[0.4258169398597689],-20,0.47225383165623097
8168,0.50418799755128,0.0,22,10000,[6873.885565690778],[167.58176393668163],[0.4258169398597689],-20,0.47225383165623097
8169,0.36662653343459717,0.0,22,10000,[6873.885565690778],[167.58176393668163],[0.4258169398597689],-20,0.47225383165623097
8170,1.0533348580163906,0.0,22,10000,[6873.885565690778],[167.58176393668163],[0.4258169398597689],-20,0.47225383165623097
8171,-0.03759275932236274,0.0,22,10000,[6873.885565690778],[167.58176393668163],[0.4258169398597689],-20,0.47225383165623097
8172,-0.3081239144565087,0.0,22,10000,[6873.885565690778],[167.58176393668163],[0.4258169398597689],-20,0.47225383165623097
8173,0.42463942852328224,0.0,22,10000,[6873.885565690778],[167.58176393668163],[0.4258169398597689],-20,0.47225383165623097
8174,-0.07236679942580503,0.0,22,10000,[6873.885565690778],[167.58176393668163],[0.4258169398597689],-20,0.47225383165623097
8175,-0.00023234211367210888,0.0,22,10000,[6873.885565690778],[167.58176393668163],[0.4258169398597689],-20,0.47225383165623097
8176,0.41496167272068607,0.0,22,10000,[6873.885565690778],[167.58176393668163],[0.4258169398597689],-20,0.47225383165623097
8177,0.27558794644969004,0.0,22,10000,[6873.885565690778],[167.58176393668163],[0.4258169398597689],-20,0.47225383165623097
8178,0.17865122314481469,0.0,22,10000,[6873.885565690778],[167.58176393668163],[0.4258169398597689],-20,0.47225383165623097
8179,-0.5497598729386829,0.0,22,10000,[6873.885565690778],[167.58176393668163],[0.4258169398597689],-20,0.47225383165623097
8180,-0.08710242273244254,0.0,22,10000,[6873.885565690778],[167.58176393668163],[0.4258169398597689],-20,0.47225383165623097
8181,0.10860468715125655,0.0,22,10000,[6873.885565690778],[167.58176393668163],[0.4258169398597689],-20,0.47225383165623097
8182,-0.06019954655831893,0.0,22,10000,[6873.885565690778],[167.58176393668163],[0.4258169398597689],-20,0.47225383165623097
8183,0.3774244979837659,0.0,22,10000,[6873.885565690778],[167.58176393668163],[0.4258169398597689],-20,0.47225383165623097
8184,0.4682765867879079,0.0,22,10000,[6873.885565690778],[167.58176393668163],[0.4258169398597689],-20,0.47225383165623097
8185,-0.3479530416319642,0.0,22,10000,[6873.885565690778],[167.58176393668163],[0.4258169398597689],-20,0.47225383165623097
8186,0.45067511398721133,0.0,22,10000,[6873.885565690778],[167.58176393668163],[0.4258169398597689],-20,0.47225383165623097
8187,-0.4056902517839538,0.0,22,10000,[6873.885565690778],[167.58176393668163],[0.4258169398597689],-20,0.47225383165623097
8188,-0.07611785042123266,0.0,22,10000,[6873.885565690778],[167.58176393668163],[0.4258169398597689],-20,0.47225383165623097
8189,0.540091428370856,0.0,22,10000,[6873.885565690778],[167.58176393668163],[0.4258169398597689],-20,0.47225383165623097
8190,-0.6630798936334827,0.0,22,10000,[6873.885565690778],[167.58176393668163],[0.4258169398597689],-20,0.47225383165623097
8191,-0.10025103533947083,0.0,22,10000,[6873.885565690778],[167.58176393668163],[0.4258169398597689],-20,0.47225383165623097
8192,-0.11148794296622537,0.0,22,10000,[6873.885565690778],[167.58176393668163],[0.4258169398597689],-20,0.47225383165623097
8193,0.5211440871834064,0.0,22,10000,[6873.885565690778],[167.58176393668163],[0.4258169398597689],-20,0.47225383165623097
8194,0.2505100354917249,0.0,22,10000,[6873.885565690778],[167.58176393668163],[0.4258169398597689],-20,0.47225383165623097
8195,0.62717901992263,0.0,22,10000,[6873.885565690778],[167.58176393668163],[0.4258169398597689],-20,0.47225383165623097
8196,1.0132918873317327,0.0,22,10000,[6873.885565690778],[167.58176393668163],[0.4258169398597689],-20,0.47225383165623097
8197,0.5343815510402863,0.0,22,10000,[6873.885565690778],[167.58176393668163],[0.4258169398597689],-20,0.47225383165623097
8198,0.12615666462401856,0.0,22,10000,[6873.885565690778],[167.58176393668163],[0.4258169398597689],-20,0.47225383165623097
8199,-0.7239388059433344,0.0,22,10000,[6873.885565690778],[167.58176393668163],[0.4258169398597689],-20,0.47225383165623097
8200,0.5649680152830235,0.0,22,10000,[6873.885565690778],[167.58176393668163],[0.4258169398597689],-20,0.47225383165623097
8201,-0.6918512648343571,0.0,22,10000,[6873.885565690778],[167.58176393668163],[0.4258169398597689],-20,0.47225383165623097
8202,-0.5099011235398944,0.0,22,10000,[6873.885565690778],[167.58176393668163],[0.4258169398597689],-20,0.47225383165623097
8203,-0.0826713680554635,0.0,22,10000,[6873.885565690778],[167.58176393668163],[0.4258169398597689],-20,0.47225383165623097
8204,-0.6319751033762099,0.0,22,10000,[6873.885565690778],[167.58176393668163],[0.4258169398597689],-20,0.47225383165623097
8205,0.3543174742278378,0.0,22,10000,[6873.885565690778],[167.58176393668163],[0.4258169398597689],-20,0.47225383165623097
8206,0.05269929883934835,0.0,22,10000,[6873.885565690778],[167.58176393668163],[0.4258169398597689],-20,0.47225383165623097
8207,-0.269829665971628,0.0,22,10000,[6873.885565690778],[167.58176393668163],[0.4258169398597689],-20,0.47225383165623097
8208,0.26817915256084446,0.0,22,10000,[6873.885565690778],[167.58176393668163],[0.4258169398597689],-20,0.47225383165623097
8209,-0.3182139271848634,0.0,22,10000,[6873.885565690778],[167.58176393668163],[0.4258169398597689],-20,0.47225383165623097
8210,-0.42328457521796836,0.0,22,10000,[6873.885565690778],[167.58176393668163],[0.4258169398597689],-20,0.47225383165623097
8211,0.12154497393061112,0.0,22,10000,[6873.885565690778],[167.58176393668163],[0.4258169398597689],-20,0.47225383165623097
8212,0.12419354735447644,0.0,22,10000,[6873.885565690778],[167.58176393668163],[0.4258169398597689],-20,0.47225383165623097
8213,-0.3374766443340592,0.0,22,10000,[6873.885565690778],[167.58176393668163],[0.4258169398597689],-20,0.47225383165623097
8214,-0.3618578327946005,0.0,22,10000,[6873.885565690778],[167.58176393668163],[0.4258169398597689],-20,0.47225383165623097
8215,-0.18485009079372658,0.0,22,10000,[6873.885565690778],[167.58176393668163],[0.4258169398597689],-20,0.47225383165623097
8216,0.16876603807810558,0.0,22,10000,[6873.885565690778],[167.58176393668163],[0.4258169398597689],-20,0.47225383165623097
8217,0.8028188473084791,0.0,22,10000,[6873.885565690778],[167.58176393668163],[0.4258169398597689],-20,0.47225383165623097
8218,0.2557472592459607,0.0,22,10000,[6873.885565690778],[167.58176393668163],[0.4258169398597689],-20,0.47225383165623097
8219,0.33644791604525776,0.0,22,10000,[6873.885565690778],[167.58176393668163],[0.4258169398597689],-20,0.47225383165623097
8220,-0.2869407705207484,0.0,22,10000,[6873.885565690778],[167.58176393668163],[0.4258169398597689],-20,0.47225383165623097
8221,-0.34515965992947045,0.0,22,10000,[6873.885565690778],[167.58176393668163],[0.4258169398597689],-20,0.47225383165623097
8222,0.6914133928702267,0.0,22,10000,[6873.885565690778],[167.58176393668163],[0.4258169398597689],-20,0.47225383165623097
8223,-0.5509086971134874,0.0,22,10000,[6873.885565690778],[167.58176393668163],[0.4258169398597689],-20,0.47225383165623097
8224,0.08037433287120095,0.0,22,10000,[6873.885565690778],[167.58176393668163],[0.4258169398597689],-20,0.47225383165623097
8225,-0.6436874530757106,0.0,22,10000,[6873.885565690778],[167.58176393668163],[0.4258169398597689],-20,0.47225383165623097
8226,0.633943359471886,0.0,22,10000,[6873.885565690778],[167.58176393668163],[0.4258169398597689],-20,0.47225383165623097
8227,-0.13972488158733792,0.0,22,10000,[6873.885565690778],[167.58176393668163],[0.4258169398597689],-20,0.47225383165623097
8228,-0.5556488436953128,0.0,22,10000,[6873.885565690778],[167.58176393668163],[0.4258169398597689],-20,0.47225383165623097
8229,-0.19534130759351445,0.0,22,10000,[6873.885565690778],[167.58176393668163],[0.4258169398597689],-20,0.47225383165623097
8230,-0.12381015820262489,0.0,22,10000,[6873.885565690778],[167.58176393668163],[0.4258169398597689],-20,0.47225383165623097
8231,-0.5570776209705278,0.0,22,10000,[6873.885565690778],[167.58176393668163],[0.4258169398597689],-20,0.47225383165623097
8232,0.5076233617619169,0.0,22,10000,[6873.885565690778],[167.58176393668163],[0.4258169398597689],-20,0.47225383165623097
8233,-0.32879846586438893,0.0,22,10000,[6873.885565690778],[167.58176393668163],[0.4258169398597689],-20,0.47225383165623097
8234,0.3557746103423196,0.0,22,10000,[6873.885565690778],[167.58176393668163],[0.4258169398597689],-20,0.47225383165623097
8235,-0.05013963228671665,0.0,22,10000,[6873.885565690778],[167.58176393668163],[0.4258169398597689],-20,0.47225383165623097
8236,-0.4752363923414031,0.0,22,10000,[6873.885565690778],[167.58176393668163],[0.4258169398597689],-20,0.47225383165623097
8237,0.15927647154166072,0.0,22,10000,[6873.885565690778],[167.58176393668163],[0.4258169398597689],-20,0.47225383165623097
8238,0.34703123007344017,0.0,22,10000,[6873.885565690778],[167.58176393668163],[0.4258169398597689],-20,0.47225383165623097
8239,0.18314515420203717,0.0,22,10000,[6873.885565690778],[167.58176393668163],[0.4258169398597689],-20,0.47225383165623097
8240,0.3444914607495186,0.0,22,10000,[6873.885565690778],[167.58176393668163],[0.4258169398597689],-20,0.47225383165623097
8241,-0.6716317729525074,0.0,22,10000,[6873.885565690778],[167.58176393668163],[0.4258169398597689],-20,0.47225383165623097
8242,0.07478940275869532,0.0,22,10000,[6873.885565690778],[167.58176393668163],[0.4258169398597689],-20,0.47225383165623097
8243,0.33979147562445994,0.0,22,10000,[6873.885565690778],[167.58176393668163],[0.4258169398597689],-20,0.47225383165623097
8244,-0.13555086356816046,0.0,22,10000,[6873.885565690778],[167.58176393668163],[0.4258169398597689],-20,0.47225383165623097
8245,0.6953198741357652,0.0,22,10000,[6873.885565690778],[167.58176393668163],[0.4258169398597689],-20,0.47225383165623097
8246,0.42816436834322097,0.0,22,10000,[6873.885565690778],[167.58176393668163],[0.4258169398597689],-20,0.47225383165623097
8247,-0.28699223066494545,0.0,22,10000,[6873.885565690778],[167.58176393668163],[0.4258169398597689],-20,0.47225383165623097
8248,0.047843928684623616,0.0,22,10000,[6873.885565690778],[167.58176393668163],[0.4258169398597689],-20,0.47225383165623097
8249,0.8467924566109556,0.0,22,10000,[6873.885565690778],[167.58176393668163],[0.4258169398597689],-20,0.47225383165623097
8250,-0.42334983255155384,0.0,22,10000,[6873.885565690778],[167.58176393668163],[0.4258169398597689],-20,0.47225383165623097
8251,-0.24222706521650844,0.0,22,10000,[6873.885565690778],[167.58176393668163],[0.4258169398597689],-20,0.47225383165623097
8252,-0.4587216160957924,0.0,22,10000,[6873.885565690778],[167.58176393668163],[0.4258169398597689],-20,0.47225383165623097
8253,-0.629694349010147,0.0,22,10000,[6873.885565690778],[167.58176393668163],[0.4258169398597689],-20,0.47225383165623097
8254,1.1351142880558254,0.0,22,10000,[6873.885565690778],[167.58176393668163],[0.4258169398597689],-20,0.47225383165623097
8255,-1.11407066948446,0.0,22,10000,[6873.885565690778],[167.58176393668163],[0.4258169398597689],-20,0.47225383165623097
8256,-0.0059998420220494005,0.0,22,10000,[6873.885565690778],[167.58176393668163],[0.4258169398597689],-20,0.47225383165623097
8257,-0.2703699225869728,0.0,22,10000,[6873.885565690778],[167.58176393668163],[0.4258169398597689],-20,0.47225383165623097
8258,0.292037524609802,0.0,22,10000,[6873.885565690778],[167.58176393668163],[0.4258169398597689],-20,0.47225383165623097
8259,-0.9562241841483173,0.0,22,10000,[6873.885565690778],[167.58176393668163],[0.4258169398597689],-20,0.47225383165623097
8260,0.2791180818625858,0.0,22,10000,[6873.885565690778],[167.58176393668163],[0.4258169398597689],-20,0.47225383165623097
8261,-0.30278924365523247,0.0,22,10000,[6873.885565690778],[167.58176393668163],[0.4258169398597689],-20,0.47225383165623097
8262,-0.0864927771199275,0.0,22,10000,[6873.885565690778],[167.58176393668163],[0.4258169398597689],-20,0.47225383165623097
8263,0.07120238669717825,0.0,22,10000,[6873.885565690778],[167.58176393668163],[0.4258169398597689],-20,0.47225383165623097
8264,-0.7431068712601611,0.0,22,10000,[6873.885565690778],[167.58176393668163],[0.4258169398597689],-20,0.47225383165623097
8265,0.06380208240897128,0.0,22,10000,[6873.885565690778],[167.58176393668163],[0.4258169398597689],-20,0.47225383165623097
8266,-0.5485323793990051,0.0,22,10000,[6873.885565690778],[167.58176393668163],[0.4258169398597689],-20,0.47225383165623097
8267,-0.4774734557005137,0.0,22,10000,[6873.885565690778],[167.58176393668163],[0.4258169398597689],-20,0.47225383165623097
8268,-0.06195169500752673,0.0,22,10000,[6873.885565690778],[167.58176393668163],[0.4258169398597689],-20,0.47225383165623097
8269,0.479838417422196,0.0,22,10000,[6873.885565690778],[167.58176393668163],[0.4258169398597689],-20,0.47225383165623097
8270,0.130279179440837,0.0,22,10000,[6873.885565690778],[167.58176393668163],[0.4258169398597689],-20,0.47225383165623097
8271,0.5383314343212966,0.0,22,10000,[6873.885565690778],[167.58176393668163],[0.4258169398597689],-20,0.47225383165623097
8272,-0.2436190879007949,0.0,22,10000,[6873.885565690778],[167.58176393668163],[0.4258169398597689],-20,0.47225383165623097
8273,-0.22104312323703093,0.0,22,10000,[6873.885565690778],[167.58176393668163],[0.4258169398597689],-20,0.47225383165623097
8274,-0.41307673374672915,0.0,22,10000,[6873.885565690778],[167.58176393668163],[0.4258169398597689],-20,0.47225383165623097
8275,-0.6965330750535214,0.0,22,10000,[6873.885565690778],[167.58176393668163],[0.4258169398597689],-20,0.47225383165623097
8276,0.2660437947331627,0.0,22,10000,[6873.885565690778],[167.58176393668163],[0.4258169398597689],-20,0.47225383165623097
8277,-0.7455707482536271,0.0,22,10000,[6873.885565690778],[167.58176393668163],[0.4258169398597689],-20,0.47225383165623097
8278,-0.1297047684030709,0.0,22,10000,[6873.885565690778],[167.58176393668163],[0.4258169398597689],-20,0.47225383165623097
8279,0.2673681512754569,0.0,22,10000,[6873.885565690778],[167.58176393668163],[0.4258169398597689],-20,0.47225383165623097
8280,0.28327507794649803,0.0,22,10000,[6873.885565690778],[167.58176393668163],[0.4258169398597689],-20,0.47225383165623097
8281,0.36727471970758707,0.0,22,10000,[6873.885565690778],[167.58176393668163],[0.4258169398597689],-20,0.47225383165623097
8282,-0.28575083997360606,0.0,22,10000,[6873.885565690778],[167.58176393668163],[0.4258169398597689],-20,0.47225383165623097
8283,-0.7252983544706019,0.0,22,10000,[6873.885565690778],[167.58176393668163],[0.4258169398597689],-20,0.47225383165623097
8284,0.24593127389253275,0.0,22,10000,[6873.885565690778],[167.58176393668163],[0.4258169398597689],-20,0.47225383165623097
8285,-0.7113772813095031,0.0,22,10000,[6873.885565690778],[167.58176393668163],[0.4258169398597689],-20,0.47225383165623097
8286,-0.04637028197174588,0.0,22,10000,[6873.885565690778],[167.58176393668163],[0.4258169398597689],-20,0.47225383165623097
8287,-0.43368314555569604,0.0,22,10000,[6873.885565690778],[167.58176393668163],[0.4258169398597689],-20,0.47225383165623097
8288,0.8918451384280107,0.0,22,10000,[6873.885565690778],[167.58176393668163],[0.4258169398597689],-20,0.47225383165623097
8289,-0.5449749128326621,0.0,22,10000,[6873.885565690778],[167.58176393668163],[0.4258169398597689],-20,0.47225383165623097
8290,0.4888406572725693,0.0,22,10000,[6873.885565690778],[167.58176393668163],[0.4258169398597689],-20,0.47225383165623097
8291,0.67795991381714,0.0,22,10000,[6873.885565690778],[167.58176393668163],[0.4258169398597689],-20,0.47225383165623097
8292,-0.10067547552894426,0.0,22,10000,[6873.885565690778],[167.58176393668163],[0.4258169398597689],-20,0.47225383165623097
8293,-0.05221175637273593,0.0,22,10000,[6873.885565690778],[167.58176393668163],[0.4258169398597689],-20,0.47225383165623097
8294,0.7828901248109121,0.0,22,10000,[6873.885565690778],[167.58176393668163],[0.4258169398597689],-20,0.47225383165623097
8295,0.030712078918917217,0.0,22,10000,[6873.885565690778],[167.58176393668163],[0.4258169398597689],-20,0.47225383165623097
8296,-0.4549614738655777,0.0,22,10000,[6873.885565690778],[167.58176393668163],[0.4258169398597689],-20,0.47225383165623097
8297,-0.36908679413544176,0.0,22,10000,[6873.885565690778],[167.58176393668163],[0.4258169398597689],-20,0.47225383165623097
8298,-0.66847227680434,0.0,22,10000,[6873.885565690778],[167.58176393668163],[0.4258169398597689],-20,0.47225383165623097
8299,-0.19353065461809876,0.0,22,10000,[6873.885565690778],[167.58176393668163],[0.4258169398597689],-20,0.47225383165623097
8300,0.03008756987107224,0.0,22,10000,[6873.885565690778],[167.58176393668163],[0.4258169398597689],-20,0.47225383165623097
8301,-0.03600406994521158,0.0,22,10000,[6873.885565690778],[167.58176393668163],[0.4258169398597689],-20,0.47225383165623097
8302,-0.9421518790769141,0.0,22,10000,[6873.885565690778],[167.58176393668163],[0.4258169398597689],-20,0.47225383165623097
8303,-0.4410639899038986,0.0,22,10000,[6873.885565690778],[167.58176393668163],[0.4258169398597689],-20,0.47225383165623097
8304,0.31923142343573885,0.0,22,10000,[6873.885565690778],[167.58176393668163],[0.4258169398597689],-20,0.47225383165623097
8305,-0.2535643124153284,0.0,22,10000,[6873.885565690778],[167.58176393668163],[0.4258169398597689],-20,0.47225383165623097
8306,0.13383532978944424,0.0,22,10000,[6873.885565690778],[167.58176393668163],[0.4258169398597689],-20,0.47225383165623097
8307,-1.130369647292553,0.0,22,10000,[6873.885565690778],[167.58176393668163],[0.4258169398597689],-20,0.47225383165623097
8308,0.2548917659521811,0.0,22,10000,[6873.885565690778],[167.58176393668163],[0.4258169398597689],-20,0.47225383165623097
8309,-0.3056940212320837,0.0,22,10000,[6873.885565690778],[167.58176393668163],[0.4258169398597689],-20,0.47225383165623097
8310,-0.4047755334994989,0.0,22,10000,[6873.885565690778],[167.58176393668163],[0.4258169398597689],-20,0.47225383165623097
8311,0.3315539160890258,0.0,22,10000,[6873.885565690778],[167.58176393668163],[0.4258169398597689],-20,0.47225383165623097
8312,0.38472741186540166,0.0,22,10000,[6873.885565690778],[167.58176393668163],[0.4258169398597689],-20,0.47225383165623097
8313,-0.252448906703201,0.0,22,10000,[6873.885565690778],[167.58176393668163],[0.4258169398597689],-20,0.47225383165623097
8314,0.2995685341903138,0.0,22,10000,[6873.885565690778],[167.58176393668163],[0.4258169398597689],-20,0.47225383165623097
8315,-0.31147780139135073,0.0,22,10000,[6873.885565690778],[167.58176393668163],[0.4258169398597689],-20,0.47225383165623097
8316,0.05659677273644805,0.0,22,10000,[6873.885565690778],[167.58176393668163],[0.4258169398597689],-20,0.47225383165623097
8317,0.5536680196048445,0.0,22,10000,[6873.885565690778],[167.58176393668163],[0.4258169398597689],-20,0.47225383165623097
8318,-0.17897724587473215,0.0,22,10000,[6873.885565690778],[167.58176393668163],[0.4258169398597689],-20,0.47225383165623097
8319,0.021726981322544154,0.0,22,10000,[6873.885565690778],[167.58176393668163],[0.4258169398597689],-20,0.47225383165623097
8320,0.5933218904069916,0.0,22,10000,[6873.885565690778],[167.58176393668163],[0.4258169398597689],-20,0.47225383165623097
8321,0.4089399639790389,0.0,22,10000,[6873.885565690778],[167.58176393668163],[0.4258169398597689],-20,0.47225383165623097
8322,-0.75813846950441,0.0,22,10000,[6873.885565690778],[167.58176393668163],[0.4258169398597689],-20,0.47225383165623097
8323,0.48286726754067083,0.0,22,10000,[6873.885565690778],[167.58176393668163],[0.4258169398597689],-20,0.47225383165623097
8324,-0.4954960994085579,0.0,22,10000,[6873.885565690778],[167.58176393668163],[0.4258169398597689],-20,0.47225383165623097
8325,0.3850167133136896,0.0,22,10000,[6873.885565690778],[167.58176393668163],[0.4258169398597689],-20,0.47225383165623097
8326,0.3523287404446709,0.0,22,10000,[6873.885565690778],[167.58176393668163],[0.4258169398597689],-20,0.47225383165623097
8327,0.4631954181104096,0.0,22,10000,[6873.885565690778],[167.58176393668163],[0.4258169398597689],-20,0.47225383165623097
8328,-0.08637129816154156,0.0,22,10000,[6873.885565690778],[167.58176393668163],[0.4258169398597689],-20,0.47225383165623097
8329,0.7962872122123201,0.0,22,10000,[6873.885565690778],[167.58176393668163],[0.4258169398597689],-20,0.47225383165623097
8330,0.026459041806151964,0.0,22,10000,[6873.885565690778],[167.58176393668163],[0.4258169398597689],-20,0.47225383165623097
8331,0.03600660883794787,0.0,22,10000,[6873.885565690778],[167.58176393668163],[0.4258169398597689],-20,0.47225383165623097
8332,-0.23931597714131295,0.0,22,10000,[6873.885565690778],[167.58176393668163],[0.4258169398597689],-20,0.47225383165623097
8333,-0.3788432592853882,0.0,22,10000,[6873.885565690778],[167.58176393668163],[0.4258169398597689],-20,0.47225383165623097
8334,0.8482206404335919,0.0,22,10000,[6873.885565690778],[167.58176393668163],[0.4258169398597689],-20,0.47225383165623097
8335,0.21308841260237607,0.0,22,10000,[6873.885565690778],[167.58176393668163],[0.4258169398597689],-20,0.47225383165623097
8336,-0.3707044999690156,0.0,22,10000,[6873.885565690778],[167.58176393668163],[0.4258169398597689],-20,0.47225383165623097
8337,-0.6496546122746049,0.0,22,10000,[6873.885565690778],[167.58176393668163],[0.4258169398597689],-20,0.47225383165623097
8338,0.18238752883037432,0.0,22,10000,[6873.885565690778],[167.58176393668163],[0.4258169398597689],-20,0.47225383165623097
8339,-0.014384082212643751,0.0,22,10000,[6873.885565690778],[167.58176393668163],[0.4258169398597689],-20,0.47225383165623097
8340,0.4643218115809479,0.0,22,10000,[6873.885565690778],[167.58176393668163],[0.4258169398597689],-20,0.47225383165623097
8341,0.01990210900111999,0.0,22,10000,[6873.885565690778],[167.58176393668163],[0.4258169398597689],-20,0.47225383165623097
8342,-0.029551058362657905,0.0,22,10000,[6873.885565690778],[167.58176393668163],[0.4258169398597689],-20,0.47225383165623097
8343,-0.23153697556185185,0.0,22,10000,[6873.885565690778],[167.58176393668163],[0.4258169398597689],-20,0.47225383165623097
8344,-0.5875229686435572,0.0,22,10000,[6873.885565690778],[167.58176393668163],[0.4258169398597689],-20,0.47225383165623097
8345,-0.08303373513834869,0.0,22,10000,[6873.885565690778],[167.58176393668163],[0.4258169398597689],-20,0.47225383165623097
8346,0.20347457296012017,0.0,22,10000,[6873.885565690778],[167.58176393668163],[0.4258169398597689],-20,0.47225383165623097
8347,-0.3706451330727396,0.0,22,10000,[6873.885565690778],[167.58176393668163],[0.4258169398597689],-20,0.47225383165623097
8348,-0.979834400210449,0.0,22,10000,[6873.885565690778],[167.58176393668163],[0.4258169398597689],-20,0.47225383165623097
8349,0.0023180491549416905,0.0,22,10000,[6873.885565690778],[167.58176393668163],[0.4258169398597689],-20,0.47225383165623097
8350,-0.8227022013054818,0.0,22,10000,[6873.885565690778],[167.58176393668163],[0.4258169398597689],-20,0.47225383165623097
8351,-0.15601409064909277,0.0,22,10000,[6873.885565690778],[167.58176393668163],[0.4258169398597689],-20,0.47225383165623097
8352,0.11128508673297104,0.0,22,10000,[6873.885565690778],[167.58176393668163],[0.4258169398597689],-20,0.47225383165623097
8353,-0.3836400579104119,0.0,22,10000,[6873.885565690778],[167.58176393668163],[0.4258169398597689],-20,0.47225383165623097
8354,0.5964089166123865,0.0,22,10000,[6873.885565690778],[167.58176393668163],[0.4258169398597689],-20,0.47225383165623097
8355,-0.31403907992365465,0.0,22,10000,[6873.885565690778],[167.58176393668163],[0.4258169398597689],-20,0.47225383165623097
8356,-0.27471798461753244,0.0,22,10000,[6873.885565690778],[167.58176393668163],[0.4258169398597689],-20,0.47225383165623097
8357,-0.00970534234952672,0.0,22,10000,[6873.885565690778],[167.58176393668163],[0.4258169398597689],-20,0.47225383165623097
8358,0.321545795305267,0.0,22,10000,[6873.885565690778],[167.58176393668163],[0.4258169398597689],-20,0.47225383165623097
8359,-0.5966931757017194,0.0,22,10000,[6873.885565690778],[167.58176393668163],[0.4258169398597689],-20,0.47225383165623097
8360,-0.9385253910748259,0.0,22,10000,[6873.885565690778],[167.58176393668163],[0.4258169398597689],-20,0.47225383165623097
8361,-0.5497189247922084,0.0,22,10000,[6873.885565690778],[167.58176393668163],[0.4258169398597689],-20,0.47225383165623097
8362,0.5531948714475233,0.0,22,10000,[6873.885565690778],[167.58176393668163],[0.4258169398597689],-20,0.47225383165623097
8363,0.6604322796376492,0.0,22,10000,[6873.885565690778],[167.58176393668163],[0.4258169398597689],-20,0.47225383165623097
8364,1.1303075877881903,0.0,22,10000,[6873.885565690778],[167.58176393668163],[0.4258169398597689],-20,0.47225383165623097
8365,-0.5181452868682815,0.0,22,10000,[6873.885565690778],[167.58176393668163],[0.4258169398597689],-20,0.47225383165623097
8366,-0.30014593006374496,0.0,22,10000,[6873.885565690778],[167.58176393668163],[0.4258169398597689],-20,0.47225383165623097
8367,-0.3659681399578827,0.0,22,10000,[6873.885565690778],[167.58176393668163],[0.4258169398597689],-20,0.47225383165623097
8368,0.1713833680861705,0.0,22,10000,[6873.885565690778],[167.58176393668163],[0.4258169398597689],-20,0.47225383165623097
8369,-0.8137488063371741,0.0,22,10000,[6873.885565690778],[167.58176393668163],[0.4258169398597689],-20,0.47225383165623097
8370,-0.15475609885378702,0.0,22,10000,[6873.885565690778],[167.58176393668163],[0.4258169398597689],-20,0.47225383165623097
8371,-0.26059595152125975,0.0,22,10000,[6873.885565690778],[167.58176393668163],[0.4258169398597689],-20,0.47225383165623097
8372,-0.2530188379321237,0.0,22,10000,[6873.885565690778],[167.58176393668163],[0.4258169398597689],-20,0.47225383165623097
8373,-0.2981629900036458,0.0,22,10000,[6873.885565690778],[167.58176393668163],[0.4258169398597689],-20,0.47225383165623097
8374,-0.154795221595879,0.0,22,10000,[6873.885565690778],[167.58176393668163],[0.4258169398597689],-20,0.47225383165623097
8375,-0.24639244513137407,0.0,22,10000,[6873.885565690778],[167.58176393668163],[0.4258169398597689],-20,0.47225383165623097
8376,0.11317622763647335,0.0,22,10000,[6873.885565690778],[167.58176393668163],[0.4258169398597689],-20,0.47225383165623097
8377,0.23166127699121308,0.0,22,10000,[6873.885565690778],[167.58176393668163],[0.4258169398597689],-20,0.47225383165623097
8378,-0.13697192482065226,0.0,22,10000,[6873.885565690778],[167.58176393668163],[0.4258169398597689],-20,0.47225383165623097
8379,-0.31663127835101423,0.0,22,10000,[6873.885565690778],[167.58176393668163],[0.4258169398597689],-20,0.47225383165623097
8380,-0.2139698463460504,0.0,22,10000,[6873.885565690778],[167.58176393668163],[0.4258169398597689],-20,0.47225383165623097
8381,0.3296186921099219,0.0,22,10000,[6873.885565690778],[167.58176393668163],[0.4258169398597689],-20,0.47225383165623097
8382,0.2660153263154405,0.0,22,10000,[6873.885565690778],[167.58176393668163],[0.4258169398597689],-20,0.47225383165623097
8383,0.2371104086395645,0.0,22,10000,[6873.885565690778],[167.58176393668163],[0.4258169398597689],-20,0.47225383165623097
8384,-0.5208541134601634,0.0,22,10000,[6873.885565690778],[167.58176393668163],[0.4258169398597689],-20,0.47225383165623097
8385,-0.21527577272700552,0.0,22,10000,[6873.885565690778],[167.58176393668163],[0.4258169398597689],-20,0.47225383165623097
8386,-0.5484236047367348,0.0,22,10000,[6873.885565690778],[167.58176393668163],[0.4258169398597689],-20,0.47225383165623097
8387,0.8043686641869282,0.0,22,10000,[6873.885565690778],[167.58176393668163],[0.4258169398597689],-20,0.47225383165623097
8388,-0.016058729260412664,0.0,22,10000,[6873.885565690778],[167.58176393668163],[0.4258169398597689],-20,0.47225383165623097
8389,0.7165798913909107,0.0,22,10000,[6873.885565690778],[167.58176393668163],[0.4258169398597689],-20,0.47225383165623097
8390,-0.3509567547583981,0.0,22,10000,[6873.885565690778],[167.58176393668163],[0.4258169398597689],-20,0.47225383165623097
8391,-0.5451042013723053,0.0,22,10000,[6873.885565690778],[167.58176393668163],[0.4258169398597689],-20,0.47225383165623097
8392,-0.20989461896239503,0.0,22,10000,[6873.885565690778],[167.58176393668163],[0.4258169398597689],-20,0.47225383165623097
8393,0.22172935089169798,0.0,22,10000,[6873.885565690778],[167.58176393668163],[0.4258169398597689],-20,0.47225383165623097
8394,0.05340085210458462,0.0,22,10000,[6873.885565690778],[167.58176393668163],[0.4258169398597689],-20,0.47225383165623097
8395,-0.3096279796679918,0.0,22,10000,[6873.885565690778],[167.58176393668163],[0.4258169398597689],-20,0.47225383165623097
8396,0.8358267075452457,0.0,22,10000,[6873.885565690778],[167.58176393668163],[0.4258169398597689],-20,0.47225383165623097
8397,-0.49023224413163713,0.0,22,10000,[6873.885565690778],[167.58176393668163],[0.4258169398597689],-20,0.47225383165623097
8398,0.6397810393686931,0.0,22,10000,[6873.885565690778],[167.58176393668163],[0.4258169398597689],-20,0.47225383165623097
8399,0.455361968552035,0.0,22,10000,[6873.885565690778],[167.58176393668163],[0.4258169398597689],-20,0.47225383165623097
8400,0.20183891960954717,0.0,22,10000,[6873.885565690778],[167.58176393668163],[0.4258169398597689],-20,0.47225383165623097
8401,-0.17605960615919253,0.0,22,10000,[6873.885565690778],[167.58176393668163],[0.4258169398597689],-20,0.47225383165623097
8402,0.7146036897402153,0.0,22,10000,[6873.885565690778],[167.58176393668163],[0.4258169398597689],-20,0.47225383165623097
8403,0.49223549521166926,0.0,22,10000,[6873.885565690778],[167.58176393668163],[0.4258169398597689],-20,0.47225383165623097
8404,-0.5234505515096713,0.0,22,10000,[6873.885565690778],[167.58176393668163],[0.4258169398597689],-20,0.47225383165623097
8405,1.063569577481398,0.0,22,10000,[6873.885565690778],[167.58176393668163],[0.4258169398597689],-20,0.47225383165623097
8406,0.1525005391693557,0.0,22,10000,[6873.885565690778],[167.58176393668163],[0.4258169398597689],-20,0.47225383165623097
8407,-0.11738380674436881,0.0,22,10000,[6873.885565690778],[167.58176393668163],[0.4258169398597689],-20,0.47225383165623097
8408,-0.2019129578945725,0.0,22,10000,[6873.885565690778],[167.58176393668163],[0.4258169398597689],-20,0.47225383165623097
8409,0.13800327507796445,0.0,22,10000,[6873.885565690778],[167.58176393668163],[0.4258169398597689],-20,0.47225383165623097
8410,0.006121369780763716,0.0,22,10000,[6873.885565690778],[167.58176393668163],[0.4258169398597689],-20,0.47225383165623097
8411,-0.05898519121945807,0.0,22,10000,[6873.885565690778],[167.58176393668163],[0.4258169398597689],-20,0.47225383165623097
8412,0.03895962103792538,0.0,22,10000,[6873.885565690778],[167.58176393668163],[0.4258169398597689],-20,0.47225383165623097
8413,0.06656483331604314,0.0,22,10000,[6873.885565690778],[167.58176393668163],[0.4258169398597689],-20,0.47225383165623097
8414,-0.7352538098419114,0.0,22,10000,[6873.885565690778],[167.58176393668163],[0.4258169398597689],-20,0.47225383165623097
8415,0.2628419685300724,0.0,22,10000,[6873.885565690778],[167.58176393668163],[0.4258169398597689],-20,0.47225383165623097
8416,0.9076953946144922,0.0,22,10000,[6873.885565690778],[167.58176393668163],[0.4258169398597689],-20,0.47225383165623097
8417,0.6022742094409915,0.0,22,10000,[6873.885565690778],[167.58176393668163],[0.4258169398597689],-20,0.47225383165623097
8418,0.1442176996537516,0.0,22,10000,[6873.885565690778],[167.58176393668163],[0.4258169398597689],-20,0.47225383165623097
8419,0.12346508910986531,0.0,22,10000,[6873.885565690778],[167.58176393668163],[0.4258169398597689],-20,0.47225383165623097
8420,-0.23327854966050812,0.0,22,10000,[6873.885565690778],[167.58176393668163],[0.4258169398597689],-20,0.47225383165623097
8421,0.6607363820713182,0.0,22,10000,[6873.885565690778],[167.58176393668163],[0.4258169398597689],-20,0.47225383165623097
8422,0.6214127849209414,0.0,22,10000,[6873.885565690778],[167.58176393668163],[0.4258169398597689],-20,0.47225383165623097
8423,1.2982690928813172,0.0,22,10000,[6873.885565690778],[167.58176393668163],[0.4258169398597689],-20,0.47225383165623097
8424,-0.4208012085602588,0.0,22,10000,[6873.885565690778],[167.58176393668163],[0.4258169398597689],-20,0.47225383165623097
8425,-0.31318172271252426,0.0,22,10000,[6873.885565690778],[167.58176393668163],[0.4258169398597689],-20,0.47225383165623097
8426,-0.9661715908770531,0.0,22,10000,[6873.885565690778],[167.58176393668163],[0.4258169398597689],-20,0.47225383165623097
8427,0.2336076994764313,0.0,22,10000,[6873.885565690778],[167.58176393668163],[0.4258169398597689],-20,0.47225383165623097
8428,0.0157634848632537,0.0,22,10000,[6873.885565690778],[167.58176393668163],[0.4258169398597689],-20,0.47225383165623097
8429,-0.32646105025488525,0.0,22,10000,[6873.885565690778],[167.58176393668163],[0.4258169398597689],-20,0.47225383165623097
8430,0.07999333748738845,0.0,22,10000,[6873.885565690778],[167.58176393668163],[0.4258169398597689],-20,0.47225383165623097
8431,0.18176971362478606,0.0,22,10000,[6873.885565690778],[167.58176393668163],[0.4258169398597689],-20,0.47225383165623097
8432,-0.021313124024252283,0.0,22,10000,[6873.885565690778],[167.58176393668163],[0.4258169398597689],-20,0.47225383165623097
8433,-0.4056590811641493,0.0,22,10000,[6873.885565690778],[167.58176393668163],[0.4258169398597689],-20,0.47225383165623097
8434,-0.5942038958194571,0.0,22,10000,[6873.885565690778],[167.58176393668163],[0.4258169398597689],-20,0.47225383165623097
8435,0.31032622131825094,0.0,22,10000,[6873.885565690778],[167.58176393668163],[0.4258169398597689],-20,0.47225383165623097
8436,0.026111813570290354,0.0,22,10000,[6873.885565690778],[167.58176393668163],[0.4258169398597689],-20,0.47225383165623097
8437,0.3843127139298228,0.0,22,10000,[6873.885565690778],[167.58176393668163],[0.4258169398597689],-20,0.47225383165623097
8438,-0.008364101031211322,0.0,22,10000,[6873.885565690778],[167.58176393668163],[0.4258169398597689],-20,0.47225383165623097
8439,0.26121236683535404,0.0,22,10000,[6873.885565690778],[167.58176393668163],[0.4258169398597689],-20,0.47225383165623097
8440,0.5091811071438269,0.0,22,10000,[6873.885565690778],[167.58176393668163],[0.4258169398597689],-20,0.47225383165623097
8441,0.0007443535025984397,0.0,22,10000,[6873.885565690778],[167.58176393668163],[0.4258169398597689],-20,0.47225383165623097
8442,0.5953615045754526,0.0,22,10000,[6873.885565690778],[167.58176393668163],[0.4258169398597689],-20,0.47225383165623097
8443,-0.4882271495303192,0.0,22,10000,[6873.885565690778],[167.58176393668163],[0.4258169398597689],-20,0.47225383165623097
8444,0.20242501844941457,0.0,22,10000,[6873.885565690778],[167.58176393668163],[0.4258169398597689],-20,0.47225383165623097
8445,-0.060120855111546405,0.0,22,10000,[6873.885565690778],[167.58176393668163],[0.4258169398597689],-20,0.47225383165623097
8446,-0.8429083593101315,0.0,22,10000,[6873.885565690778],[167.58176393668163],[0.4258169398597689],-20,0.47225383165623097
8447,-0.2641864652082203,0.0,22,10000,[6873.885565690778],[167.58176393668163],[0.4258169398597689],-20,0.47225383165623097
8448,0.48308878002197897,0.0,22,10000,[6873.885565690778],[167.58176393668163],[0.4258169398597689],-20,0.47225383165623097
8449,-0.4506252977663296,0.0,22,10000,[6873.885565690778],[167.58176393668163],[0.4258169398597689],-20,0.47225383165623097
8450,0.7764009368712836,0.0,22,10000,[6873.885565690778],[167.58176393668163],[0.4258169398597689],-20,0.47225383165623097
8451,0.6036391302489179,0.0,22,10000,[6873.885565690778],[167.58176393668163],[0.4258169398597689],-20,0.47225383165623097
8452,-0.0100366734505296,0.0,22,10000,[6873.885565690778],[167.58176393668163],[0.4258169398597689],-20,0.47225383165623097
8453,0.1647434809372708,0.0,22,10000,[6873.885565690778],[167.58176393668163],[0.4258169398597689],-20,0.47225383165623097
8454,0.18651699243240522,0.0,22,10000,[6873.885565690778],[167.58176393668163],[0.4258169398597689],-20,0.47225383165623097
8455,0.7681018495360565,0.0,22,10000,[6873.885565690778],[167.58176393668163],[0.4258169398597689],-20,0.47225383165623097
8456,-0.3972902829860147,0.0,22,10000,[6873.885565690778],[167.58176393668163],[0.4258169398597689],-20,0.47225383165623097
8457,0.31729692407669413,0.0,22,10000,[6873.885565690778],[167.58176393668163],[0.4258169398597689],-20,0.47225383165623097
8458,0.37142035061050366,0.0,22,10000,[6873.885565690778],[167.58176393668163],[0.4258169398597689],-20,0.47225383165623097
8459,0.009910053662757956,0.0,22,10000,[6873.885565690778],[167.58176393668163],[0.4258169398597689],-20,0.47225383165623097
8460,-0.11339738103290624,0.0,22,10000,[6873.885565690778],[167.58176393668163],[0.4258169398597689],-20,0.47225383165623097
8461,0.6669699877012983,0.0,22,10000,[6873.885565690778],[167.58176393668163],[0.4258169398597689],-20,0.47225383165623097
8462,0.04834001038554458,0.0,22,10000,[6873.885565690778],[167.58176393668163],[0.4258169398597689],-20,0.47225383165623097
8463,-0.784132859764899,0.0,22,10000,[6873.885565690778],[167.58176393668163],[0.4258169398597689],-20,0.47225383165623097
8464,1.2385397532934792,0.0,22,10000,[6873.885565690778],[167.58176393668163],[0.4258169398597689],-20,0.47225383165623097
8465,0.9747143025793578,0.0,22,10000,[6873.885565690778],[167.58176393668163],[0.4258169398597689],-20,0.47225383165623097
8466,-0.37004644168962736,0.0,22,10000,[6873.885565690778],[167.58176393668163],[0.4258169398597689],-20,0.47225383165623097
8467,-0.3744086302769257,0.0,22,10000,[6873.885565690778],[167.58176393668163],[0.4258169398597689],-20,0.47225383165623097
8468,-0.3136695625035338,0.0,22,10000,[6873.885565690778],[167.58176393668163],[0.4258169398597689],-20,0.47225383165623097
8469,0.4912296567309985,0.0,22,10000,[6873.885565690778],[167.58176393668163],[0.4258169398597689],-20,0.47225383165623097
8470,-0.48937280197889754,0.0,22,10000,[6873.885565690778],[167.58176393668163],[0.4258169398597689],-20,0.47225383165623097
8471,-0.143892421863965,0.0,22,10000,[6873.885565690778],[167.58176393668163],[0.4258169398597689],-20,0.47225383165623097
8472,-0.5000967830855384,0.0,22,10000,[6873.885565690778],[167.58176393668163],[0.4258169398597689],-20,0.47225383165623097
8473,-0.6322531459963722,0.0,22,10000,[6873.885565690778],[167.58176393668163],[0.4258169398597689],-20,0.47225383165623097
8474,-0.8376278554146559,0.0,22,10000,[6873.885565690778],[167.58176393668163],[0.4258169398597689],-20,0.47225383165623097
8475,0.36133924503335363,0.0,22,10000,[6873.885565690778],[167.58176393668163],[0.4258169398597689],-20,0.47225383165623097
8476,-0.5366504945859243,0.0,22,10000,[6873.885565690778],[167.58176393668163],[0.4258169398597689],-20,0.47225383165623097
8477,-0.4581711256334191,0.0,22,10000,[6873.885565690778],[167.58176393668163],[0.4258169398597689],-20,0.47225383165623097
8478,-0.06406147962420274,0.0,22,10000,[6873.885565690778],[167.58176393668163],[0.4258169398597689],-20,0.47225383165623097
8479,-0.31617172234583885,0.0,22,10000,[6873.885565690778],[167.58176393668163],[0.4258169398597689],-20,0.47225383165623097
8480,0.7807648543705932,0.0,22,10000,[6873.885565690778],[167.58176393668163],[0.4258169398597689],-20,0.47225383165623097
8481,-0.8377862426594265,0.0,22,10000,[6873.885565690778],[167.58176393668163],[0.4258169398597689],-20,0.47225383165623097
8482,-0.30359202751346925,0.0,22,10000,[6873.885565690778],[167.58176393668163],[0.4258169398597689],-20,0.47225383165623097
8483,0.05539346467345886,0.0,22,10000,[6873.885565690778],[167.58176393668163],[0.4258169398597689],-20,0.47225383165623097
8484,0.7142620141998105,0.0,22,10000,[6873.885565690778],[167.58176393668163],[0.4258169398597689],-20,0.47225383165623097
8485,-0.17550656956450628,0.0,22,10000,[6873.885565690778],[167.58176393668163],[0.4258169398597689],-20,0.47225383165623097
8486,-0.20667516196670715,0.0,22,10000,[6873.885565690778],[167.58176393668163],[0.4258169398597689],-20,0.47225383165623097
8487,-0.16226951903962203,0.0,22,10000,[6873.885565690778],[167.58176393668163],[0.4258169398597689],-20,0.47225383165623097
8488,-0.1933124072907183,0.0,22,10000,[6873.885565690778],[167.58176393668163],[0.4258169398597689],-20,0.47225383165623097
8489,-0.010818751187807094,0.0,22,10000,[6873.885565690778],[167.58176393668163],[0.4258169398597689],-20,0.47225383165623097
8490,-0.9467180771569229,0.0,22,10000,[6873.885565690778],[167.58176393668163],[0.4258169398597689],-20,0.47225383165623097
8491,0.2534251686427295,0.0,22,10000,[6873.885565690778],[167.58176393668163],[0.4258169398597689],-20,0.47225383165623097
8492,0.7395025201508779,0.0,22,10000,[6873.885565690778],[167.58176393668163],[0.4258169398597689],-20,0.47225383165623097
8493,0.606863723433115,0.0,22,10000,[6873.885565690778],[167.58176393668163],[0.4258169398597689],-20,0.47225383165623097
8494,-1.1617589798266656,0.0,22,10000,[6873.885565690778],[167.58176393668163],[0.4258169398597689],-20,0.47225383165623097
8495,0.292376770477111,0.0,22,10000,[6873.885565690778],[167.58176393668163],[0.4258169398597689],-20,0.47225383165623097
8496,-1.2658247965395877,0.0,22,10000,[6873.885565690778],[167.58176393668163],[0.4258169398597689],-20,0.47225383165623097
8497,-0.5738238443085868,0.0,22,10000,[6873.885565690778],[167.58176393668163],[0.4258169398597689],-20,0.47225383165623097
8498,-0.5024660324533265,0.0,22,10000,[6873.885565690778],[167.58176393668163],[0.4258169398597689],-20,0.47225383165623097
8499,-0.03399674256645262,0.0,22,10000,[6873.885565690778],[167.58176393668163],[0.4258169398597689],-20,0.47225383165623097
8500,-0.4817394512022682,0.0,22,10000,[6873.885565690778],[167.58176393668163],[0.4258169398597689],-20,0.47225383165623097
8501,-0.1164438234512677,0.0,22,10000,[6873.885565690778],[167.58176393668163],[0.4258169398597689],-20,0.47225383165623097
8502,-0.1592126731257308,0.0,22,10000,[6873.885565690778],[167.58176393668163],[0.4258169398597689],-20,0.47225383165623097
8503,-0.604594447929902,0.0,22,10000,[6873.885565690778],[167.58176393668163],[0.4258169398597689],-20,0.47225383165623097
8504,-0.7941933208520513,0.0,22,10000,[6873.885565690778],[167.58176393668163],[0.4258169398597689],-20,0.47225383165623097
8505,-0.007613559756058817,0.0,22,10000,[6873.885565690778],[167.58176393668163],[0.4258169398597689],-20,0.47225383165623097
8506,0.9091963120403553,0.0,22,10000,[6873.885565690778],[167.58176393668163],[0.4258169398597689],-20,0.47225383165623097
8507,0.14014488196867625,0.0,22,10000,[6873.885565690778],[167.58176393668163],[0.4258169398597689],-20,0.47225383165623097
8508,-0.04304271712449393,0.0,22,10000,[6873.885565690778],[167.58176393668163],[0.4258169398597689],-20,0.47225383165623097
8509,-0.2846907215394174,0.0,22,10000,[6873.885565690778],[167.58176393668163],[0.4258169398597689],-20,0.47225383165623097
8510,-0.3332045004243695,0.0,22,10000,[6873.885565690778],[167.58176393668163],[0.4258169398597689],-20,0.47225383165623097
8511,-0.19022218578702157,0.0,22,10000,[6873.885565690778],[167.58176393668163],[0.4258169398597689],-20,0.47225383165623097
8512,-0.14141819110748402,0.0,22,10000,[6873.885565690778],[167.58176393668163],[0.4258169398597689],-20,0.47225383165623097
8513,0.08701619709014677,0.0,22,10000,[6873.885565690778],[167.58176393668163],[0.4258169398597689],-20,0.47225383165623097
8514,-0.10748527304889562,0.0,22,10000,[6873.885565690778],[167.58176393668163],[0.4258169398597689],-20,0.47225383165623097
8515,0.5013211920278239,0.0,22,10000,[6873.885565690778],[167.58176393668163],[0.4258169398597689],-20,0.47225383165623097
8516,0.34268143766999687,0.0,22,10000,[6873.885565690778],[167.58176393668163],[0.4258169398597689],-20,0.47225383165623097
8517,-0.18292146386834582,0.0,22,10000,[6873.885565690778],[167.58176393668163],[0.4258169398597689],-20,0.47225383165623097
8518,-0.6623756496009212,0.0,22,10000,[6873.885565690778],[167.58176393668163],[0.4258169398597689],-20,0.47225383165623097
8519,-0.19294771801004,0.0,22,10000,[6873.885565690778],[167.58176393668163],[0.4258169398597689],-20,0.47225383165623097
8520,0.05397378633146079,0.0,22,10000,[6873.885565690778],[167.58176393668163],[0.4258169398597689],-20,0.47225383165623097
8521,-0.4153025501246783,0.0,22,10000,[6873.885565690778],[167.58176393668163],[0.4258169398597689],-20,0.47225383165623097
8522,-1.6593312990202083,0.0,22,10000,[6873.885565690778],[167.58176393668163],[0.4258169398597689],-20,0.47225383165623097
8523,0.15905653786099028,0.0,22,10000,[6873.885565690778],[167.58176393668163],[0.4258169398597689],-20,0.47225383165623097
8524,0.18784946952112963,0.0,22,10000,[6873.885565690778],[167.58176393668163],[0.4258169398597689],-20,0.47225383165623097
8525,-0.012390041678644449,0.0,22,10000,[6873.885565690778],[167.58176393668163],[0.4258169398597689],-20,0.47225383165623097
8526,-0.6440825707129245,0.0,22,10000,[6873.885565690778],[167.58176393668163],[0.4258169398597689],-20,0.47225383165623097
8527,-0.9654891650896333,0.0,22,10000,[6873.885565690778],[167.58176393668163],[0.4258169398597689],-20,0.47225383165623097
8528,-0.030010886090701246,0.0,22,10000,[6873.885565690778],[167.58176393668163],[0.4258169398597689],-20,0.47225383165623097
8529,0.03300543478335182,0.0,22,10000,[6873.885565690778],[167.58176393668163],[0.4258169398597689],-20,0.47225383165623097
8530,-0.08523181685317398,0.0,22,10000,[6873.885565690778],[167.58176393668163],[0.4258169398597689],-20,0.47225383165623097
8531,0.5973115539619496,0.0,22,10000,[6873.885565690778],[167.58176393668163],[0.4258169398597689],-20,0.47225383165623097
8532,-1.0509330783961466,0.0,22,10000,[6873.885565690778],[167.58176393668163],[0.4258169398597689],-20,0.47225383165623097
8533,0.305203788182614,0.0,22,10000,[6873.885565690778],[167.58176393668163],[0.4258169398597689],-20,0.47225383165623097
8534,0.22161267272366708,0.0,22,10000,[6873.885565690778],[167.58176393668163],[0.4258169398597689],-20,0.47225383165623097
8535,0.5134901725634143,0.0,22,10000,[6873.885565690778],[167.58176393668163],[0.4258169398597689],-20,0.47225383165623097
8536,0.36726363028669273,0.0,22,10000,[6873.885565690778],[167.58176393668163],[0.4258169398597689],-20,0.47225383165623097
8537,-0.08265541849019205,0.0,22,10000,[6873.885565690778],[167.58176393668163],[0.4258169398597689],-20,0.47225383165623097
8538,0.2490182100162087,0.0,22,10000,[6873.885565690778],[167.58176393668163],[0.4258169398597689],-20,0.47225383165623097
8539,-0.10808328454112513,0.0,22,10000,[6873.885565690778],[167.58176393668163],[0.4258169398597689],-20,0.47225383165623097
8540,-0.3300761195131588,0.0,22,10000,[6873.885565690778],[167.58176393668163],[0.4258169398597689],-20,0.47225383165623097
8541,0.3847950083483,0.0,22,10000,[6873.885565690778],[167.58176393668163],[0.4258169398597689],-20,0.47225383165623097
8542,-0.6296011820609871,0.0,22,10000,[6873.885565690778],[167.58176393668163],[0.4258169398597689],-20,0.47225383165623097
8543,-0.05811685741854632,0.0,22,10000,[6873.885565690778],[167.58176393668163],[0.4258169398597689],-20,0.47225383165623097
8544,-0.26937450347133607,0.0,22,10000,[6873.885565690778],[167.58176393668163],[0.4258169398597689],-20,0.47225383165623097
8545,-0.3751454744395164,0.0,22,10000,[6873.885565690778],[167.58176393668163],[0.4258169398597689],-20,0.47225383165623097
8546,0.0957568043857103,0.0,22,10000,[6873.885565690778],[167.58176393668163],[0.4258169398597689],-20,0.47225383165623097
8547,0.12919991512031936,0.0,22,10000,[6873.885565690778],[167.58176393668163],[0.4258169398597689],-20,0.47225383165623097
8548,0.006968872896226463,0.0,22,10000,[6873.885565690778],[167.58176393668163],[0.4258169398597689],-20,0.47225383165623097
8549,-0.5682419384516092,0.0,22,10000,[6873.885565690778],[167.58176393668163],[0.4258169398597689],-20,0.47225383165623097
8550,-1.0311343321001225,0.0,22,10000,[6873.885565690778],[167.58176393668163],[0.4258169398597689],-20,0.47225383165623097
8551,0.07021220139827464,0.0,22,10000,[6873.885565690778],[167.58176393668163],[0.4258169398597689],-20,0.47225383165623097
8552,0.19821188476021445,0.0,22,10000,[6873.885565690778],[167.58176393668163],[0.4258169398597689],-20,0.47225383165623097
8553,-0.7351939563100015,0.0,22,10000,[6873.885565690778],[167.58176393668163],[0.4258169398597689],-20,0.47225383165623097
8554,0.7335095090853515,0.0,22,10000,[6873.885565690778],[167.58176393668163],[0.4258169398597689],-20,0.47225383165623097
8555,-0.3446330406165889,0.0,22,10000,[6873.885565690778],[167.58176393668163],[0.4258169398597689],-20,0.47225383165623097
8556,-0.6801706404367124,0.0,22,10000,[6873.885565690778],[167.58176393668163],[0.4258169398597689],-20,0.47225383165623097
8557,0.13962999411519927,0.0,22,10000,[6873.885565690778],[167.58176393668163],[0.4258169398597689],-20,0.47225383165623097
8558,-0.550186509498908,0.0,22,10000,[6873.885565690778],[167.58176393668163],[0.4258169398597689],-20,0.47225383165623097
8559,-0.3038919946771901,0.0,22,10000,[6873.885565690778],[167.58176393668163],[0.4258169398597689],-20,0.47225383165623097
8560,-0.26135749026422156,0.0,22,10000,[6873.885565690778],[167.58176393668163],[0.4258169398597689],-20,0.47225383165623097
8561,-0.5486867879584378,0.0,22,10000,[6873.885565690778],[167.58176393668163],[0.4258169398597689],-20,0.47225383165623097
8562,0.21824358969193636,0.0,22,10000,[6873.885565690778],[167.58176393668163],[0.4258169398597689],-20,0.47225383165623097
8563,0.348454891853311,0.0,22,10000,[6873.885565690778],[167.58176393668163],[0.4258169398597689],-20,0.47225383165623097
8564,0.43112751986883696,0.0,22,10000,[6873.885565690778],[167.58176393668163],[0.4258169398597689],-20,0.47225383165623097
8565,0.02164270199027628,0.0,22,10000,[6873.885565690778],[167.58176393668163],[0.4258169398597689],-20,0.47225383165623097
8566,-0.7031999718502286,0.0,22,10000,[6873.885565690778],[167.58176393668163],[0.4258169398597689],-20,0.47225383165623097
8567,0.652522172031031,0.0,22,10000,[6873.885565690778],[167.58176393668163],[0.4258169398597689],-20,0.47225383165623097
8568,-0.6649859100260237,0.0,22,10000,[6873.885565690778],[167.58176393668163],[0.4258169398597689],-20,0.47225383165623097
8569,0.01672619313664415,0.0,22,10000,[6873.885565690778],[167.58176393668163],[0.4258169398597689],-20,0.47225383165623097
8570,0.5487016506753356,0.0,22,10000,[6873.885565690778],[167.58176393668163],[0.4258169398597689],-20,0.47225383165623097
8571,0.8586125519199073,0.0,22,10000,[6873.885565690778],[167.58176393668163],[0.4258169398597689],-20,0.47225383165623097
8572,0.1241894634768979,0.0,22,10000,[6873.885565690778],[167.58176393668163],[0.4258169398597689],-20,0.47225383165623097
8573,-0.0027288438576186427,0.0,22,10000,[6873.885565690778],[167.58176393668163],[0.4258169398597689],-20,0.47225383165623097
8574,0.6407746079589152,0.0,22,10000,[6873.885565690778],[167.58176393668163],[0.4258169398597689],-20,0.47225383165623097
8575,0.1192760635935614,0.0,22,10000,[6873.885565690778],[167.58176393668163],[0.4258169398597689],-20,0.47225383165623097
8576,0.48207529258694415,0.0,22,10000,[6873.885565690778],[167.58176393668163],[0.4258169398597689],-20,0.47225383165623097
8577,0.13668981045573877,0.0,22,10000,[6873.885565690778],[167.58176393668163],[0.4258169398597689],-20,0.47225383165623097
8578,-0.32575445050994417,0.0,22,10000,[6873.885565690778],[167.58176393668163],[0.4258169398597689],-20,0.47225383165623097
8579,-0.8212482197018018,0.0,22,10000,[6873.885565690778],[167.58176393668163],[0.4258169398597689],-20,0.47225383165623097
8580,-0.14156801505102173,0.0,22,10000,[6873.885565690778],[167.58176393668163],[0.4258169398597689],-20,0.47225383165623097
8581,-0.06924008871790714,0.0,22,10000,[6873.885565690778],[167.58176393668163],[0.4258169398597689],-20,0.47225383165623097
8582,0.28082508536018175,0.0,22,10000,[6873.885565690778],[167.58176393668163],[0.4258169398597689],-20,0.47225383165623097
8583,-0.4257260826757458,0.0,22,10000,[6873.885565690778],[167.58176393668163],[0.4258169398597689],-20,0.47225383165623097
8584,-0.17167515296605043,0.0,22,10000,[6873.885565690778],[167.58176393668163],[0.4258169398597689],-20,0.47225383165623097
8585,0.21746508056973865,0.0,22,10000,[6873.885565690778],[167.58176393668163],[0.4258169398597689],-20,0.47225383165623097
8586,0.7891787577523204,0.0,22,10000,[6873.885565690778],[167.58176393668163],[0.4258169398597689],-20,0.47225383165623097
8587,0.6713576911921687,0.0,22,10000,[6873.885565690778],[167.58176393668163],[0.4258169398597689],-20,0.47225383165623097
8588,0.21532236844612984,0.0,22,10000,[6873.885565690778],[167.58176393668163],[0.4258169398597689],-20,0.47225383165623097
8589,0.6787003654733168,0.0,22,10000,[6873.885565690778],[167.58176393668163],[0.4258169398597689],-20,0.47225383165623097
8590,-0.47227697794097734,0.0,22,10000,[6873.885565690778],[167.58176393668163],[0.4258169398597689],-20,0.47225383165623097
8591,-0.8317456030622136,0.0,22,10000,[6873.885565690778],[167.58176393668163],[0.4258169398597689],-20,0.47225383165623097
8592,0.4792089277868537,0.0,22,10000,[6873.885565690778],[167.58176393668163],[0.4258169398597689],-20,0.47225383165623097
8593,-0.9568244953624777,0.0,22,10000,[6873.885565690778],[167.58176393668163],[0.4258169398597689],-20,0.47225383165623097
8594,1.078275223657106,0.0,22,10000,[6873.885565690778],[167.58176393668163],[0.4258169398597689],-20,0.47225383165623097
8595,-0.07413550623364985,0.0,22,10000,[6873.885565690778],[167.58176393668163],[0.4258169398597689],-20,0.47225383165623097
8596,0.00890600767866401,0.0,22,10000,[6873.885565690778],[167.58176393668163],[0.4258169398597689],-20,0.47225383165623097
8597,-0.21789347294278003,0.0,22,10000,[6873.885565690778],[167.58176393668163],[0.4258169398597689],-20,0.47225383165623097
8598,-0.20216204127871354,0.0,22,10000,[6873.885565690778],[167.58176393668163],[0.4258169398597689],-20,0.47225383165623097
8599,0.059432445796626626,0.0,22,10000,[6873.885565690778],[167.58176393668163],[0.4258169398597689],-20,0.47225383165623097
8600,0.6601810528881247,0.0,22,10000,[6873.885565690778],[167.58176393668163],[0.4258169398597689],-20,0.47225383165623097
8601,-0.4760368589863377,0.0,22,10000,[6873.885565690778],[167.58176393668163],[0.4258169398597689],-20,0.47225383165623097
8602,0.12279635173133141,0.0,22,10000,[6873.885565690778],[167.58176393668163],[0.4258169398597689],-20,0.47225383165623097
8603,0.04247219915583523,0.0,22,10000,[6873.885565690778],[167.58176393668163],[0.4258169398597689],-20,0.47225383165623097
8604,-0.48299788352301926,0.0,22,10000,[6873.885565690778],[167.58176393668163],[0.4258169398597689],-20,0.47225383165623097
8605,-0.3992119726335724,0.0,22,10000,[6873.885565690778],[167.58176393668163],[0.4258169398597689],-20,0.47225383165623097
8606,0.33665095925477356,0.0,22,10000,[6873.885565690778],[167.58176393668163],[0.4258169398597689],-20,0.47225383165623097
8607,-0.5404404025550829,0.0,22,10000,[6873.885565690778],[167.58176393668163],[0.4258169398597689],-20,0.47225383165623097
8608,-0.3857269380596032,0.0,22,10000,[6873.885565690778],[167.58176393668163],[0.4258169398597689],-20,0.47225383165623097
8609,0.3573836952927805,0.0,22,10000,[6873.885565690778],[167.58176393668163],[0.4258169398597689],-20,0.47225383165623097
8610,-0.07252268680417628,0.0,22,10000,[6873.885565690778],[167.58176393668163],[0.4258169398597689],-20,0.47225383165623097
8611,0.7321110930851475,0.0,22,10000,[6873.885565690778],[167.58176393668163],[0.4258169398597689],-20,0.47225383165623097
8612,-0.1611847386887921,0.0,22,10000,[6873.885565690778],[167.58176393668163],[0.4258169398597689],-20,0.47225383165623097
8613,0.17251556475280358,0.0,22,10000,[6873.885565690778],[167.58176393668163],[0.4258169398597689],-20,0.47225383165623097
8614,0.8826079328608862,0.0,22,10000,[6873.885565690778],[167.58176393668163],[0.4258169398597689],-20,0.47225383165623097
8615,0.17033240853506382,0.0,22,10000,[6873.885565690778],[167.58176393668163],[0.4258169398597689],-20,0.47225383165623097
8616,0.03346966188327156,0.0,22,10000,[6873.885565690778],[167.58176393668163],[0.4258169398597689],-20,0.47225383165623097
8617,-0.7273974232743672,0.0,22,10000,[6873.885565690778],[167.58176393668163],[0.4258169398597689],-20,0.47225383165623097
8618,-0.10990630269318118,0.0,22,10000,[6873.885565690778],[167.58176393668163],[0.4258169398597689],-20,0.47225383165623097
8619,0.524790026403819,0.0,22,10000,[6873.885565690778],[167.58176393668163],[0.4258169398597689],-20,0.47225383165623097
8620,0.12223147566152365,0.0,22,10000,[6873.885565690778],[167.58176393668163],[0.4258169398597689],-20,0.47225383165623097
8621,-0.2645083565333629,0.0,22,10000,[6873.885565690778],[167.58176393668163],[0.4258169398597689],-20,0.47225383165623097
8622,-0.3567709218042939,0.0,22,10000,[6873.885565690778],[167.58176393668163],[0.4258169398597689],-20,0.47225383165623097
8623,0.1442623401927264,0.0,22,10000,[6873.885565690778],[167.58176393668163],[0.4258169398597689],-20,0.47225383165623097
8624,0.6016681988168824,0.0,22,10000,[6873.885565690778],[167.58176393668163],[0.4258169398597689],-20,0.47225383165623097
8625,-0.09946561441805107,0.0,22,10000,[6873.885565690778],[167.58176393668163],[0.4258169398597689],-20,0.47225383165623097
8626,0.7112628316447692,0.0,22,10000,[6873.885565690778],[167.58176393668163],[0.4258169398597689],-20,0.47225383165623097
8627,-0.07946355290413853,0.0,22,10000,[6873.885565690778],[167.58176393668163],[0.4258169398597689],-20,0.47225383165623097
8628,0.30197039601888653,0.0,22,10000,[6873.885565690778],[167.58176393668163],[0.4258169398597689],-20,0.47225383165623097
8629,0.05191106757040676,0.0,22,10000,[6873.885565690778],[167.58176393668163],[0.4258169398597689],-20,0.47225383165623097
8630,0.6784024778783164,0.0,22,10000,[6873.885565690778],[167.58176393668163],[0.4258169398597689],-20,0.47225383165623097
8631,-0.3298286832046261,0.0,22,10000,[6873.885565690778],[167.58176393668163],[0.4258169398597689],-20,0.47225383165623097
8632,0.3088903467813977,0.0,22,10000,[6873.885565690778],[167.58176393668163],[0.4258169398597689],-20,0.47225383165623097
8633,-0.03359642518400655,0.0,22,10000,[6873.885565690778],[167.58176393668163],[0.4258169398597689],-20,0.47225383165623097
8634,-0.38219476642500605,0.0,22,10000,[6873.885565690778],[167.58176393668163],[0.4258169398597689],-20,0.47225383165623097
8635,0.2609034440306282,0.0,22,10000,[6873.885565690778],[167.58176393668163],[0.4258169398597689],-20,0.47225383165623097
8636,-0.25956115159269433,0.0,22,10000,[6873.885565690778],[167.58176393668163],[0.4258169398597689],-20,0.47225383165623097
8637,-0.6229321144491196,0.0,22,10000,[6873.885565690778],[167.58176393668163],[0.4258169398597689],-20,0.47225383165623097
8638,0.5124273250485312,0.0,22,10000,[6873.885565690778],[167.58176393668163],[0.4258169398597689],-20,0.47225383165623097
8639,-0.20541453457970366,0.0,22,10000,[6873.885565690778],[167.58176393668163],[0.4258169398597689],-20,0.47225383165623097
8640,0.15196939925263248,0.0,22,10000,[6873.885565690778],[167.58176393668163],[0.4258169398597689],-20,0.47225383165623097
8641,0.26428497541098805,0.0,22,10000,[6873.885565690778],[167.58176393668163],[0.4258169398597689],-20,0.47225383165623097
8642,0.19240474221708376,0.0,22,10000,[6873.885565690778],[167.58176393668163],[0.4258169398597689],-20,0.47225383165623097
8643,0.017640929607499183,0.0,22,10000,[6873.885565690778],[167.58176393668163],[0.4258169398597689],-20,0.47225383165623097
8644,0.4290036777654669,0.0,22,10000,[6873.885565690778],[167.58176393668163],[0.4258169398597689],-20,0.47225383165623097
8645,-0.7640873836203959,0.0,22,10000,[6873.885565690778],[167.58176393668163],[0.4258169398597689],-20,0.47225383165623097
8646,0.14992761888686662,0.0,22,10000,[6873.885565690778],[167.58176393668163],[0.4258169398597689],-20,0.47225383165623097
8647,0.5682138595610905,0.0,22,10000,[6873.885565690778],[167.58176393668163],[0.4258169398597689],-20,0.47225383165623097
8648,-0.1420852335709177,0.0,22,10000,[6873.885565690778],[167.58176393668163],[0.4258169398597689],-20,0.47225383165623097
8649,-0.6478191748675312,0.0,22,10000,[6873.885565690778],[167.58176393668163],[0.4258169398597689],-20,0.47225383165623097
8650,-0.751694792314501,0.0,22,10000,[6873.885565690778],[167.58176393668163],[0.4258169398597689],-20,0.47225383165623097
8651,-0.3141174270633548,0.0,22,10000,[6873.885565690778],[167.58176393668163],[0.4258169398597689],-20,0.47225383165623097
8652,-0.023390261727640513,0.0,22,10000,[6873.885565690778],[167.58176393668163],[0.4258169398597689],-20,0.47225383165623097
8653,0.5594365592469174,0.0,22,10000,[6873.885565690778],[167.58176393668163],[0.4258169398597689],-20,0.47225383165623097
8654,0.20445041611370837,0.0,22,10000,[6873.885565690778],[167.58176393668163],[0.4258169398597689],-20,0.47225383165623097
8655,-0.5759597720577555,0.0,22,10000,[6873.885565690778],[167.58176393668163],[0.4258169398597689],-20,0.47225383165623097
8656,-0.8250922282816656,0.0,22,10000,[6873.885565690778],[167.58176393668163],[0.4258169398597689],-20,0.47225383165623097
8657,0.443541254083321,0.0,22,10000,[6873.885565690778],[167.58176393668163],[0.4258169398597689],-20,0.47225383165623097
8658,-0.25843881883919256,0.0,22,10000,[6873.885565690778],[167.58176393668163],[0.4258169398597689],-20,0.47225383165623097
8659,0.6911038838371346,0.0,22,10000,[6873.885565690778],[167.58176393668163],[0.4258169398597689],-20,0.47225383165623097
8660,0.18721109561793103,0.0,22,10000,[6873.885565690778],[167.58176393668163],[0.4258169398597689],-20,0.47225383165623097
8661,0.13565620287200775,0.0,22,10000,[6873.885565690778],[167.58176393668163],[0.4258169398597689],-20,0.47225383165623097
8662,-0.4781968727449646,0.0,22,10000,[6873.885565690778],[167.58176393668163],[0.4258169398597689],-20,0.47225383165623097
8663,0.42099464035902695,0.0,22,10000,[6873.885565690778],[167.58176393668163],[0.4258169398597689],-20,0.47225383165623097
8664,-0.06719742092387339,0.0,22,10000,[6873.885565690778],[167.58176393668163],[0.4258169398597689],-20,0.47225383165623097
8665,0.7368721631682568,0.0,22,10000,[6873.885565690778],[167.58176393668163],[0.4258169398597689],-20,0.47225383165623097
8666,0.5928705254935521,0.0,22,10000,[6873.885565690778],[167.58176393668163],[0.4258169398597689],-20,0.47225383165623097
8667,-0.13529002311694205,0.0,22,10000,[6873.885565690778],[167.58176393668163],[0.4258169398597689],-20,0.47225383165623097
8668,0.2406323808887392,0.0,22,10000,[6873.885565690778],[167.58176393668163],[0.4258169398597689],-20,0.47225383165623097
8669,0.20655053524558828,0.0,22,10000,[6873.885565690778],[167.58176393668163],[0.4258169398597689],-20,0.47225383165623097
8670,0.6186331437541899,0.0,22,10000,[6873.885565690778],[167.58176393668163],[0.4258169398597689],-20,0.47225383165623097
8671,0.4913852938119142,0.0,22,10000,[6873.885565690778],[167.58176393668163],[0.4258169398597689],-20,0.47225383165623097
8672,0.02456624534783607,0.0,22,10000,[6873.885565690778],[167.58176393668163],[0.4258169398597689],-20,0.47225383165623097
8673,-0.16369758373655838,0.0,22,10000,[6873.885565690778],[167.58176393668163],[0.4258169398597689],-20,0.47225383165623097
8674,0.47548404600801436,0.0,22,10000,[6873.885565690778],[167.58176393668163],[0.4258169398597689],-20,0.47225383165623097
8675,-0.2579059806392777,0.0,22,10000,[6873.885565690778],[167.58176393668163],[0.4258169398597689],-20,0.47225383165623097
8676,0.6160051046465826,0.0,22,10000,[6873.885565690778],[167.58176393668163],[0.4258169398597689],-20,0.47225383165623097
8677,0.6217819899647863,0.0,22,10000,[6873.885565690778],[167.58176393668163],[0.4258169398597689],-20,0.47225383165623097
8678,-0.37611523082957277,0.0,22,10000,[6873.885565690778],[167.58176393668163],[0.4258169398597689],-20,0.47225383165623097
8679,-0.48067692665191164,0.0,22,10000,[6873.885565690778],[167.58176393668163],[0.4258169398597689],-20,0.47225383165623097
8680,0.13136210402664059,0.0,22,10000,[6873.885565690778],[167.58176393668163],[0.4258169398597689],-20,0.47225383165623097
8681,0.05017561104188136,0.0,22,10000,[6873.885565690778],[167.58176393668163],[0.4258169398597689],-20,0.47225383165623097
8682,-0.143504730375587,0.0,22,10000,[6873.885565690778],[167.58176393668163],[0.4258169398597689],-20,0.47225383165623097
8683,-0.8131744200795157,0.0,22,10000,[6873.885565690778],[167.58176393668163],[0.4258169398597689],-20,0.47225383165623097
8684,-0.11093291923932264,0.0,22,10000,[6873.885565690778],[167.58176393668163],[0.4258169398597689],-20,0.47225383165623097
8685,0.28802163399704206,0.0,22,10000,[6873.885565690778],[167.58176393668163],[0.4258169398597689],-20,0.47225383165623097
8686,-0.13573640964349584,0.0,22,10000,[6873.885565690778],[167.58176393668163],[0.4258169398597689],-20,0.47225383165623097
8687,0.14746283031379945,0.0,22,10000,[6873.885565690778],[167.58176393668163],[0.4258169398597689],-20,0.47225383165623097
8688,0.3461384039151102,0.0,22,10000,[6873.885565690778],[167.58176393668163],[0.4258169398597689],-20,0.47225383165623097
8689,-0.16700298098636118,0.0,22,10000,[6873.885565690778],[167.58176393668163],[0.4258169398597689],-20,0.47225383165623097
8690,0.004220063153243017,0.0,22,10000,[6873.885565690778],[167.58176393668163],[0.4258169398597689],-20,0.47225383165623097
8691,-0.6761216092724919,0.0,22,10000,[6873.885565690778],[167.58176393668163],[0.4258169398597689],-20,0.47225383165623097
8692,-0.24642515698145465,0.0,22,10000,[6873.885565690778],[167.58176393668163],[0.4258169398597689],-20,0.47225383165623097
8693,0.3619737356189315,0.0,22,10000,[6873.885565690778],[167.58176393668163],[0.4258169398597689],-20,0.47225383165623097
8694,0.6214526155490554,0.0,22,10000,[6873.885565690778],[167.58176393668163],[0.4258169398597689],-20,0.47225383165623097
8695,-0.1764340066079634,0.0,22,10000,[6873.885565690778],[167.58176393668163],[0.4258169398597689],-20,0.47225383165623097
8696,0.1694909979217593,0.0,22,10000,[6873.885565690778],[167.58176393668163],[0.4258169398597689],-20,0.47225383165623097
8697,-0.1741529458636269,0.0,22,10000,[6873.885565690778],[167.58176393668163],[0.4258169398597689],-20,0.47225383165623097
8698,-0.5641786130376102,0.0,22,10000,[6873.885565690778],[167.58176393668163],[0.4258169398597689],-20,0.47225383165623097
8699,0.7839112983305259,0.0,22,10000,[6873.885565690778],[167.58176393668163],[0.4258169398597689],-20,0.47225383165623097
8700,-0.11365886966398657,0.0,22,10000,[6873.885565690778],[167.58176393668163],[0.4258169398597689],-20,0.47225383165623097
8701,-0.432279512264981,0.0,22,10000,[6873.885565690778],[167.58176393668163],[0.4258169398597689],-20,0.47225383165623097
8702,-0.5337637825269708,0.0,22,10000,[6873.885565690778],[167.58176393668163],[0.4258169398597689],-20,0.47225383165623097
8703,-0.14012083180620333,0.0,22,10000,[6873.885565690778],[167.58176393668163],[0.4258169398597689],-20,0.47225383165623097
8704,-0.3280250479575197,0.0,22,10000,[6873.885565690778],[167.58176393668163],[0.4258169398597689],-20,0.47225383165623097
8705,0.46169208522937166,0.0,22,10000,[6873.885565690778],[167.58176393668163],[0.4258169398597689],-20,0.47225383165623097
8706,0.006786462342639941,0.0,22,10000,[6873.885565690778],[167.58176393668163],[0.4258169398597689],-20,0.47225383165623097
8707,-1.2866270346090622,0.0,22,10000,[6873.885565690778],[167.58176393668163],[0.4258169398597689],-20,0.47225383165623097
8708,0.7316439812940223,0.0,22,10000,[6873.885565690778],[167.58176393668163],[0.4258169398597689],-20,0.47225383165623097
8709,0.07900708967061223,0.0,22,10000,[6873.885565690778],[167.58176393668163],[0.4258169398597689],-20,0.47225383165623097
8710,-0.09319211628501307,0.0,22,10000,[6873.885565690778],[167.58176393668163],[0.4258169398597689],-20,0.47225383165623097
8711,-0.2279798024319909,0.0,22,10000,[6873.885565690778],[167.58176393668163],[0.4258169398597689],-20,0.47225383165623097
8712,0.7212309768854492,0.0,22,10000,[6873.885565690778],[167.58176393668163],[0.4258169398597689],-20,0.47225383165623097
8713,0.7079744149993896,0.0,22,10000,[6873.885565690778],[167.58176393668163],[0.4258169398597689],-20,0.47225383165623097
8714,0.3193448580859834,0.0,22,10000,[6873.885565690778],[167.58176393668163],[0.4258169398597689],-20,0.47225383165623097
8715,0.676273000952219,0.0,22,10000,[6873.885565690778],[167.58176393668163],[0.4258169398597689],-20,0.47225383165623097
8716,-0.513810220529942,0.0,22,10000,[6873.885565690778],[167.58176393668163],[0.4258169398597689],-20,0.47225383165623097
8717,0.6819972030917886,0.0,22,10000,[6873.885565690778],[167.58176393668163],[0.4258169398597689],-20,0.47225383165623097
8718,-0.3380084813349156,0.0,22,10000,[6873.885565690778],[167.58176393668163],[0.4258169398597689],-20,0.47225383165623097
8719,-0.6171365240558331,0.0,22,10000,[6873.885565690778],[167.58176393668163],[0.4258169398597689],-20,0.47225383165623097
8720,0.4970935040900359,0.0,22,10000,[6873.885565690778],[167.58176393668163],[0.4258169398597689],-20,0.47225383165623097
8721,-0.13427954914418494,0.0,22,10000,[6873.885565690778],[167.58176393668163],[0.4258169398597689],-20,0.47225383165623097
8722,0.27988948753447285,0.0,22,10000,[6873.885565690778],[167.58176393668163],[0.4258169398597689],-20,0.47225383165623097
8723,0.10851362283482234,0.0,22,10000,[6873.885565690778],[167.58176393668163],[0.4258169398597689],-20,0.47225383165623097
8724,0.0956947051959918,0.0,22,10000,[6873.885565690778],[167.58176393668163],[0.4258169398597689],-20,0.47225383165623097
8725,-0.14586451006689938,0.0,22,10000,[6873.885565690778],[167.58176393668163],[0.4258169398597689],-20,0.47225383165623097
8726,-0.2538842314623564,0.0,22,10000,[6873.885565690778],[167.58176393668163],[0.4258169398597689],-20,0.47225383165623097
8727,-0.03937108473507647,0.0,22,10000,[6873.885565690778],[167.58176393668163],[0.4258169398597689],-20,0.47225383165623097
8728,0.227110610151647,0.0,22,10000,[6873.885565690778],[167.58176393668163],[0.4258169398597689],-20,0.47225383165623097
8729,-0.8670115719494903,0.0,22,10000,[6873.885565690778],[167.58176393668163],[0.4258169398597689],-20,0.47225383165623097
8730,0.4904976871571077,0.0,22,10000,[6873.885565690778],[167.58176393668163],[0.4258169398597689],-20,0.47225383165623097
8731,0.10273654870971934,0.0,22,10000,[6873.885565690778],[167.58176393668163],[0.4258169398597689],-20,0.47225383165623097
8732,0.021411762084399755,0.0,22,10000,[6873.885565690778],[167.58176393668163],[0.4258169398597689],-20,0.47225383165623097
8733,-0.3896751019715139,0.0,22,10000,[6873.885565690778],[167.58176393668163],[0.4258169398597689],-20,0.47225383165623097
8734,-0.37349317151380945,0.0,22,10000,[6873.885565690778],[167.58176393668163],[0.4258169398597689],-20,0.47225383165623097
8735,-0.14107510283070343,0.0,22,10000,[6873.885565690778],[167.58176393668163],[0.4258169398597689],-20,0.47225383165623097
8736,-0.506247276175747,0.0,22,10000,[6873.885565690778],[167.58176393668163],[0.4258169398597689],-20,0.47225383165623097
8737,-0.11161308420600563,0.0,22,10000,[6873.885565690778],[167.58176393668163],[0.4258169398597689],-20,0.47225383165623097
8738,-0.7554637194366144,0.0,22,10000,[6873.885565690778],[167.58176393668163],[0.4258169398597689],-20,0.47225383165623097
8739,0.3798340414715188,0.0,22,10000,[6873.885565690778],[167.58176393668163],[0.4258169398597689],-20,0.47225383165623097
8740,-0.4101323359251119,0.0,22,10000,[6873.885565690778],[167.58176393668163],[0.4258169398597689],-20,0.47225383165623097
8741,-0.04105988352206701,0.0,22,10000,[6873.885565690778],[167.58176393668163],[0.4258169398597689],-20,0.47225383165623097
8742,0.3825359108632506,0.0,22,10000,[6873.885565690778],[167.58176393668163],[0.4258169398597689],-20,0.47225383165623097
8743,0.3829890545338115,0.0,22,10000,[6873.885565690778],[167.58176393668163],[0.4258169398597689],-20,0.47225383165623097
8744,-0.3219629697511424,0.0,22,10000,[6873.885565690778],[167.58176393668163],[0.4258169398597689],-20,0.47225383165623097
8745,-0.6181965795346217,0.0,22,10000,[6873.885565690778],[167.58176393668163],[0.4258169398597689],-20,0.47225383165623097
8746,0.3191427633447179,0.0,22,10000,[6873.885565690778],[167.58176393668163],[0.4258169398597689],-20,0.47225383165623097
8747,0.642367639938546,0.0,22,10000,[6873.885565690778],[167.58176393668163],[0.4258169398597689],-20,0.47225383165623097
8748,0.06433239753725703,0.0,22,10000,[6873.885565690778],[167.58176393668163],[0.4258169398597689],-20,0.47225383165623097
8749,-0.8535993128304927,0.0,22,10000,[6873.885565690778],[167.58176393668163],[0.4258169398597689],-20,0.47225383165623097
8750,0.04562120727185417,0.0,22,10000,[6873.885565690778],[167.58176393668163],[0.4258169398597689],-20,0.47225383165623097
8751,0.24311681934462812,0.0,22,10000,[6873.885565690778],[167.58176393668163],[0.4258169398597689],-20,0.47225383165623097
8752,-0.3838506205765893,0.0,22,10000,[6873.885565690778],[167.58176393668163],[0.4258169398597689],-20,0.47225383165623097
8753,-0.272657698833619,0.0,22,10000,[6873.885565690778],[167.58176393668163],[0.4258169398597689],-20,0.47225383165623097
8754,0.4339473127034902,0.0,22,10000,[6873.885565690778],[167.58176393668163],[0.4258169398597689],-20,0.47225383165623097
8755,-0.5232530394360194,0.0,22,10000,[6873.885565690778],[167.58176393668163],[0.4258169398597689],-20,0.47225383165623097
8756,0.4322884254659567,0.0,22,10000,[6873.885565690778],[167.58176393668163],[0.4258169398597689],-20,0.47225383165623097
8757,-0.18640380500106013,0.0,22,10000,[6873.885565690778],[167.58176393668163],[0.4258169398597689],-20,0.47225383165623097
8758,0.22716856726929086,0.0,22,10000,[6873.885565690778],[167.58176393668163],[0.4258169398597689],-20,0.47225383165623097
8759,-0.18929799097114308,0.0,22,10000,[6873.885565690778],[167.58176393668163],[0.4258169398597689],-20,0.47225383165623097
8760,0.10632947687498986,0.0,22,10000,[6873.885565690778],[167.58176393668163],[0.4258169398597689],-20,0.47225383165623097
8761,0.08842015284548428,0.0,22,10000,[6873.885565690778],[167.58176393668163],[0.4258169398597689],-20,0.47225383165623097
8762,0.30685557129465135,0.0,22,10000,[6873.885565690778],[167.58176393668163],[0.4258169398597689],-20,0.47225383165623097
8763,-0.7502066268109728,0.0,22,10000,[6873.885565690778],[167.58176393668163],[0.4258169398597689],-20,0.47225383165623097
8764,-0.2056077495631306,0.0,22,10000,[6873.885565690778],[167.58176393668163],[0.4258169398597689],-20,0.47225383165623097
8765,0.3785174824031441,0.0,22,10000,[6873.885565690778],[167.58176393668163],[0.4258169398597689],-20,0.47225383165623097
8766,-0.7877307938360796,0.0,22,10000,[6873.885565690778],[167.58176393668163],[0.4258169398597689],-20,0.47225383165623097
8767,0.05258890061236689,0.0,22,10000,[6873.885565690778],[167.58176393668163],[0.4258169398597689],-20,0.47225383165623097
8768,0.2557258500083829,0.0,22,10000,[6873.885565690778],[167.58176393668163],[0.4258169398597689],-20,0.47225383165623097
8769,-0.2636196660655044,0.0,22,10000,[6873.885565690778],[167.58176393668163],[0.4258169398597689],-20,0.47225383165623097
8770,-0.9298266184977361,0.0,22,10000,[6873.885565690778],[167.58176393668163],[0.4258169398597689],-20,0.47225383165623097
8771,-0.15439022828707769,0.0,22,10000,[6873.885565690778],[167.58176393668163],[0.4258169398597689],-20,0.47225383165623097
8772,0.42263715847034283,0.0,22,10000,[6873.885565690778],[167.58176393668163],[0.4258169398597689],-20,0.47225383165623097
8773,-0.32221637298271416,0.0,22,10000,[6873.885565690778],[167.58176393668163],[0.4258169398597689],-20,0.47225383165623097
8774,-0.17537918206849928,0.0,22,10000,[6873.885565690778],[167.58176393668163],[0.4258169398597689],-20,0.47225383165623097
8775,-0.04735754174209914,0.0,22,10000,[6873.885565690778],[167.58176393668163],[0.4258169398597689],-20,0.47225383165623097
8776,-0.2548232034603804,0.0,22,10000,[6873.885565690778],[167.58176393668163],[0.4258169398597689],-20,0.47225383165623097
8777,0.5340533189372647,0.0,22,10000,[6873.885565690778],[167.58176393668163],[0.4258169398597689],-20,0.47225383165623097
8778,-0.5639797467671417,0.0,22,10000,[6873.885565690778],[167.58176393668163],[0.4258169398597689],-20,0.47225383165623097
8779,0.4003989314808541,0.0,22,10000,[6873.885565690778],[167.58176393668163],[0.4258169398597689],-20,0.47225383165623097
8780,0.5969530979181827,0.0,22,10000,[6873.885565690778],[167.58176393668163],[0.4258169398597689],-20,0.47225383165623097
8781,-0.4579227777365109,0.0,22,10000,[6873.885565690778],[167.58176393668163],[0.4258169398597689],-20,0.47225383165623097
8782,-0.09478971372050758,0.0,22,10000,[6873.885565690778],[167.58176393668163],[0.4258169398597689],-20,0.47225383165623097
8783,0.1349218722771596,0.0,22,10000,[6873.885565690778],[167.58176393668163],[0.4258169398597689],-20,0.47225383165623097
8784,0.060083083099255793,0.0,22,10000,[6873.885565690778],[167.58176393668163],[0.4258169398597689],-20,0.47225383165623097
8785,0.19839365844565174,0.0,22,10000,[6873.885565690778],[167.58176393668163],[0.4258169398597689],-20,0.47225383165623097
8786,0.07262643037671712,0.0,22,10000,[6873.885565690778],[167.58176393668163],[0.4258169398597689],-20,0.47225383165623097
8787,0.061195872956078166,0.0,22,10000,[6873.885565690778],[167.58176393668163],[0.4258169398597689],-20,0.47225383165623097
8788,-0.7823991020471293,0.0,22,10000,[6873.885565690778],[167.58176393668163],[0.4258169398597689],-20,0.47225383165623097
8789,-0.4887313419529167,0.0,22,10000,[6873.885565690778],[167.58176393668163],[0.4258169398597689],-20,0.47225383165623097
8790,-0.47901247607811825,0.0,22,10000,[6873.885565690778],[167.58176393668163],[0.4258169398597689],-20,0.47225383165623097
8791,-0.45646645273736675,0.0,22,10000,[6873.885565690778],[167.58176393668163],[0.4258169398597689],-20,0.47225383165623097
8792,0.32105033732226174,0.0,22,10000,[6873.885565690778],[167.58176393668163],[0.4258169398597689],-20,0.47225383165623097
8793,0.38249125444202287,0.0,22,10000,[6873.885565690778],[167.58176393668163],[0.4258169398597689],-20,0.47225383165623097
8794,0.41558885045766175,0.0,22,10000,[6873.885565690778],[167.58176393668163],[0.4258169398597689],-20,0.47225383165623097
8795,-0.603860758358407,0.0,22,10000,[6873.885565690778],[167.58176393668163],[0.4258169398597689],-20,0.47225383165623097
8796,0.6494805974785218,0.0,22,10000,[6873.885565690778],[167.58176393668163],[0.4258169398597689],-20,0.47225383165623097
8797,-0.15941330615941923,0.0,22,10000,[6873.885565690778],[167.58176393668163],[0.4258169398597689],-20,0.47225383165623097
8798,0.04589882189241567,0.0,22,10000,[6873.885565690778],[167.58176393668163],[0.4258169398597689],-20,0.47225383165623097
8799,-0.15793423850320054,0.0,22,10000,[6873.885565690778],[167.58176393668163],[0.4258169398597689],-20,0.47225383165623097
8800,0.48522252601034566,0.0,22,10000,[6873.885565690778],[167.58176393668163],[0.4258169398597689],-20,0.47225383165623097
8801,0.21972855822531345,0.0,22,10000,[6873.885565690778],[167.58176393668163],[0.4258169398597689],-20,0.47225383165623097
8802,0.27558716313187065,0.0,22,10000,[6873.885565690778],[167.58176393668163],[0.4258169398597689],-20,0.47225383165623097
8803,-0.2341861645873774,0.0,22,10000,[6873.885565690778],[167.58176393668163],[0.4258169398597689],-20,0.47225383165623097
8804,0.322430586808182,0.0,22,10000,[6873.885565690778],[167.58176393668163],[0.4258169398597689],-20,0.47225383165623097
8805,0.59848669809151,0.0,22,10000,[6873.885565690778],[167.58176393668163],[0.4258169398597689],-20,0.47225383165623097
8806,0.053336952099782065,0.0,22,10000,[6873.885565690778],[167.58176393668163],[0.4258169398597689],-20,0.47225383165623097
8807,0.363954294053074,0.0,22,10000,[6873.885565690778],[167.58176393668163],[0.4258169398597689],-20,0.47225383165623097
8808,-0.40368591617210714,0.0,22,10000,[6873.885565690778],[167.58176393668163],[0.4258169398597689],-20,0.47225383165623097
8809,-0.07092440330109355,0.0,22,10000,[6873.885565690778],[167.58176393668163],[0.4258169398597689],-20,0.47225383165623097
8810,0.09612951340413504,0.0,22,10000,[6873.885565690778],[167.58176393668163],[0.4258169398597689],-20,0.47225383165623097
8811,-0.20470579126649346,0.0,22,10000,[6873.885565690778],[167.58176393668163],[0.4258169398597689],-20,0.47225383165623097
8812,0.09645300789586138,0.0,22,10000,[6873.885565690778],[167.58176393668163],[0.4258169398597689],-20,0.47225383165623097
8813,-0.4008006447851849,0.0,22,10000,[6873.885565690778],[167.58176393668163],[0.4258169398597689],-20,0.47225383165623097
8814,0.6366001286209882,0.0,22,10000,[6873.885565690778],[167.58176393668163],[0.4258169398597689],-20,0.47225383165623097
8815,0.05345700811786458,0.0,22,10000,[6873.885565690778],[167.58176393668163],[0.4258169398597689],-20,0.47225383165623097
8816,-1.1033234007095345,0.0,22,10000,[6873.885565690778],[167.58176393668163],[0.4258169398597689],-20,0.47225383165623097
8817,-0.25252393117432664,0.0,22,10000,[6873.885565690778],[167.58176393668163],[0.4258169398597689],-20,0.47225383165623097
8818,0.25732964602685354,0.0,22,10000,[6873.885565690778],[167.58176393668163],[0.4258169398597689],-20,0.47225383165623097
8819,0.8531066299803102,0.0,22,10000,[6873.885565690778],[167.58176393668163],[0.4258169398597689],-20,0.47225383165623097
8820,0.1849289007462343,0.0,22,10000,[6873.885565690778],[167.58176393668163],[0.4258169398597689],-20,0.47225383165623097
8821,0.06526298189819332,0.0,22,10000,[6873.885565690778],[167.58176393668163],[0.4258169398597689],-20,0.47225383165623097
8822,0.23049105713259654,0.0,22,10000,[6873.885565690778],[167.58176393668163],[0.4258169398597689],-20,0.47225383165623097
8823,0.0645791868639081,0.0,22,10000,[6873.885565690778],[167.58176393668163],[0.4258169398597689],-20,0.47225383165623097
8824,-0.3860479610963272,0.0,22,10000,[6873.885565690778],[167.58176393668163],[0.4258169398597689],-20,0.47225383165623097
8825,0.3802896123254595,0.0,22,10000,[6873.885565690778],[167.58176393668163],[0.4258169398597689],-20,0.47225383165623097
8826,-1.0606410975737197,0.0,22,10000,[6873.885565690778],[167.58176393668163],[0.4258169398597689],-20,0.47225383165623097
8827,1.007107128925438,0.0,22,10000,[6873.885565690778],[167.58176393668163],[0.4258169398597689],-20,0.47225383165623097
8828,-0.36077433679343973,0.0,22,10000,[6873.885565690778],[167.58176393668163],[0.4258169398597689],-20,0.47225383165623097
8829,-0.5298920686431113,0.0,22,10000,[6873.885565690778],[167.58176393668163],[0.4258169398597689],-20,0.47225383165623097
8830,0.4299395108379269,0.0,22,10000,[6873.885565690778],[167.58176393668163],[0.4258169398597689],-20,0.47225383165623097
8831,0.18534444092361851,0.0,22,10000,[6873.885565690778],[167.58176393668163],[0.4258169398597689],-20,0.47225383165623097
8832,0.40818852691910956,0.0,22,10000,[6873.885565690778],[167.58176393668163],[0.4258169398597689],-20,0.47225383165623097
8833,0.02398045923748069,0.0,22,10000,[6873.885565690778],[167.58176393668163],[0.4258169398597689],-20,0.47225383165623097
8834,0.09230577333377366,0.0,22,10000,[6873.885565690778],[167.58176393668163],[0.4258169398597689],-20,0.47225383165623097
8835,-0.24597902381606895,0.0,22,10000,[6873.885565690778],[167.58176393668163],[0.4258169398597689],-20,0.47225383165623097
8836,-0.3534922223312369,0.0,22,10000,[6873.885565690778],[167.58176393668163],[0.4258169398597689],-20,0.47225383165623097
8837,-0.3359136030460142,0.0,22,10000,[6873.885565690778],[167.58176393668163],[0.4258169398597689],-20,0.47225383165623097
8838,-0.39721109395783455,0.0,22,10000,[6873.885565690778],[167.58176393668163],[0.4258169398597689],-20,0.47225383165623097
8839,0.6187128869449748,0.0,22,10000,[6873.885565690778],[167.58176393668163],[0.4258169398597689],-20,0.47225383165623097
8840,1.0989744818534821,0.0,22,10000,[6873.885565690778],[167.58176393668163],[0.4258169398597689],-20,0.47225383165623097
8841,-0.20341634567730238,0.0,22,10000,[6873.885565690778],[167.58176393668163],[0.4258169398597689],-20,0.47225383165623097
8842,-0.926895819392519,0.0,22,10000,[6873.885565690778],[167.58176393668163],[0.4258169398597689],-20,0.47225383165623097
8843,0.24261083916134826,0.0,22,10000,[6873.885565690778],[167.58176393668163],[0.4258169398597689],-20,0.47225383165623097
8844,0.07947987631916247,0.0,22,10000,[6873.885565690778],[167.58176393668163],[0.4258169398597689],-20,0.47225383165623097
8845,-0.9506020550767784,0.0,22,10000,[6873.885565690778],[167.58176393668163],[0.4258169398597689],-20,0.47225383165623097
8846,0.1017202007157172,0.0,22,10000,[6873.885565690778],[167.58176393668163],[0.4258169398597689],-20,0.47225383165623097
8847,-0.5084507322842093,0.0,22,10000,[6873.885565690778],[167.58176393668163],[0.4258169398597689],-20,0.47225383165623097
8848,-0.39491264026979844,0.0,22,10000,[6873.885565690778],[167.58176393668163],[0.4258169398597689],-20,0.47225383165623097
8849,0.752415326316042,0.0,22,10000,[6873.885565690778],[167.58176393668163],[0.4258169398597689],-20,0.47225383165623097
8850,-0.1558195796880348,0.0,22,10000,[6873.885565690778],[167.58176393668163],[0.4258169398597689],-20,0.47225383165623097
8851,0.5400899559585216,0.0,22,10000,[6873.885565690778],[167.58176393668163],[0.4258169398597689],-20,0.47225383165623097
8852,0.09315236633339523,0.0,22,10000,[6873.885565690778],[167.58176393668163],[0.4258169398597689],-20,0.47225383165623097
8853,0.13803140400204866,0.0,22,10000,[6873.885565690778],[167.58176393668163],[0.4258169398597689],-20,0.47225383165623097
8854,-0.0720154935303051,0.0,22,10000,[6873.885565690778],[167.58176393668163],[0.4258169398597689],-20,0.47225383165623097
8855,0.08243216767011512,0.0,22,10000,[6873.885565690778],[167.58176393668163],[0.4258169398597689],-20,0.47225383165623097
8856,-1.005817595466596,0.0,22,10000,[6873.885565690778],[167.58176393668163],[0.4258169398597689],-20,0.47225383165623097
8857,1.0487687053846815,0.0,22,10000,[6873.885565690778],[167.58176393668163],[0.4258169398597689],-20,0.47225383165623097
8858,-0.12596517190588097,0.0,22,10000,[6873.885565690778],[167.58176393668163],[0.4258169398597689],-20,0.47225383165623097
8859,0.14519348311173844,0.0,22,10000,[6873.885565690778],[167.58176393668163],[0.4258169398597689],-20,0.47225383165623097
8860,-0.910420136302563,0.0,22,10000,[6873.885565690778],[167.58176393668163],[0.4258169398597689],-20,0.47225383165623097
8861,0.2191672939429339,0.0,22,10000,[6873.885565690778],[167.58176393668163],[0.4258169398597689],-20,0.47225383165623097
8862,-0.2446456237026187,0.0,22,10000,[6873.885565690778],[167.58176393668163],[0.4258169398597689],-20,0.47225383165623097
8863,0.4431758591434741,0.0,22,10000,[6873.885565690778],[167.58176393668163],[0.4258169398597689],-20,0.47225383165623097
8864,-0.24486467335181122,0.0,22,10000,[6873.885565690778],[167.58176393668163],[0.4258169398597689],-20,0.47225383165623097
8865,0.34198016926799846,0.0,22,10000,[6873.885565690778],[167.58176393668163],[0.4258169398597689],-20,0.47225383165623097
8866,0.04574024169968189,0.0,22,10000,[6873.885565690778],[167.58176393668163],[0.4258169398597689],-20,0.47225383165623097
8867,0.2580043221164711,0.0,22,10000,[6873.885565690778],[167.58176393668163],[0.4258169398597689],-20,0.47225383165623097
8868,0.2175125134112617,0.0,22,10000,[6873.885565690778],[167.58176393668163],[0.4258169398597689],-20,0.47225383165623097
8869,-0.2779443818787729,0.0,22,10000,[6873.885565690778],[167.58176393668163],[0.4258169398597689],-20,0.47225383165623097
8870,-0.12911615064324117,0.0,22,10000,[6873.885565690778],[167.58176393668163],[0.4258169398597689],-20,0.47225383165623097
8871,-0.7030866308760966,0.0,22,10000,[6873.885565690778],[167.58176393668163],[0.4258169398597689],-20,0.47225383165623097
8872,-0.11698956931058298,0.0,22,10000,[6873.885565690778],[167.58176393668163],[0.4258169398597689],-20,0.47225383165623097
8873,-0.13123140019132545,0.0,22,10000,[6873.885565690778],[167.58176393668163],[0.4258169398597689],-20,0.47225383165623097
8874,-0.0671303502739282,0.0,22,10000,[6873.885565690778],[167.58176393668163],[0.4258169398597689],-20,0.47225383165623097
8875,-0.05544681863429942,0.0,22,10000,[6873.885565690778],[167.58176393668163],[0.4258169398597689],-20,0.47225383165623097
8876,0.34705714786033115,0.0,22,10000,[6873.885565690778],[167.58176393668163],[0.4258169398597689],-20,0.47225383165623097
8877,0.6196153747327191,0.0,22,10000,[6873.885565690778],[167.58176393668163],[0.4258169398597689],-20,0.47225383165623097
8878,-0.3971461681667421,0.0,22,10000,[6873.885565690778],[167.58176393668163],[0.4258169398597689],-20,0.47225383165623097
8879,0.19867021972803783,0.0,22,10000,[6873.885565690778],[167.58176393668163],[0.4258169398597689],-20,0.47225383165623097
8880,-0.17052691351814997,0.0,22,10000,[6873.885565690778],[167.58176393668163],[0.4258169398597689],-20,0.47225383165623097
8881,0.3343877433606016,0.0,22,10000,[6873.885565690778],[167.58176393668163],[0.4258169398597689],-20,0.47225383165623097
8882,-0.48867764584134815,0.0,22,10000,[6873.885565690778],[167.58176393668163],[0.4258169398597689],-20,0.47225383165623097
8883,0.6964452000200949,0.0,22,10000,[6873.885565690778],[167.58176393668163],[0.4258169398597689],-20,0.47225383165623097
8884,-0.021613187035639716,0.0,22,10000,[6873.885565690778],[167.58176393668163],[0.4258169398597689],-20,0.47225383165623097
8885,0.3633440142174885,0.0,22,10000,[6873.885565690778],[167.58176393668163],[0.4258169398597689],-20,0.47225383165623097
8886,0.37896593693963393,0.0,22,10000,[6873.885565690778],[167.58176393668163],[0.4258169398597689],-20,0.47225383165623097
8887,-0.3179397611058378,0.0,22,10000,[6873.885565690778],[167.58176393668163],[0.4258169398597689],-20,0.47225383165623097
8888,-0.048185996762225056,0.0,22,10000,[6873.885565690778],[167.58176393668163],[0.4258169398597689],-20,0.47225383165623097
8889,1.2290071116117172,0.0,22,10000,[6873.885565690778],[167.58176393668163],[0.4258169398597689],-20,0.47225383165623097
8890,-0.5938877189050689,0.0,22,10000,[6873.885565690778],[167.58176393668163],[0.4258169398597689],-20,0.47225383165623097
8891,0.25426713628836245,0.0,22,10000,[6873.885565690778],[167.58176393668163],[0.4258169398597689],-20,0.47225383165623097
8892,0.32407099776162634,0.0,22,10000,[6873.885565690778],[167.58176393668163],[0.4258169398597689],-20,0.47225383165623097
8893,0.3493229461801707,0.0,22,10000,[6873.885565690778],[167.58176393668163],[0.4258169398597689],-20,0.47225383165623097
8894,-0.9790039449134063,0.0,22,10000,[6873.885565690778],[167.58176393668163],[0.4258169398597689],-20,0.47225383165623097
8895,0.07928040688035716,0.0,22,10000,[6873.885565690778],[167.58176393668163],[0.4258169398597689],-20,0.47225383165623097
8896,0.28314904619211984,0.0,22,10000,[6873.885565690778],[167.58176393668163],[0.4258169398597689],-20,0.47225383165623097
8897,0.06560652159914966,0.0,22,10000,[6873.885565690778],[167.58176393668163],[0.4258169398597689],-20,0.47225383165623097
8898,-0.7782850968194188,0.0,22,10000,[6873.885565690778],[167.58176393668163],[0.4258169398597689],-20,0.47225383165623097
8899,-0.03959002446786773,0.0,22,10000,[6873.885565690778],[167.58176393668163],[0.4258169398597689],-20,0.47225383165623097
8900,1.0398986086324058,0.0,22,10000,[6873.885565690778],[167.58176393668163],[0.4258169398597689],-20,0.47225383165623097
8901,-0.3085700936392497,0.0,22,10000,[6873.885565690778],[167.58176393668163],[0.4258169398597689],-20,0.47225383165623097
8902,0.3572344480416433,0.0,22,10000,[6873.885565690778],[167.58176393668163],[0.4258169398597689],-20,0.47225383165623097
8903,0.1735804517409939,0.0,22,10000,[6873.885565690778],[167.58176393668163],[0.4258169398597689],-20,0.47225383165623097
8904,0.4799737082162512,0.0,22,10000,[6873.885565690778],[167.58176393668163],[0.4258169398597689],-20,0.47225383165623097
8905,0.12928722014900634,0.0,22,10000,[6873.885565690778],[167.58176393668163],[0.4258169398597689],-20,0.47225383165623097
8906,-1.5799915367765565,0.0,22,10000,[6873.885565690778],[167.58176393668163],[0.4258169398597689],-20,0.47225383165623097
8907,0.16757828211675163,0.0,22,10000,[6873.885565690778],[167.58176393668163],[0.4258169398597689],-20,0.47225383165623097
8908,-0.5299694047983395,0.0,22,10000,[6873.885565690778],[167.58176393668163],[0.4258169398597689],-20,0.47225383165623097
8909,-0.003979852799461726,0.0,22,10000,[6873.885565690778],[167.58176393668163],[0.4258169398597689],-20,0.47225383165623097
8910,-0.39098687188546305,0.0,22,10000,[6873.885565690778],[167.58176393668163],[0.4258169398597689],-20,0.47225383165623097
8911,-0.17526656045253133,0.0,22,10000,[6873.885565690778],[167.58176393668163],[0.4258169398597689],-20,0.47225383165623097
8912,0.49392365042468134,0.0,22,10000,[6873.885565690778],[167.58176393668163],[0.4258169398597689],-20,0.47225383165623097
8913,-0.11497298328578202,0.0,22,10000,[6873.885565690778],[167.58176393668163],[0.4258169398597689],-20,0.47225383165623097
8914,-0.650420489369571,0.0,22,10000,[6873.885565690778],[167.58176393668163],[0.4258169398597689],-20,0.47225383165623097
8915,-0.08740014961353296,0.0,22,10000,[6873.885565690778],[167.58176393668163],[0.4258169398597689],-20,0.47225383165623097
8916,-0.1470348891353254,0.0,22,10000,[6873.885565690778],[167.58176393668163],[0.4258169398597689],-20,0.47225383165623097
8917,0.4406891171230752,0.0,22,10000,[6873.885565690778],[167.58176393668163],[0.4258169398597689],-20,0.47225383165623097
8918,0.3395679017577441,0.0,22,10000,[6873.885565690778],[167.58176393668163],[0.4258169398597689],-20,0.47225383165623097
8919,0.3534284678569148,0.0,22,10000,[6873.885565690778],[167.58176393668163],[0.4258169398597689],-20,0.47225383165623097
8920,-0.17718626246252772,0.0,22,10000,[6873.885565690778],[167.58176393668163],[0.4258169398597689],-20,0.47225383165623097
8921,-0.049125870355750195,0.0,22,10000,[6873.885565690778],[167.58176393668163],[0.4258169398597689],-20,0.47225383165623097
8922,-0.4680498392343833,0.0,22,10000,[6873.885565690778],[167.58176393668163],[0.4258169398597689],-20,0.47225383165623097
8923,0.057393624777206984,0.0,22,10000,[6873.885565690778],[167.58176393668163],[0.4258169398597689],-20,0.47225383165623097
8924,-0.2321362916280787,0.0,22,10000,[6873.885565690778],[167.58176393668163],[0.4258169398597689],-20,0.47225383165623097
8925,-0.5519841316593881,0.0,22,10000,[6873.885565690778],[167.58176393668163],[0.4258169398597689],-20,0.47225383165623097
8926,0.6507446987490025,0.0,22,10000,[6873.885565690778],[167.58176393668163],[0.4258169398597689],-20,0.47225383165623097
8927,-0.17600080419675096,0.0,22,10000,[6873.885565690778],[167.58176393668163],[0.4258169398597689],-20,0.47225383165623097
8928,-0.1457354916143447,0.0,22,10000,[6873.885565690778],[167.58176393668163],[0.4258169398597689],-20,0.47225383165623097
8929,-0.0036650285404946138,0.0,22,10000,[6873.885565690778],[167.58176393668163],[0.4258169398597689],-20,0.47225383165623097
8930,0.17751701693898755,0.0,22,10000,[6873.885565690778],[167.58176393668163],[0.4258169398597689],-20,0.47225383165623097
8931,-0.5369603042673021,0.0,22,10000,[6873.885565690778],[167.58176393668163],[0.4258169398597689],-20,0.47225383165623097
8932,-0.8510329325376077,0.0,22,10000,[6873.885565690778],[167.58176393668163],[0.4258169398597689],-20,0.47225383165623097
8933,0.21792055389843062,0.0,22,10000,[6873.885565690778],[167.58176393668163],[0.4258169398597689],-20,0.47225383165623097
8934,-0.556245371204805,0.0,22,10000,[6873.885565690778],[167.58176393668163],[0.4258169398597689],-20,0.47225383165623097
8935,0.07089864804144053,0.0,22,10000,[6873.885565690778],[167.58176393668163],[0.4258169398597689],-20,0.47225383165623097
8936,-0.40759448658021147,0.0,22,10000,[6873.885565690778],[167.58176393668163],[0.4258169398597689],-20,0.47225383165623097
8937,-0.15866720357036632,0.0,22,10000,[6873.885565690778],[167.58176393668163],[0.4258169398597689],-20,0.47225383165623097
8938,0.31030506592152535,0.0,22,10000,[6873.885565690778],[167.58176393668163],[0.4258169398597689],-20,0.47225383165623097
8939,-0.11074165997813128,0.0,22,10000,[6873.885565690778],[167.58176393668163],[0.4258169398597689],-20,0.47225383165623097
8940,-0.2123360057787837,0.0,22,10000,[6873.885565690778],[167.58176393668163],[0.4258169398597689],-20,0.47225383165623097
8941,0.22296688520951524,0.0,22,10000,[6873.885565690778],[167.58176393668163],[0.4258169398597689],-20,0.47225383165623097
8942,-0.00689966098780342,0.0,22,10000,[6873.885565690778],[167.58176393668163],[0.4258169398597689],-20,0.47225383165623097
8943,-0.4478643928200416,0.0,22,10000,[6873.885565690778],[167.58176393668163],[0.4258169398597689],-20,0.47225383165623097
8944,0.2750942331629729,0.0,22,10000,[6873.885565690778],[167.58176393668163],[0.4258169398597689],-20,0.47225383165623097
8945,-0.3652035041245419,0.0,22,10000,[6873.885565690778],[167.58176393668163],[0.4258169398597689],-20,0.47225383165623097
8946,0.19565484457271035,0.0,22,10000,[6873.885565690778],[167.58176393668163],[0.4258169398597689],-20,0.47225383165623097
8947,0.5369729675559102,0.0,22,10000,[6873.885565690778],[167.58176393668163],[0.4258169398597689],-20,0.47225383165623097
8948,0.02435310820297542,0.0,22,10000,[6873.885565690778],[167.58176393668163],[0.4258169398597689],-20,0.47225383165623097
8949,0.12707582145324658,0.0,22,10000,[6873.885565690778],[167.58176393668163],[0.4258169398597689],-20,0.47225383165623097
8950,-0.037634706363538266,0.0,22,10000,[6873.885565690778],[167.58176393668163],[0.4258169398597689],-20,0.47225383165623097
8951,-1.0046204679625645,0.0,22,10000,[6873.885565690778],[167.58176393668163],[0.4258169398597689],-20,0.47225383165623097
8952,-0.10863797722475095,0.0,22,10000,[6873.885565690778],[167.58176393668163],[0.4258169398597689],-20,0.47225383165623097
8953,0.3620995047787514,0.0,22,10000,[6873.885565690778],[167.58176393668163],[0.4258169398597689],-20,0.47225383165623097
8954,0.18132287794980567,0.0,22,10000,[6873.885565690778],[167.58176393668163],[0.4258169398597689],-20,0.47225383165623097
8955,-0.8520946631241895,0.0,22,10000,[6873.885565690778],[167.58176393668163],[0.4258169398597689],-20,0.47225383165623097
8956,0.10552561891607108,0.0,22,10000,[6873.885565690778],[167.58176393668163],[0.4258169398597689],-20,0.47225383165623097
8957,-0.3773373713148648,0.0,22,10000,[6873.885565690778],[167.58176393668163],[0.4258169398597689],-20,0.47225383165623097
8958,-0.5082877335679732,0.0,22,10000,[6873.885565690778],[167.58176393668163],[0.4258169398597689],-20,0.47225383165623097
8959,0.6784327289123372,0.0,22,10000,[6873.885565690778],[167.58176393668163],[0.4258169398597689],-20,0.47225383165623097
8960,0.11697464437553395,0.0,22,10000,[6873.885565690778],[167.58176393668163],[0.4258169398597689],-20,0.47225383165623097
8961,-0.3182212788760694,0.0,22,10000,[6873.885565690778],[167.58176393668163],[0.4258169398597689],-20,0.47225383165623097
8962,0.6696122456253407,0.0,22,10000,[6873.885565690778],[167.58176393668163],[0.4258169398597689],-20,0.47225383165623097
8963,0.6102278761739118,0.0,22,10000,[6873.885565690778],[167.58176393668163],[0.4258169398597689],-20,0.47225383165623097
8964,-0.4832912613626564,0.0,22,10000,[6873.885565690778],[167.58176393668163],[0.4258169398597689],-20,0.47225383165623097
8965,0.5646353642506259,0.0,22,10000,[6873.885565690778],[167.58176393668163],[0.4258169398597689],-20,0.47225383165623097
8966,-0.05738223882167769,0.0,22,10000,[6873.885565690778],[167.58176393668163],[0.4258169398597689],-20,0.47225383165623097
8967,-0.3068766199253398,0.0,22,10000,[6873.885565690778],[167.58176393668163],[0.4258169398597689],-20,0.47225383165623097
8968,0.48419546676069003,0.0,22,10000,[6873.885565690778],[167.58176393668163],[0.4258169398597689],-20,0.47225383165623097
8969,-0.052129633344119485,0.0,22,10000,[6873.885565690778],[167.58176393668163],[0.4258169398597689],-20,0.47225383165623097
8970,-0.020030382617165686,0.0,22,10000,[6873.885565690778],[167.58176393668163],[0.4258169398597689],-20,0.47225383165623097
8971,0.5351289281444221,0.0,22,10000,[6873.885565690778],[167.58176393668163],[0.4258169398597689],-20,0.47225383165623097
8972,0.05582502240619326,0.0,22,10000,[6873.885565690778],[167.58176393668163],[0.4258169398597689],-20,0.47225383165623097
8973,0.11969159715580506,0.0,22,10000,[6873.885565690778],[167.58176393668163],[0.4258169398597689],-20,0.47225383165623097
8974,0.0878768744926134,0.0,22,10000,[6873.885565690778],[167.58176393668163],[0.4258169398597689],-20,0.47225383165623097
8975,-0.10214804103982984,0.0,22,10000,[6873.885565690778],[167.58176393668163],[0.4258169398597689],-20,0.47225383165623097
8976,0.30600170238654434,0.0,22,10000,[6873.885565690778],[167.58176393668163],[0.4258169398597689],-20,0.47225383165623097
8977,0.05479252357007842,0.0,22,10000,[6873.885565690778],[167.58176393668163],[0.4258169398597689],-20,0.47225383165623097
8978,0.5445071359004925,0.0,22,10000,[6873.885565690778],[167.58176393668163],[0.4258169398597689],-20,0.47225383165623097
8979,0.22860526863747233,0.0,22,10000,[6873.885565690778],[167.58176393668163],[0.4258169398597689],-20,0.47225383165623097
8980,-0.18021677727188812,0.0,22,10000,[6873.885565690778],[167.58176393668163],[0.4258169398597689],-20,0.47225383165623097
8981,-0.20118225428485456,0.0,22,10000,[6873.885565690778],[167.58176393668163],[0.4258169398597689],-20,0.47225383165623097
8982,-0.131603354411264,0.0,22,10000,[6873.885565690778],[167.58176393668163],[0.4258169398597689],-20,0.47225383165623097
8983,-0.6934414357540252,0.0,22,10000,[6873.885565690778],[167.58176393668163],[0.4258169398597689],-20,0.47225383165623097
8984,0.29580497856288146,0.0,22,10000,[6873.885565690778],[167.58176393668163],[0.4258169398597689],-20,0.47225383165623097
8985,0.17939113739905388,0.0,22,10000,[6873.885565690778],[167.58176393668163],[0.4258169398597689],-20,0.47225383165623097
8986,1.0213971755888174,0.0,22,10000,[6873.885565690778],[167.58176393668163],[0.4258169398597689],-20,0.47225383165623097
8987,0.47180988984814587,0.0,22,10000,[6873.885565690778],[167.58176393668163],[0.4258169398597689],-20,0.47225383165623097
8988,0.6400713007131629,0.0,22,10000,[6873.885565690778],[167.58176393668163],[0.4258169398597689],-20,0.47225383165623097
8989,-0.020366855654818352,0.0,22,10000,[6873.885565690778],[167.58176393668163],[0.4258169398597689],-20,0.47225383165623097
8990,0.11760343093017478,0.0,22,10000,[6873.885565690778],[167.58176393668163],[0.4258169398597689],-20,0.47225383165623097
8991,0.5341425444977541,0.0,22,10000,[6873.885565690778],[167.58176393668163],[0.4258169398597689],-20,0.47225383165623097
8992,-0.1662431503591942,0.0,22,10000,[6873.885565690778],[167.58176393668163],[0.4258169398597689],-20,0.47225383165623097
8993,-0.08897400411442255,0.0,22,10000,[6873.885565690778],[167.58176393668163],[0.4258169398597689],-20,0.47225383165623097
8994,-0.08511955043710841,0.0,22,10000,[6873.885565690778],[167.58176393668163],[0.4258169398597689],-20,0.47225383165623097
8995,-0.6541036171192716,0.0,22,10000,[6873.885565690778],[167.58176393668163],[0.4258169398597689],-20,0.47225383165623097
8996,-0.09691689666691714,0.0,22,10000,[6873.885565690778],[167.58176393668163],[0.4258169398597689],-20,0.47225383165623097
8997,-0.02865002325883321,0.0,22,10000,[6873.885565690778],[167.58176393668163],[0.4258169398597689],-20,0.47225383165623097
8998,-0.6136853046313258,0.0,22,10000,[6873.885565690778],[167.58176393668163],[0.4258169398597689],-20,0.47225383165623097
8999,0.1989724315488959,0.0,22,10000,[6873.885565690778],[167.58176393668163],[0.4258169398597689],-20,0.47225383165623097
9000,0.6691144579113563,0.0,22,10000,[6873.885565690778],[167.58176393668163],[0.4258169398597689],-20,0.47225383165623097
9001,-0.9733977004983629,0.0,22,10000,[6873.885565690778],[167.58176393668163],[0.4258169398597689],-20,0.47225383165623097
9002,0.1867001939311946,0.0,22,10000,[6873.885565690778],[167.58176393668163],[0.4258169398597689],-20,0.47225383165623097
9003,0.1580220436735129,0.0,22,10000,[6873.885565690778],[167.58176393668163],[0.4258169398597689],-20,0.47225383165623097
9004,-0.4379694541042104,0.0,22,10000,[6873.885565690778],[167.58176393668163],[0.4258169398597689],-20,0.47225383165623097
9005,0.8068548428916338,0.0,22,10000,[6873.885565690778],[167.58176393668163],[0.4258169398597689],-20,0.47225383165623097
9006,-0.13494648738031678,0.0,22,10000,[6873.885565690778],[167.58176393668163],[0.4258169398597689],-20,0.47225383165623097
9007,-0.03418218152319584,0.0,22,10000,[6873.885565690778],[167.58176393668163],[0.4258169398597689],-20,0.47225383165623097
9008,0.6453499725092917,0.0,22,10000,[6873.885565690778],[167.58176393668163],[0.4258169398597689],-20,0.47225383165623097
9009,-0.5511844434569583,0.0,22,10000,[6873.885565690778],[167.58176393668163],[0.4258169398597689],-20,0.47225383165623097
9010,-0.6746656194778986,0.0,22,10000,[6873.885565690778],[167.58176393668163],[0.4258169398597689],-20,0.47225383165623097
9011,0.4266207571529201,0.0,22,10000,[6873.885565690778],[167.58176393668163],[0.4258169398597689],-20,0.47225383165623097
9012,0.8708529715343654,0.0,22,10000,[6873.885565690778],[167.58176393668163],[0.4258169398597689],-20,0.47225383165623097
9013,0.30937190254373537,0.0,22,10000,[6873.885565690778],[167.58176393668163],[0.4258169398597689],-20,0.47225383165623097
9014,0.27065235729357817,0.0,22,10000,[6873.885565690778],[167.58176393668163],[0.4258169398597689],-20,0.47225383165623097
9015,-0.637593999034099,0.0,22,10000,[6873.885565690778],[167.58176393668163],[0.4258169398597689],-20,0.47225383165623097
9016,-0.3504641174307776,0.0,22,10000,[6873.885565690778],[167.58176393668163],[0.4258169398597689],-20,0.47225383165623097
9017,0.5662185020311057,0.0,22,10000,[6873.885565690778],[167.58176393668163],[0.4258169398597689],-20,0.47225383165623097
9018,-0.30598825256601514,0.0,22,10000,[6873.885565690778],[167.58176393668163],[0.4258169398597689],-20,0.47225383165623097
9019,0.8861093755729168,0.0,22,10000,[6873.885565690778],[167.58176393668163],[0.4258169398597689],-20,0.47225383165623097
9020,0.48733492456193367,0.0,22,10000,[6873.885565690778],[167.58176393668163],[0.4258169398597689],-20,0.47225383165623097
9021,0.3112328487351193,0.0,22,10000,[6873.885565690778],[167.58176393668163],[0.4258169398597689],-20,0.47225383165623097
9022,0.09878970932188366,0.0,22,10000,[6873.885565690778],[167.58176393668163],[0.4258169398597689],-20,0.47225383165623097
9023,-0.4357089054510437,0.0,22,10000,[6873.885565690778],[167.58176393668163],[0.4258169398597689],-20,0.47225383165623097
9024,-0.20252843826894176,0.0,22,10000,[6873.885565690778],[167.58176393668163],[0.4258169398597689],-20,0.47225383165623097
9025,0.8785845570935373,0.0,22,10000,[6873.885565690778],[167.58176393668163],[0.4258169398597689],-20,0.47225383165623097
9026,-0.4532826930801604,0.0,22,10000,[6873.885565690778],[167.58176393668163],[0.4258169398597689],-20,0.47225383165623097
9027,0.4661616531539354,0.0,22,10000,[6873.885565690778],[167.58176393668163],[0.4258169398597689],-20,0.47225383165623097
9028,-0.5376000017970051,0.0,22,10000,[6873.885565690778],[167.58176393668163],[0.4258169398597689],-20,0.47225383165623097
9029,-0.18168636944217886,0.0,22,10000,[6873.885565690778],[167.58176393668163],[0.4258169398597689],-20,0.47225383165623097
9030,0.4188820949866268,0.0,22,10000,[6873.885565690778],[167.58176393668163],[0.4258169398597689],-20,0.47225383165623097
9031,0.15458823242476163,0.0,22,10000,[6873.885565690778],[167.58176393668163],[0.4258169398597689],-20,0.47225383165623097
9032,0.22270771577330128,0.0,22,10000,[6873.885565690778],[167.58176393668163],[0.4258169398597689],-20,0.47225383165623097
9033,-0.287052062819612,0.0,22,10000,[6873.885565690778],[167.58176393668163],[0.4258169398597689],-20,0.47225383165623097
9034,-0.14628767738980084,0.0,22,10000,[6873.885565690778],[167.58176393668163],[0.4258169398597689],-20,0.47225383165623097
9035,-0.4193839683365104,0.0,22,10000,[6873.885565690778],[167.58176393668163],[0.4258169398597689],-20,0.47225383165623097
9036,-0.5721222060268575,0.0,22,10000,[6873.885565690778],[167.58176393668163],[0.4258169398597689],-20,0.47225383165623097
9037,-0.32836131639626953,0.0,22,10000,[6873.885565690778],[167.58176393668163],[0.4258169398597689],-20,0.47225383165623097
9038,-0.2774070314418602,0.0,22,10000,[6873.885565690778],[167.58176393668163],[0.4258169398597689],-20,0.47225383165623097
9039,1.2271736384705996,0.0,22,10000,[6873.885565690778],[167.58176393668163],[0.4258169398597689],-20,0.47225383165623097
9040,0.17113468118323172,0.0,22,10000,[6873.885565690778],[167.58176393668163],[0.4258169398597689],-20,0.47225383165623097
9041,0.5494075627112394,0.0,22,10000,[6873.885565690778],[167.58176393668163],[0.4258169398597689],-20,0.47225383165623097
9042,-0.16693099254448876,0.0,22,10000,[6873.885565690778],[167.58176393668163],[0.4258169398597689],-20,0.47225383165623097
9043,0.07543920548330367,0.0,22,10000,[6873.885565690778],[167.58176393668163],[0.4258169398597689],-20,0.47225383165623097
9044,0.05976967308261839,0.0,22,10000,[6873.885565690778],[167.58176393668163],[0.4258169398597689],-20,0.47225383165623097
9045,0.3069106939671065,0.0,22,10000,[6873.885565690778],[167.58176393668163],[0.4258169398597689],-20,0.47225383165623097
9046,-0.3087952013634063,0.0,22,10000,[6873.885565690778],[167.58176393668163],[0.4258169398597689],-20,0.47225383165623097
9047,-0.36835835060962824,0.0,22,10000,[6873.885565690778],[167.58176393668163],[0.4258169398597689],-20,0.47225383165623097
9048,-0.13961204823752962,0.0,22,10000,[6873.885565690778],[167.58176393668163],[0.4258169398597689],-20,0.47225383165623097
9049,-0.3476509531201874,0.0,22,10000,[6873.885565690778],[167.58176393668163],[0.4258169398597689],-20,0.47225383165623097
9050,0.1330735024530767,0.0,22,10000,[6873.885565690778],[167.58176393668163],[0.4258169398597689],-20,0.47225383165623097
9051,0.535741115490963,0.0,22,10000,[6873.885565690778],[167.58176393668163],[0.4258169398597689],-20,0.47225383165623097
9052,-0.4986709559107035,0.0,22,10000,[6873.885565690778],[167.58176393668163],[0.4258169398597689],-20,0.47225383165623097
9053,-0.5192082985079897,0.0,22,10000,[6873.885565690778],[167.58176393668163],[0.4258169398597689],-20,0.47225383165623097
9054,0.046013201956059596,0.0,22,10000,[6873.885565690778],[167.58176393668163],[0.4258169398597689],-20,0.47225383165623097
9055,0.5376775695754289,0.0,22,10000,[6873.885565690778],[167.58176393668163],[0.4258169398597689],-20,0.47225383165623097
9056,-0.08960892432002952,0.0,22,10000,[6873.885565690778],[167.58176393668163],[0.4258169398597689],-20,0.47225383165623097
9057,0.3308205517078353,0.0,22,10000,[6873.885565690778],[167.58176393668163],[0.4258169398597689],-20,0.47225383165623097
9058,0.09577925808911938,0.0,22,10000,[6873.885565690778],[167.58176393668163],[0.4258169398597689],-20,0.47225383165623097
9059,0.26172635532203914,0.0,22,10000,[6873.885565690778],[167.58176393668163],[0.4258169398597689],-20,0.47225383165623097
9060,-0.3788527426974912,0.0,22,10000,[6873.885565690778],[167.58176393668163],[0.4258169398597689],-20,0.47225383165623097
9061,0.32801851466103177,0.0,22,10000,[6873.885565690778],[167.58176393668163],[0.4258169398597689],-20,0.47225383165623097
9062,0.2349294979072493,0.0,22,10000,[6873.885565690778],[167.58176393668163],[0.4258169398597689],-20,0.47225383165623097
9063,-0.16896827709159087,0.0,22,10000,[6873.885565690778],[167.58176393668163],[0.4258169398597689],-20,0.47225383165623097
9064,-0.2863939365391473,0.0,22,10000,[6873.885565690778],[167.58176393668163],[0.4258169398597689],-20,0.47225383165623097
9065,-0.649650388031261,0.0,22,10000,[6873.885565690778],[167.58176393668163],[0.4258169398597689],-20,0.47225383165623097
9066,-0.30601691348410603,0.0,22,10000,[6873.885565690778],[167.58176393668163],[0.4258169398597689],-20,0.47225383165623097
9067,1.2639985465449526,0.0,22,10000,[6873.885565690778],[167.58176393668163],[0.4258169398597689],-20,0.47225383165623097
9068,0.26149773704071444,0.0,22,10000,[6873.885565690778],[167.58176393668163],[0.4258169398597689],-20,0.47225383165623097
9069,-0.21136577150903477,0.0,22,10000,[6873.885565690778],[167.58176393668163],[0.4258169398597689],-20,0.47225383165623097
9070,-0.16939608873206224,0.0,22,10000,[6873.885565690778],[167.58176393668163],[0.4258169398597689],-20,0.47225383165623097
9071,0.18840069974457574,0.0,22,10000,[6873.885565690778],[167.58176393668163],[0.4258169398597689],-20,0.47225383165623097
9072,-0.540589043451644,0.0,22,10000,[6873.885565690778],[167.58176393668163],[0.4258169398597689],-20,0.47225383165623097
9073,-0.6722170689549694,0.0,22,10000,[6873.885565690778],[167.58176393668163],[0.4258169398597689],-20,0.47225383165623097
9074,0.011342347120137484,0.0,22,10000,[6873.885565690778],[167.58176393668163],[0.4258169398597689],-20,0.47225383165623097
9075,0.6262682590910954,0.0,22,10000,[6873.885565690778],[167.58176393668163],[0.4258169398597689],-20,0.47225383165623097
9076,0.33234923597816024,0.0,22,10000,[6873.885565690778],[167.58176393668163],[0.4258169398597689],-20,0.47225383165623097
9077,-0.03404999005811888,0.0,22,10000,[6873.885565690778],[167.58176393668163],[0.4258169398597689],-20,0.47225383165623097
9078,-0.7170056764781803,0.0,22,10000,[6873.885565690778],[167.58176393668163],[0.4258169398597689],-20,0.47225383165623097
9079,0.03895918029797028,0.0,22,10000,[6873.885565690778],[167.58176393668163],[0.4258169398597689],-20,0.47225383165623097
9080,0.3833893637799417,0.0,22,10000,[6873.885565690778],[167.58176393668163],[0.4258169398597689],-20,0.47225383165623097
9081,-0.17667170277416216,0.0,22,10000,[6873.885565690778],[167.58176393668163],[0.4258169398597689],-20,0.47225383165623097
9082,0.44392333723214206,0.0,22,10000,[6873.885565690778],[167.58176393668163],[0.4258169398597689],-20,0.47225383165623097
9083,0.045685193735928484,0.0,22,10000,[6873.885565690778],[167.58176393668163],[0.4258169398597689],-20,0.47225383165623097
9084,-1.4475010147645186,0.0,22,10000,[6873.885565690778],[167.58176393668163],[0.4258169398597689],-20,0.47225383165623097
9085,0.7493852999566286,0.0,22,10000,[6873.885565690778],[167.58176393668163],[0.4258169398597689],-20,0.47225383165623097
9086,-0.03973855195139691,0.0,22,10000,[6873.885565690778],[167.58176393668163],[0.4258169398597689],-20,0.47225383165623097
9087,-0.9471277711838689,0.0,22,10000,[6873.885565690778],[167.58176393668163],[0.4258169398597689],-20,0.47225383165623097
9088,-0.8847888072617641,0.0,22,10000,[6873.885565690778],[167.58176393668163],[0.4258169398597689],-20,0.47225383165623097
9089,0.12862771022172026,0.0,22,10000,[6873.885565690778],[167.58176393668163],[0.4258169398597689],-20,0.47225383165623097
9090,-0.0829814802323619,0.0,22,10000,[6873.885565690778],[167.58176393668163],[0.4258169398597689],-20,0.47225383165623097
9091,0.16347098245476424,0.0,22,10000,[6873.885565690778],[167.58176393668163],[0.4258169398597689],-20,0.47225383165623097
9092,-0.3232029166360398,0.0,22,10000,[6873.885565690778],[167.58176393668163],[0.4258169398597689],-20,0.47225383165623097
9093,0.349811242939024,0.0,22,10000,[6873.885565690778],[167.58176393668163],[0.4258169398597689],-20,0.47225383165623097
9094,-0.34905853843605533,0.0,22,10000,[6873.885565690778],[167.58176393668163],[0.4258169398597689],-20,0.47225383165623097
9095,0.15231279842712017,0.0,22,10000,[6873.885565690778],[167.58176393668163],[0.4258169398597689],-20,0.47225383165623097
9096,-0.22974408607825722,0.0,22,10000,[6873.885565690778],[167.58176393668163],[0.4258169398597689],-20,0.47225383165623097
9097,0.8324854625893598,0.0,22,10000,[6873.885565690778],[167.58176393668163],[0.4258169398597689],-20,0.47225383165623097
9098,0.3884580624366318,0.0,22,10000,[6873.885565690778],[167.58176393668163],[0.4258169398597689],-20,0.47225383165623097
9099,-0.3173965873632778,0.0,22,10000,[6873.885565690778],[167.58176393668163],[0.4258169398597689],-20,0.47225383165623097
9100,-0.17703293698934597,0.0,22,10000,[6873.885565690778],[167.58176393668163],[0.4258169398597689],-20,0.47225383165623097
9101,0.4726779403193772,0.0,22,10000,[6873.885565690778],[167.58176393668163],[0.4258169398597689],-20,0.47225383165623097
9102,-0.6036388873807378,0.0,22,10000,[6873.885565690778],[167.58176393668163],[0.4258169398597689],-20,0.47225383165623097
9103,-0.4285400028671767,0.0,22,10000,[6873.885565690778],[167.58176393668163],[0.4258169398597689],-20,0.47225383165623097
9104,0.4121368603762084,0.0,22,10000,[6873.885565690778],[167.58176393668163],[0.4258169398597689],-20,0.47225383165623097
9105,0.012063890119282047,0.0,22,10000,[6873.885565690778],[167.58176393668163],[0.4258169398597689],-20,0.47225383165623097
9106,-0.8237071473648865,0.0,22,10000,[6873.885565690778],[167.58176393668163],[0.4258169398597689],-20,0.47225383165623097
9107,-1.0477582257529934,0.0,22,10000,[6873.885565690778],[167.58176393668163],[0.4258169398597689],-20,0.47225383165623097
9108,0.46048784415197924,0.0,22,10000,[6873.885565690778],[167.58176393668163],[0.4258169398597689],-20,0.47225383165623097
9109,0.7780659322928734,0.0,22,10000,[6873.885565690778],[167.58176393668163],[0.4258169398597689],-20,0.47225383165623097
9110,0.07154688003239128,0.0,22,10000,[6873.885565690778],[167.58176393668163],[0.4258169398597689],-20,0.47225383165623097
9111,0.6470778531829084,0.0,22,10000,[6873.885565690778],[167.58176393668163],[0.4258169398597689],-20,0.47225383165623097
9112,0.20149409628647635,0.0,22,10000,[6873.885565690778],[167.58176393668163],[0.4258169398597689],-20,0.47225383165623097
9113,0.8524043492450529,0.0,22,10000,[6873.885565690778],[167.58176393668163],[0.4258169398597689],-20,0.47225383165623097
9114,0.7325066589833881,0.0,22,10000,[6873.885565690778],[167.58176393668163],[0.4258169398597689],-20,0.47225383165623097
9115,-0.48376044882297276,0.0,22,10000,[6873.885565690778],[167.58176393668163],[0.4258169398597689],-20,0.47225383165623097
9116,-0.056845067178124695,0.0,22,10000,[6873.885565690778],[167.58176393668163],[0.4258169398597689],-20,0.47225383165623097
9117,-0.030073557450002508,0.0,22,10000,[6873.885565690778],[167.58176393668163],[0.4258169398597689],-20,0.47225383165623097
9118,-0.18481216091485247,0.0,22,10000,[6873.885565690778],[167.58176393668163],[0.4258169398597689],-20,0.47225383165623097
9119,0.7336876041895043,0.0,22,10000,[6873.885565690778],[167.58176393668163],[0.4258169398597689],-20,0.47225383165623097
9120,-0.6279430194883265,0.0,22,10000,[6873.885565690778],[167.58176393668163],[0.4258169398597689],-20,0.47225383165623097
9121,0.5256054434454257,0.0,22,10000,[6873.885565690778],[167.58176393668163],[0.4258169398597689],-20,0.47225383165623097
9122,-0.1310532645855457,0.0,22,10000,[6873.885565690778],[167.58176393668163],[0.4258169398597689],-20,0.47225383165623097
9123,-0.4320145428532861,0.0,22,10000,[6873.885565690778],[167.58176393668163],[0.4258169398597689],-20,0.47225383165623097
9124,0.31386660007080225,0.0,22,10000,[6873.885565690778],[167.58176393668163],[0.4258169398597689],-20,0.47225383165623097
9125,0.3795014779068978,0.0,22,10000,[6873.885565690778],[167.58176393668163],[0.4258169398597689],-20,0.47225383165623097
9126,0.12809386965730743,0.0,22,10000,[6873.885565690778],[167.58176393668163],[0.4258169398597689],-20,0.47225383165623097
9127,0.0550130166354238,0.0,22,10000,[6873.885565690778],[167.58176393668163],[0.4258169398597689],-20,0.47225383165623097
9128,0.16092426492566195,0.0,22,10000,[6873.885565690778],[167.58176393668163],[0.4258169398597689],-20,0.47225383165623097
9129,0.21867266734791704,0.0,22,10000,[6873.885565690778],[167.58176393668163],[0.4258169398597689],-20,0.47225383165623097
9130,-0.15418456614725465,0.0,22,10000,[6873.885565690778],[167.58176393668163],[0.4258169398597689],-20,0.47225383165623097
9131,0.8627407488307097,0.0,22,10000,[6873.885565690778],[167.58176393668163],[0.4258169398597689],-20,0.47225383165623097
9132,-0.07649209441880289,0.0,22,10000,[6873.885565690778],[167.58176393668163],[0.4258169398597689],-20,0.47225383165623097
9133,-0.21870412312757706,0.0,22,10000,[6873.885565690778],[167.58176393668163],[0.4258169398597689],-20,0.47225383165623097
9134,-0.10011333340238114,0.0,22,10000,[6873.885565690778],[167.58176393668163],[0.4258169398597689],-20,0.47225383165623097
9135,-0.7281637206521565,0.0,22,10000,[6873.885565690778],[167.58176393668163],[0.4258169398597689],-20,0.47225383165623097
9136,0.44442736191613363,0.0,22,10000,[6873.885565690778],[167.58176393668163],[0.4258169398597689],-20,0.47225383165623097
9137,0.41800206139296464,0.0,22,10000,[6873.885565690778],[167.58176393668163],[0.4258169398597689],-20,0.47225383165623097
9138,-0.3226400357326604,0.0,22,10000,[6873.885565690778],[167.58176393668163],[0.4258169398597689],-20,0.47225383165623097
9139,-0.48078266565088884,0.0,22,10000,[6873.885565690778],[167.58176393668163],[0.4258169398597689],-20,0.47225383165623097
9140,0.9413922701383249,0.0,22,10000,[6873.885565690778],[167.58176393668163],[0.4258169398597689],-20,0.47225383165623097
9141,0.6141860682420558,0.0,22,10000,[6873.885565690778],[167.58176393668163],[0.4258169398597689],-20,0.47225383165623097
9142,0.20786153955848655,0.0,22,10000,[6873.885565690778],[167.58176393668163],[0.4258169398597689],-20,0.47225383165623097
9143,-0.4487685333289905,0.0,22,10000,[6873.885565690778],[167.58176393668163],[0.4258169398597689],-20,0.47225383165623097
9144,0.26546223826137877,0.0,22,10000,[6873.885565690778],[167.58176393668163],[0.4258169398597689],-20,0.47225383165623097
9145,0.45492107434479556,0.0,22,10000,[6873.885565690778],[167.58176393668163],[0.4258169398597689],-20,0.47225383165623097
9146,0.5643907660375543,0.0,22,10000,[6873.885565690778],[167.58176393668163],[0.4258169398597689],-20,0.47225383165623097
9147,-0.17413977767358363,0.0,22,10000,[6873.885565690778],[167.58176393668163],[0.4258169398597689],-20,0.47225383165623097
9148,-0.022311992539590344,0.0,22,10000,[6873.885565690778],[167.58176393668163],[0.4258169398597689],-20,0.47225383165623097
9149,-0.6113977969429283,0.0,22,10000,[6873.885565690778],[167.58176393668163],[0.4258169398597689],-20,0.47225383165623097
9150,0.8530103961352319,0.0,22,10000,[6873.885565690778],[167.58176393668163],[0.4258169398597689],-20,0.47225383165623097
9151,-0.15561166991222386,0.0,22,10000,[6873.885565690778],[167.58176393668163],[0.4258169398597689],-20,0.47225383165623097
9152,-0.5323862052537603,0.0,22,10000,[6873.885565690778],[167.58176393668163],[0.4258169398597689],-20,0.47225383165623097
9153,0.3319191600448879,0.0,22,10000,[6873.885565690778],[167.58176393668163],[0.4258169398597689],-20,0.47225383165623097
9154,-0.20497512761420786,0.0,22,10000,[6873.885565690778],[167.58176393668163],[0.4258169398597689],-20,0.47225383165623097
9155,-0.360177431499011,0.0,22,10000,[6873.885565690778],[167.58176393668163],[0.4258169398597689],-20,0.47225383165623097
9156,-0.569757160933526,0.0,22,10000,[6873.885565690778],[167.58176393668163],[0.4258169398597689],-20,0.47225383165623097
9157,0.4249685985891181,0.0,22,10000,[6873.885565690778],[167.58176393668163],[0.4258169398597689],-20,0.47225383165623097
9158,0.3882107415671571,0.0,22,10000,[6873.885565690778],[167.58176393668163],[0.4258169398597689],-20,0.47225383165623097
9159,0.03547248180920884,0.0,22,10000,[6873.885565690778],[167.58176393668163],[0.4258169398597689],-20,0.47225383165623097
9160,-0.12129820239882029,0.0,22,10000,[6873.885565690778],[167.58176393668163],[0.4258169398597689],-20,0.47225383165623097
9161,0.5458214286152225,0.0,22,10000,[6873.885565690778],[167.58176393668163],[0.4258169398597689],-20,0.47225383165623097
9162,-0.520509128756906,0.0,22,10000,[6873.885565690778],[167.58176393668163],[0.4258169398597689],-20,0.47225383165623097
9163,0.05608405754232971,0.0,22,10000,[6873.885565690778],[167.58176393668163],[0.4258169398597689],-20,0.47225383165623097
9164,0.7670601072685433,0.0,22,10000,[6873.885565690778],[167.58176393668163],[0.4258169398597689],-20,0.47225383165623097
9165,-0.9516507199694355,0.0,22,10000,[6873.885565690778],[167.58176393668163],[0.4258169398597689],-20,0.47225383165623097
9166,0.12697868351806904,0.0,22,10000,[6873.885565690778],[167.58176393668163],[0.4258169398597689],-20,0.47225383165623097
9167,0.1525510811242612,0.0,22,10000,[6873.885565690778],[167.58176393668163],[0.4258169398597689],-20,0.47225383165623097
9168,0.12429569284512094,0.0,22,10000,[6873.885565690778],[167.58176393668163],[0.4258169398597689],-20,0.47225383165623097
9169,-0.014084441197958987,0.0,22,10000,[6873.885565690778],[167.58176393668163],[0.4258169398597689],-20,0.47225383165623097
9170,-1.148186263711595,0.0,22,10000,[6873.885565690778],[167.58176393668163],[0.4258169398597689],-20,0.47225383165623097
9171,-0.1776067110607985,0.0,22,10000,[6873.885565690778],[167.58176393668163],[0.4258169398597689],-20,0.47225383165623097
9172,0.1904371775188719,0.0,22,10000,[6873.885565690778],[167.58176393668163],[0.4258169398597689],-20,0.47225383165623097
9173,0.10163136715633826,0.0,22,10000,[6873.885565690778],[167.58176393668163],[0.4258169398597689],-20,0.47225383165623097
9174,0.25928026305044943,0.0,22,10000,[6873.885565690778],[167.58176393668163],[0.4258169398597689],-20,0.47225383165623097
9175,0.25039147030666675,0.0,22,10000,[6873.885565690778],[167.58176393668163],[0.4258169398597689],-20,0.47225383165623097
9176,-0.9546629492839045,0.0,22,10000,[6873.885565690778],[167.58176393668163],[0.4258169398597689],-20,0.47225383165623097
9177,-0.8433366528604913,0.0,22,10000,[6873.885565690778],[167.58176393668163],[0.4258169398597689],-20,0.47225383165623097
9178,0.33626770317609833,0.0,22,10000,[6873.885565690778],[167.58176393668163],[0.4258169398597689],-20,0.47225383165623097
9179,0.6955267538368436,0.0,22,10000,[6873.885565690778],[167.58176393668163],[0.4258169398597689],-20,0.47225383165623097
9180,0.4410495586298895,0.0,22,10000,[6873.885565690778],[167.58176393668163],[0.4258169398597689],-20,0.47225383165623097
9181,-0.00982306212443537,0.0,22,10000,[6873.885565690778],[167.58176393668163],[0.4258169398597689],-20,0.47225383165623097
9182,0.004060849628334137,0.0,22,10000,[6873.885565690778],[167.58176393668163],[0.4258169398597689],-20,0.47225383165623097
9183,0.949331118194568,0.0,22,10000,[6873.885565690778],[167.58176393668163],[0.4258169398597689],-20,0.47225383165623097
9184,0.6618351377776244,0.0,22,10000,[6873.885565690778],[167.58176393668163],[0.4258169398597689],-20,0.47225383165623097
9185,0.2076056050486422,0.0,22,10000,[6873.885565690778],[167.58176393668163],[0.4258169398597689],-20,0.47225383165623097
9186,0.44208835115998796,0.0,22,10000,[6873.885565690778],[167.58176393668163],[0.4258169398597689],-20,0.47225383165623097
9187,0.26700021752811504,0.0,22,10000,[6873.885565690778],[167.58176393668163],[0.4258169398597689],-20,0.47225383165623097
9188,0.308955052762425,0.0,22,10000,[6873.885565690778],[167.58176393668163],[0.4258169398597689],-20,0.47225383165623097
9189,0.21754778197853641,0.0,22,10000,[6873.885565690778],[167.58176393668163],[0.4258169398597689],-20,0.47225383165623097
9190,-0.6386779897149978,0.0,22,10000,[6873.885565690778],[167.58176393668163],[0.4258169398597689],-20,0.47225383165623097
9191,-0.31400209170322013,0.0,22,10000,[6873.885565690778],[167.58176393668163],[0.4258169398597689],-20,0.47225383165623097
9192,0.5290002612734477,0.0,22,10000,[6873.885565690778],[167.58176393668163],[0.4258169398597689],-20,0.47225383165623097
9193,0.2662370690384732,0.0,22,10000,[6873.885565690778],[167.58176393668163],[0.4258169398597689],-20,0.47225383165623097
9194,0.010190796241675366,0.0,22,10000,[6873.885565690778],[167.58176393668163],[0.4258169398597689],-20,0.47225383165623097
9195,0.030698820920056703,0.0,22,10000,[6873.885565690778],[167.58176393668163],[0.4258169398597689],-20,0.47225383165623097
9196,-0.03696058028978607,0.0,22,10000,[6873.885565690778],[167.58176393668163],[0.4258169398597689],-20,0.47225383165623097
9197,0.16713498033364854,0.0,22,10000,[6873.885565690778],[167.58176393668163],[0.4258169398597689],-20,0.47225383165623097
9198,-0.12445297257799107,0.0,22,10000,[6873.885565690778],[167.58176393668163],[0.4258169398597689],-20,0.47225383165623097
9199,-0.015234977518627872,0.0,22,10000,[6873.885565690778],[167.58176393668163],[0.4258169398597689],-20,0.47225383165623097
9200,0.07743336258369764,0.0,22,10000,[6873.885565690778],[167.58176393668163],[0.4258169398597689],-20,0.47225383165623097
9201,0.021343576708803994,0.0,22,10000,[6873.885565690778],[167.58176393668163],[0.4258169398597689],-20,0.47225383165623097
9202,-0.41370622201381074,0.0,22,10000,[6873.885565690778],[167.58176393668163],[0.4258169398597689],-20,0.47225383165623097
9203,0.834579908612004,0.0,22,10000,[6873.885565690778],[167.58176393668163],[0.4258169398597689],-20,0.47225383165623097
9204,-0.1456135523350633,0.0,22,10000,[6873.885565690778],[167.58176393668163],[0.4258169398597689],-20,0.47225383165623097
9205,0.6927496345207044,0.0,22,10000,[6873.885565690778],[167.58176393668163],[0.4258169398597689],-20,0.47225383165623097
9206,0.20316743691795963,0.0,22,10000,[6873.885565690778],[167.58176393668163],[0.4258169398597689],-20,0.47225383165623097
9207,0.7444338738931136,0.0,22,10000,[6873.885565690778],[167.58176393668163],[0.4258169398597689],-20,0.47225383165623097
9208,-0.1607097050756105,0.0,22,10000,[6873.885565690778],[167.58176393668163],[0.4258169398597689],-20,0.47225383165623097
9209,0.23242136759991644,0.0,22,10000,[6873.885565690778],[167.58176393668163],[0.4258169398597689],-20,0.47225383165623097
9210,-0.887146375462259,0.0,22,10000,[6873.885565690778],[167.58176393668163],[0.4258169398597689],-20,0.47225383165623097
9211,-0.7562872306589187,0.0,22,10000,[6873.885565690778],[167.58176393668163],[0.4258169398597689],-20,0.47225383165623097
9212,0.16748665271157367,0.0,22,10000,[6873.885565690778],[167.58176393668163],[0.4258169398597689],-20,0.47225383165623097
9213,-0.6299031595237956,0.0,22,10000,[6873.885565690778],[167.58176393668163],[0.4258169398597689],-20,0.47225383165623097
9214,-0.2968363525725722,0.0,22,10000,[6873.885565690778],[167.58176393668163],[0.4258169398597689],-20,0.47225383165623097
9215,-0.10126246490216809,0.0,22,10000,[6873.885565690778],[167.58176393668163],[0.4258169398597689],-20,0.47225383165623097
9216,-0.18239816927016522,0.0,22,10000,[6873.885565690778],[167.58176393668163],[0.4258169398597689],-20,0.47225383165623097
9217,-1.1524071648963155,0.0,22,10000,[6873.885565690778],[167.58176393668163],[0.4258169398597689],-20,0.47225383165623097
9218,-0.25563145086415534,0.0,22,10000,[6873.885565690778],[167.58176393668163],[0.4258169398597689],-20,0.47225383165623097
9219,0.8146290392454719,0.0,22,10000,[6873.885565690778],[167.58176393668163],[0.4258169398597689],-20,0.47225383165623097
9220,-0.04721810234342902,0.0,22,10000,[6873.885565690778],[167.58176393668163],[0.4258169398597689],-20,0.47225383165623097
9221,-1.219652397370524,0.0,22,10000,[6873.885565690778],[167.58176393668163],[0.4258169398597689],-20,0.47225383165623097
9222,-0.6958269646040437,0.0,22,10000,[6873.885565690778],[167.58176393668163],[0.4258169398597689],-20,0.47225383165623097
9223,-0.03511312246387591,0.0,22,10000,[6873.885565690778],[167.58176393668163],[0.4258169398597689],-20,0.47225383165623097
9224,-1.4602829961646975,0.0,22,10000,[6873.885565690778],[167.58176393668163],[0.4258169398597689],-20,0.47225383165623097
9225,1.2590900717692148,0.0,22,10000,[6873.885565690778],[167.58176393668163],[0.4258169398597689],-20,0.47225383165623097
9226,-0.1377191677999394,0.0,22,10000,[6873.885565690778],[167.58176393668163],[0.4258169398597689],-20,0.47225383165623097
9227,0.27308051310169873,0.0,22,10000,[6873.885565690778],[167.58176393668163],[0.4258169398597689],-20,0.47225383165623097
9228,0.13658728277763996,0.0,22,10000,[6873.885565690778],[167.58176393668163],[0.4258169398597689],-20,0.47225383165623097
9229,0.04623090064168151,0.0,22,10000,[6873.885565690778],[167.58176393668163],[0.4258169398597689],-20,0.47225383165623097
9230,0.28358558900136943,0.0,22,10000,[6873.885565690778],[167.58176393668163],[0.4258169398597689],-20,0.47225383165623097
9231,0.030105575244281316,0.0,22,10000,[6873.885565690778],[167.58176393668163],[0.4258169398597689],-20,0.47225383165623097
9232,0.029126433843043472,0.0,22,10000,[6873.885565690778],[167.58176393668163],[0.4258169398597689],-20,0.47225383165623097
9233,-0.5793985053251527,0.0,22,10000,[6873.885565690778],[167.58176393668163],[0.4258169398597689],-20,0.47225383165623097
9234,0.7282905684369849,0.0,22,10000,[6873.885565690778],[167.58176393668163],[0.4258169398597689],-20,0.47225383165623097
9235,-0.38960628096954714,0.0,22,10000,[6873.885565690778],[167.58176393668163],[0.4258169398597689],-20,0.47225383165623097
9236,-0.3305886595198512,0.0,22,10000,[6873.885565690778],[167.58176393668163],[0.4258169398597689],-20,0.47225383165623097
9237,0.10329441173910893,0.0,22,10000,[6873.885565690778],[167.58176393668163],[0.4258169398597689],-20,0.47225383165623097
9238,-0.574022353478579,0.0,22,10000,[6873.885565690778],[167.58176393668163],[0.4258169398597689],-20,0.47225383165623097
9239,-1.1705139903432311,0.0,22,10000,[6873.885565690778],[167.58176393668163],[0.4258169398597689],-20,0.47225383165623097
9240,0.32603068187639034,0.0,22,10000,[6873.885565690778],[167.58176393668163],[0.4258169398597689],-20,0.47225383165623097
9241,-0.3792468834813255,0.0,22,10000,[6873.885565690778],[167.58176393668163],[0.4258169398597689],-20,0.47225383165623097
9242,-0.5877088847676506,0.0,22,10000,[6873.885565690778],[167.58176393668163],[0.4258169398597689],-20,0.47225383165623097
9243,-0.5301577080653457,0.0,22,10000,[6873.885565690778],[167.58176393668163],[0.4258169398597689],-20,0.47225383165623097
9244,-0.6456541845907715,0.0,22,10000,[6873.885565690778],[167.58176393668163],[0.4258169398597689],-20,0.47225383165623097
9245,0.3718843259768076,0.0,22,10000,[6873.885565690778],[167.58176393668163],[0.4258169398597689],-20,0.47225383165623097
9246,0.5181615659682935,0.0,22,10000,[6873.885565690778],[167.58176393668163],[0.4258169398597689],-20,0.47225383165623097
9247,0.6559297857797068,0.0,22,10000,[6873.885565690778],[167.58176393668163],[0.4258169398597689],-20,0.47225383165623097
9248,0.3455092607499044,0.0,22,10000,[6873.885565690778],[167.58176393668163],[0.4258169398597689],-20,0.47225383165623097
9249,0.3071055375362048,0.0,22,10000,[6873.885565690778],[167.58176393668163],[0.4258169398597689],-20,0.47225383165623097
9250,0.6735241735273113,0.0,22,10000,[6873.885565690778],[167.58176393668163],[0.4258169398597689],-20,0.47225383165623097
9251,-0.6500189876623249,0.0,22,10000,[6873.885565690778],[167.58176393668163],[0.4258169398597689],-20,0.47225383165623097
9252,-0.6701807210360952,0.0,22,10000,[6873.885565690778],[167.58176393668163],[0.4258169398597689],-20,0.47225383165623097
9253,0.5321185156810947,0.0,22,10000,[6873.885565690778],[167.58176393668163],[0.4258169398597689],-20,0.47225383165623097
9254,-0.48984377078745706,0.0,22,10000,[6873.885565690778],[167.58176393668163],[0.4258169398597689],-20,0.47225383165623097
9255,-0.16674381303438074,0.0,22,10000,[6873.885565690778],[167.58176393668163],[0.4258169398597689],-20,0.47225383165623097
9256,-0.09765044146029746,0.0,22,10000,[6873.885565690778],[167.58176393668163],[0.4258169398597689],-20,0.47225383165623097
9257,0.6725855714537058,0.0,22,10000,[6873.885565690778],[167.58176393668163],[0.4258169398597689],-20,0.47225383165623097
9258,0.018545906198886363,0.0,22,10000,[6873.885565690778],[167.58176393668163],[0.4258169398597689],-20,0.47225383165623097
9259,-0.4386075233310078,0.0,22,10000,[6873.885565690778],[167.58176393668163],[0.4258169398597689],-20,0.47225383165623097
9260,0.09592590558955505,0.0,22,10000,[6873.885565690778],[167.58176393668163],[0.4258169398597689],-20,0.47225383165623097
9261,-0.512000668184933,0.0,22,10000,[6873.885565690778],[167.58176393668163],[0.4258169398597689],-20,0.47225383165623097
9262,0.8957426408760518,0.0,22,10000,[6873.885565690778],[167.58176393668163],[0.4258169398597689],-20,0.47225383165623097
9263,-0.18910870468717744,0.0,22,10000,[6873.885565690778],[167.58176393668163],[0.4258169398597689],-20,0.47225383165623097
9264,-0.06657476103662764,0.0,22,10000,[6873.885565690778],[167.58176393668163],[0.4258169398597689],-20,0.47225383165623097
9265,0.21245460439863245,0.0,22,10000,[6873.885565690778],[167.58176393668163],[0.4258169398597689],-20,0.47225383165623097
9266,0.3295218865196689,0.0,22,10000,[6873.885565690778],[167.58176393668163],[0.4258169398597689],-20,0.47225383165623097
9267,-0.3461537589161135,0.0,22,10000,[6873.885565690778],[167.58176393668163],[0.4258169398597689],-20,0.47225383165623097
9268,-0.5196138550423678,0.0,22,10000,[6873.885565690778],[167.58176393668163],[0.4258169398597689],-20,0.47225383165623097
9269,-0.033640654062660647,0.0,22,10000,[6873.885565690778],[167.58176393668163],[0.4258169398597689],-20,0.47225383165623097
9270,0.009076272619681395,0.0,22,10000,[6873.885565690778],[167.58176393668163],[0.4258169398597689],-20,0.47225383165623097
9271,0.3887237868547336,0.0,22,10000,[6873.885565690778],[167.58176393668163],[0.4258169398597689],-20,0.47225383165623097
9272,-0.7238201874982276,0.0,22,10000,[6873.885565690778],[167.58176393668163],[0.4258169398597689],-20,0.47225383165623097
9273,-0.026511101878782632,0.0,22,10000,[6873.885565690778],[167.58176393668163],[0.4258169398597689],-20,0.47225383165623097
9274,0.17404460340272396,0.0,22,10000,[6873.885565690778],[167.58176393668163],[0.4258169398597689],-20,0.47225383165623097
9275,1.109317998715924,0.0,22,10000,[6873.885565690778],[167.58176393668163],[0.4258169398597689],-20,0.47225383165623097
9276,0.1253663764291831,0.0,22,10000,[6873.885565690778],[167.58176393668163],[0.4258169398597689],-20,0.47225383165623097
9277,0.31359316027337536,0.0,22,10000,[6873.885565690778],[167.58176393668163],[0.4258169398597689],-20,0.47225383165623097
9278,-0.1177192654850063,0.0,22,10000,[6873.885565690778],[167.58176393668163],[0.4258169398597689],-20,0.47225383165623097
9279,0.39148531694392935,0.0,22,10000,[6873.885565690778],[167.58176393668163],[0.4258169398597689],-20,0.47225383165623097
9280,0.06735868898899161,0.0,22,10000,[6873.885565690778],[167.58176393668163],[0.4258169398597689],-20,0.47225383165623097
9281,0.23467861313965688,0.0,22,10000,[6873.885565690778],[167.58176393668163],[0.4258169398597689],-20,0.47225383165623097
9282,-0.04054020116655813,0.0,22,10000,[6873.885565690778],[167.58176393668163],[0.4258169398597689],-20,0.47225383165623097
9283,0.18969097938379587,0.0,22,10000,[6873.885565690778],[167.58176393668163],[0.4258169398597689],-20,0.47225383165623097
9284,0.6959577145522609,0.0,22,10000,[6873.885565690778],[167.58176393668163],[0.4258169398597689],-20,0.47225383165623097
9285,0.14990761267026315,0.0,22,10000,[6873.885565690778],[167.58176393668163],[0.4258169398597689],-20,0.47225383165623097
9286,0.3281919093275045,0.0,22,10000,[6873.885565690778],[167.58176393668163],[0.4258169398597689],-20,0.47225383165623097
9287,0.08468421245146404,0.0,22,10000,[6873.885565690778],[167.58176393668163],[0.4258169398597689],-20,0.47225383165623097
9288,0.5520839746309689,0.0,22,10000,[6873.885565690778],[167.58176393668163],[0.4258169398597689],-20,0.47225383165623097
9289,-0.20757544139855139,0.0,22,10000,[6873.885565690778],[167.58176393668163],[0.4258169398597689],-20,0.47225383165623097
9290,-0.1462437236891382,0.0,22,10000,[6873.885565690778],[167.58176393668163],[0.4258169398597689],-20,0.47225383165623097
9291,-0.38054156149415186,0.0,22,10000,[6873.885565690778],[167.58176393668163],[0.4258169398597689],-20,0.47225383165623097
9292,-0.36896831123675405,0.0,22,10000,[6873.885565690778],[167.58176393668163],[0.4258169398597689],-20,0.47225383165623097
9293,0.42292323798825737,0.0,22,10000,[6873.885565690778],[167.58176393668163],[0.4258169398597689],-20,0.47225383165623097
9294,-0.797861320863674,0.0,22,10000,[6873.885565690778],[167.58176393668163],[0.4258169398597689],-20,0.47225383165623097
9295,0.5639420673173142,0.0,22,10000,[6873.885565690778],[167.58176393668163],[0.4258169398597689],-20,0.47225383165623097
9296,-0.22636735289178767,0.0,22,10000,[6873.885565690778],[167.58176393668163],[0.4258169398597689],-20,0.47225383165623097
9297,-0.18939634430978133,0.0,22,10000,[6873.885565690778],[167.58176393668163],[0.4258169398597689],-20,0.47225383165623097
9298,-0.044317595240049884,0.0,22,10000,[6873.885565690778],[167.58176393668163],[0.4258169398597689],-20,0.47225383165623097
9299,-0.2566562026787505,0.0,22,10000,[6873.885565690778],[167.58176393668163],[0.4258169398597689],-20,0.47225383165623097
9300,-0.44206072435552973,0.0,22,10000,[6873.885565690778],[167.58176393668163],[0.4258169398597689],-20,0.47225383165623097
9301,0.008094384165740896,0.0,22,10000,[6873.885565690778],[167.58176393668163],[0.4258169398597689],-20,0.47225383165623097
9302,0.4379157307061548,0.0,22,10000,[6873.885565690778],[167.58176393668163],[0.4258169398597689],-20,0.47225383165623097
9303,-0.1161373537238039,0.0,22,10000,[6873.885565690778],[167.58176393668163],[0.4258169398597689],-20,0.47225383165623097
9304,0.27005966193679093,0.0,22,10000,[6873.885565690778],[167.58176393668163],[0.4258169398597689],-20,0.47225383165623097
9305,0.4174557225408037,0.0,22,10000,[6873.885565690778],[167.58176393668163],[0.4258169398597689],-20,0.47225383165623097
9306,0.2325015559973729,0.0,22,10000,[6873.885565690778],[167.58176393668163],[0.4258169398597689],-20,0.47225383165623097
9307,-0.4837891838499782,0.0,22,10000,[6873.885565690778],[167.58176393668163],[0.4258169398597689],-20,0.47225383165623097
9308,-0.2931513381985982,0.0,22,10000,[6873.885565690778],[167.58176393668163],[0.4258169398597689],-20,0.47225383165623097
9309,-0.008462326398117757,0.0,22,10000,[6873.885565690778],[167.58176393668163],[0.4258169398597689],-20,0.47225383165623097
9310,-0.3606097747231346,0.0,22,10000,[6873.885565690778],[167.58176393668163],[0.4258169398597689],-20,0.47225383165623097
9311,0.6254562902907442,0.0,22,10000,[6873.885565690778],[167.58176393668163],[0.4258169398597689],-20,0.47225383165623097
9312,1.0421716053961463,0.0,22,10000,[6873.885565690778],[167.58176393668163],[0.4258169398597689],-20,0.47225383165623097
9313,-0.13039346050862008,0.0,22,10000,[6873.885565690778],[167.58176393668163],[0.4258169398597689],-20,0.47225383165623097
9314,0.9725658030542542,0.0,22,10000,[6873.885565690778],[167.58176393668163],[0.4258169398597689],-20,0.47225383165623097
9315,-0.4168771340750143,0.0,22,10000,[6873.885565690778],[167.58176393668163],[0.4258169398597689],-20,0.47225383165623097
9316,-0.7140523779367071,0.0,22,10000,[6873.885565690778],[167.58176393668163],[0.4258169398597689],-20,0.47225383165623097
9317,0.12635123974294243,0.0,22,10000,[6873.885565690778],[167.58176393668163],[0.4258169398597689],-20,0.47225383165623097
9318,0.6203476859577339,0.0,22,10000,[6873.885565690778],[167.58176393668163],[0.4258169398597689],-20,0.47225383165623097
9319,0.26754186411565145,0.0,22,10000,[6873.885565690778],[167.58176393668163],[0.4258169398597689],-20,0.47225383165623097
9320,0.2862518298684241,0.0,22,10000,[6873.885565690778],[167.58176393668163],[0.4258169398597689],-20,0.47225383165623097
9321,-0.024158076371497014,0.0,22,10000,[6873.885565690778],[167.58176393668163],[0.4258169398597689],-20,0.47225383165623097
9322,0.6770144401344648,0.0,22,10000,[6873.885565690778],[167.58176393668163],[0.4258169398597689],-20,0.47225383165623097
9323,-0.15542293159773943,0.0,22,10000,[6873.885565690778],[167.58176393668163],[0.4258169398597689],-20,0.47225383165623097
9324,-0.41299834325540774,0.0,22,10000,[6873.885565690778],[167.58176393668163],[0.4258169398597689],-20,0.47225383165623097
9325,0.03961375854208587,0.0,22,10000,[6873.885565690778],[167.58176393668163],[0.4258169398597689],-20,0.47225383165623097
9326,-0.3780350116051814,0.0,22,10000,[6873.885565690778],[167.58176393668163],[0.4258169398597689],-20,0.47225383165623097
9327,0.37084278898118894,0.0,22,10000,[6873.885565690778],[167.58176393668163],[0.4258169398597689],-20,0.47225383165623097
9328,0.17258886662385142,0.0,22,10000,[6873.885565690778],[167.58176393668163],[0.4258169398597689],-20,0.47225383165623097
9329,-0.6301854941131152,0.0,22,10000,[6873.885565690778],[167.58176393668163],[0.4258169398597689],-20,0.47225383165623097
9330,-0.17141070775307243,0.0,22,10000,[6873.885565690778],[167.58176393668163],[0.4258169398597689],-20,0.47225383165623097
9331,-0.5186764071837564,0.0,22,10000,[6873.885565690778],[167.58176393668163],[0.4258169398597689],-20,0.47225383165623097
9332,-0.2586330195356842,0.0,22,10000,[6873.885565690778],[167.58176393668163],[0.4258169398597689],-20,0.47225383165623097
9333,-0.2988326855886813,0.0,22,10000,[6873.885565690778],[167.58176393668163],[0.4258169398597689],-20,0.47225383165623097
9334,-0.06851446144068928,0.0,22,10000,[6873.885565690778],[167.58176393668163],[0.4258169398597689],-20,0.47225383165623097
9335,0.612230524590923,0.0,22,10000,[6873.885565690778],[167.58176393668163],[0.4258169398597689],-20,0.47225383165623097
9336,-0.15269886727245857,0.0,22,10000,[6873.885565690778],[167.58176393668163],[0.4258169398597689],-20,0.47225383165623097
9337,-0.13964491699879508,0.0,22,10000,[6873.885565690778],[167.58176393668163],[0.4258169398597689],-20,0.47225383165623097
9338,0.3853621136593148,0.0,22,10000,[6873.885565690778],[167.58176393668163],[0.4258169398597689],-20,0.47225383165623097
9339,-0.4947335640614417,0.0,22,10000,[6873.885565690778],[167.58176393668163],[0.4258169398597689],-20,0.47225383165623097
9340,0.0703444414783877,0.0,22,10000,[6873.885565690778],[167.58176393668163],[0.4258169398597689],-20,0.47225383165623097
9341,-0.3786080595340503,0.0,22,10000,[6873.885565690778],[167.58176393668163],[0.4258169398597689],-20,0.47225383165623097
9342,0.16097586435745356,0.0,22,10000,[6873.885565690778],[167.58176393668163],[0.4258169398597689],-20,0.47225383165623097
9343,-0.2699521269781883,0.0,22,10000,[6873.885565690778],[167.58176393668163],[0.4258169398597689],-20,0.47225383165623097
9344,-0.14478485357360818,0.0,22,10000,[6873.885565690778],[167.58176393668163],[0.4258169398597689],-20,0.47225383165623097
9345,0.6229585306762572,0.0,22,10000,[6873.885565690778],[167.58176393668163],[0.4258169398597689],-20,0.47225383165623097
9346,0.4456855453236443,0.0,22,10000,[6873.885565690778],[167.58176393668163],[0.4258169398597689],-20,0.47225383165623097
9347,0.16681593413963278,0.0,22,10000,[6873.885565690778],[167.58176393668163],[0.4258169398597689],-20,0.47225383165623097
9348,-0.351135957793443,0.0,22,10000,[6873.885565690778],[167.58176393668163],[0.4258169398597689],-20,0.47225383165623097
9349,0.014118352336523416,0.0,22,10000,[6873.885565690778],[167.58176393668163],[0.4258169398597689],-20,0.47225383165623097
9350,-0.9964220163301472,0.0,22,10000,[6873.885565690778],[167.58176393668163],[0.4258169398597689],-20,0.47225383165623097
9351,-0.026170102978729747,0.0,22,10000,[6873.885565690778],[167.58176393668163],[0.4258169398597689],-20,0.47225383165623097
9352,0.8496364455786557,0.0,22,10000,[6873.885565690778],[167.58176393668163],[0.4258169398597689],-20,0.47225383165623097
9353,-0.482323360324807,0.0,22,10000,[6873.885565690778],[167.58176393668163],[0.4258169398597689],-20,0.47225383165623097
9354,0.03822935211206337,0.0,22,10000,[6873.885565690778],[167.58176393668163],[0.4258169398597689],-20,0.47225383165623097
9355,0.27324337591407716,0.0,22,10000,[6873.885565690778],[167.58176393668163],[0.4258169398597689],-20,0.47225383165623097
9356,0.6878319285816594,0.0,22,10000,[6873.885565690778],[167.58176393668163],[0.4258169398597689],-20,0.47225383165623097
9357,0.3193269228676286,0.0,22,10000,[6873.885565690778],[167.58176393668163],[0.4258169398597689],-20,0.47225383165623097
9358,-0.5313766452172114,0.0,22,10000,[6873.885565690778],[167.58176393668163],[0.4258169398597689],-20,0.47225383165623097
9359,0.5755657235210758,0.0,22,10000,[6873.885565690778],[167.58176393668163],[0.4258169398597689],-20,0.47225383165623097
9360,-0.00457838188996488,0.0,22,10000,[6873.885565690778],[167.58176393668163],[0.4258169398597689],-20,0.47225383165623097
9361,-0.012231393829095988,0.0,22,10000,[6873.885565690778],[167.58176393668163],[0.4258169398597689],-20,0.47225383165623097
9362,-0.7766925775756962,0.0,22,10000,[6873.885565690778],[167.58176393668163],[0.4258169398597689],-20,0.47225383165623097
9363,0.5100009621501823,0.0,22,10000,[6873.885565690778],[167.58176393668163],[0.4258169398597689],-20,0.47225383165623097
9364,0.020412075677813443,0.0,22,10000,[6873.885565690778],[167.58176393668163],[0.4258169398597689],-20,0.47225383165623097
9365,-0.04671406095866434,0.0,22,10000,[6873.885565690778],[167.58176393668163],[0.4258169398597689],-20,0.47225383165623097
9366,-0.5116527946497952,0.0,22,10000,[6873.885565690778],[167.58176393668163],[0.4258169398597689],-20,0.47225383165623097
9367,0.1811270304904705,0.0,22,10000,[6873.885565690778],[167.58176393668163],[0.4258169398597689],-20,0.47225383165623097
9368,0.4841049525101203,0.0,22,10000,[6873.885565690778],[167.58176393668163],[0.4258169398597689],-20,0.47225383165623097
9369,0.06321708906530384,0.0,22,10000,[6873.885565690778],[167.58176393668163],[0.4258169398597689],-20,0.47225383165623097
9370,-0.38443330440722906,0.0,22,10000,[6873.885565690778],[167.58176393668163],[0.4258169398597689],-20,0.47225383165623097
9371,0.21767765376537307,0.0,22,10000,[6873.885565690778],[167.58176393668163],[0.4258169398597689],-20,0.47225383165623097
9372,0.16350983832774557,0.0,22,10000,[6873.885565690778],[167.58176393668163],[0.4258169398597689],-20,0.47225383165623097
9373,0.36033211934649406,0.0,22,10000,[6873.885565690778],[167.58176393668163],[0.4258169398597689],-20,0.47225383165623097
9374,-0.023559810743001213,0.0,22,10000,[6873.885565690778],[167.58176393668163],[0.4258169398597689],-20,0.47225383165623097
9375,-0.4387576407758324,0.0,22,10000,[6873.885565690778],[167.58176393668163],[0.4258169398597689],-20,0.47225383165623097
9376,0.16815762461887093,0.0,22,10000,[6873.885565690778],[167.58176393668163],[0.4258169398597689],-20,0.47225383165623097
9377,0.5276552827693741,0.0,22,10000,[6873.885565690778],[167.58176393668163],[0.4258169398597689],-20,0.47225383165623097
9378,0.7751544023124394,0.0,22,10000,[6873.885565690778],[167.58176393668163],[0.4258169398597689],-20,0.47225383165623097
9379,1.0581540428472955,0.0,22,10000,[6873.885565690778],[167.58176393668163],[0.4258169398597689],-20,0.47225383165623097
9380,-0.19056558807877252,0.0,22,10000,[6873.885565690778],[167.58176393668163],[0.4258169398597689],-20,0.47225383165623097
9381,0.4270322706617745,0.0,22,10000,[6873.885565690778],[167.58176393668163],[0.4258169398597689],-20,0.47225383165623097
9382,-0.04499193417257972,0.0,22,10000,[6873.885565690778],[167.58176393668163],[0.4258169398597689],-20,0.47225383165623097
9383,-0.021829399049382848,0.0,22,10000,[6873.885565690778],[167.58176393668163],[0.4258169398597689],-20,0.47225383165623097
9384,0.29809720182591226,0.0,22,10000,[6873.885565690778],[167.58176393668163],[0.4258169398597689],-20,0.47225383165623097
9385,-0.15933460117824547,0.0,22,10000,[6873.885565690778],[167.58176393668163],[0.4258169398597689],-20,0.47225383165623097
9386,-0.03366529266678646,0.0,22,10000,[6873.885565690778],[167.58176393668163],[0.4258169398597689],-20,0.47225383165623097
9387,1.257090459303337,0.0,22,10000,[6873.885565690778],[167.58176393668163],[0.4258169398597689],-20,0.47225383165623097
9388,-0.2780599767450064,0.0,22,10000,[6873.885565690778],[167.58176393668163],[0.4258169398597689],-20,0.47225383165623097
9389,0.24800235450786023,0.0,22,10000,[6873.885565690778],[167.58176393668163],[0.4258169398597689],-20,0.47225383165623097
9390,-0.47118129919955354,0.0,22,10000,[6873.885565690778],[167.58176393668163],[0.4258169398597689],-20,0.47225383165623097
9391,0.6379358645357994,0.0,22,10000,[6873.885565690778],[167.58176393668163],[0.4258169398597689],-20,0.47225383165623097
9392,0.2156293171355871,0.0,22,10000,[6873.885565690778],[167.58176393668163],[0.4258169398597689],-20,0.47225383165623097
9393,0.1876497394224044,0.0,22,10000,[6873.885565690778],[167.58176393668163],[0.4258169398597689],-20,0.47225383165623097
9394,0.39042992950232586,0.0,22,10000,[6873.885565690778],[167.58176393668163],[0.4258169398597689],-20,0.47225383165623097
9395,-0.4634759084218415,0.0,22,10000,[6873.885565690778],[167.58176393668163],[0.4258169398597689],-20,0.47225383165623097
9396,-0.41845959014408723,0.0,22,10000,[6873.885565690778],[167.58176393668163],[0.4258169398597689],-20,0.47225383165623097
9397,0.0049170266503895665,0.0,22,10000,[6873.885565690778],[167.58176393668163],[0.4258169398597689],-20,0.47225383165623097
9398,0.46655640324784786,0.0,22,10000,[6873.885565690778],[167.58176393668163],[0.4258169398597689],-20,0.47225383165623097
9399,0.7918323200255636,0.0,22,10000,[6873.885565690778],[167.58176393668163],[0.4258169398597689],-20,0.47225383165623097
9400,-0.03722894916862211,0.0,22,10000,[6873.885565690778],[167.58176393668163],[0.4258169398597689],-20,0.47225383165623097
9401,-0.22010213280624402,0.0,22,10000,[6873.885565690778],[167.58176393668163],[0.4258169398597689],-20,0.47225383165623097
9402,0.14079992695593677,0.0,22,10000,[6873.885565690778],[167.58176393668163],[0.4258169398597689],-20,0.47225383165623097
9403,0.3564728185822812,0.0,22,10000,[6873.885565690778],[167.58176393668163],[0.4258169398597689],-20,0.47225383165623097
9404,0.5272199884194392,0.0,22,10000,[6873.885565690778],[167.58176393668163],[0.4258169398597689],-20,0.47225383165623097
9405,-0.32387083795193644,0.0,22,10000,[6873.885565690778],[167.58176393668163],[0.4258169398597689],-20,0.47225383165623097
9406,0.13961612097830142,0.0,22,10000,[6873.885565690778],[167.58176393668163],[0.4258169398597689],-20,0.47225383165623097
9407,0.14295945148659647,0.0,22,10000,[6873.885565690778],[167.58176393668163],[0.4258169398597689],-20,0.47225383165623097
9408,0.0532658253198414,0.0,22,10000,[6873.885565690778],[167.58176393668163],[0.4258169398597689],-20,0.47225383165623097
9409,0.25903724917336785,0.0,22,10000,[6873.885565690778],[167.58176393668163],[0.4258169398597689],-20,0.47225383165623097
9410,0.01717209448904337,0.0,22,10000,[6873.885565690778],[167.58176393668163],[0.4258169398597689],-20,0.47225383165623097
9411,-0.23337728666236718,0.0,22,10000,[6873.885565690778],[167.58176393668163],[0.4258169398597689],-20,0.47225383165623097
9412,-0.09958076225063,0.0,22,10000,[6873.885565690778],[167.58176393668163],[0.4258169398597689],-20,0.47225383165623097
9413,0.1582892363315303,0.0,22,10000,[6873.885565690778],[167.58176393668163],[0.4258169398597689],-20,0.47225383165623097
9414,-0.15654446361353372,0.0,22,10000,[6873.885565690778],[167.58176393668163],[0.4258169398597689],-20,0.47225383165623097
9415,0.488755891346799,0.0,22,10000,[6873.885565690778],[167.58176393668163],[0.4258169398597689],-20,0.47225383165623097
9416,0.6079824642350732,0.0,22,10000,[6873.885565690778],[167.58176393668163],[0.4258169398597689],-20,0.47225383165623097
9417,0.7291759861942373,0.0,22,10000,[6873.885565690778],[167.58176393668163],[0.4258169398597689],-20,0.47225383165623097
9418,0.7400409347750238,0.0,22,10000,[6873.885565690778],[167.58176393668163],[0.4258169398597689],-20,0.47225383165623097
9419,0.17962750258963897,0.0,22,10000,[6873.885565690778],[167.58176393668163],[0.4258169398597689],-20,0.47225383165623097
9420,-0.17982715817458433,0.0,22,10000,[6873.885565690778],[167.58176393668163],[0.4258169398597689],-20,0.47225383165623097
9421,0.2728955138909597,0.0,22,10000,[6873.885565690778],[167.58176393668163],[0.4258169398597689],-20,0.47225383165623097
9422,-0.31709538596675096,0.0,22,10000,[6873.885565690778],[167.58176393668163],[0.4258169398597689],-20,0.47225383165623097
9423,-0.8112233587628641,0.0,22,10000,[6873.885565690778],[167.58176393668163],[0.4258169398597689],-20,0.47225383165623097
9424,-0.45154637779306656,0.0,22,10000,[6873.885565690778],[167.58176393668163],[0.4258169398597689],-20,0.47225383165623097
9425,-0.6880236044976433,0.0,22,10000,[6873.885565690778],[167.58176393668163],[0.4258169398597689],-20,0.47225383165623097
9426,-0.837857092768444,0.0,22,10000,[6873.885565690778],[167.58176393668163],[0.4258169398597689],-20,0.47225383165623097
9427,-0.09175562746288639,0.0,22,10000,[6873.885565690778],[167.58176393668163],[0.4258169398597689],-20,0.47225383165623097
9428,-0.4208800655060635,0.0,22,10000,[6873.885565690778],[167.58176393668163],[0.4258169398597689],-20,0.47225383165623097
9429,0.6126955617419622,0.0,22,10000,[6873.885565690778],[167.58176393668163],[0.4258169398597689],-20,0.47225383165623097
9430,-0.5354187771941415,0.0,22,10000,[6873.885565690778],[167.58176393668163],[0.4258169398597689],-20,0.47225383165623097
9431,-0.3988045704914101,0.0,22,10000,[6873.885565690778],[167.58176393668163],[0.4258169398597689],-20,0.47225383165623097
9432,-0.05875354759989486,0.0,22,10000,[6873.885565690778],[167.58176393668163],[0.4258169398597689],-20,0.47225383165623097
9433,-0.2608442526813426,0.0,22,10000,[6873.885565690778],[167.58176393668163],[0.4258169398597689],-20,0.47225383165623097
9434,-0.813556741704714,0.0,22,10000,[6873.885565690778],[167.58176393668163],[0.4258169398597689],-20,0.47225383165623097
9435,-0.26629825946297786,0.0,22,10000,[6873.885565690778],[167.58176393668163],[0.4258169398597689],-20,0.47225383165623097
9436,0.6935734811181808,0.0,22,10000,[6873.885565690778],[167.58176393668163],[0.4258169398597689],-20,0.47225383165623097
9437,-0.41596507570886293,0.0,22,10000,[6873.885565690778],[167.58176393668163],[0.4258169398597689],-20,0.47225383165623097
9438,-1.0280477630497853,0.0,22,10000,[6873.885565690778],[167.58176393668163],[0.4258169398597689],-20,0.47225383165623097
9439,0.10750975633679126,0.0,22,10000,[6873.885565690778],[167.58176393668163],[0.4258169398597689],-20,0.47225383165623097
9440,-0.23410676209107933,0.0,22,10000,[6873.885565690778],[167.58176393668163],[0.4258169398597689],-20,0.47225383165623097
9441,0.5336291868718734,0.0,22,10000,[6873.885565690778],[167.58176393668163],[0.4258169398597689],-20,0.47225383165623097
9442,-0.007018174077884058,0.0,22,10000,[6873.885565690778],[167.58176393668163],[0.4258169398597689],-20,0.47225383165623097
9443,-0.05535943036147624,0.0,22,10000,[6873.885565690778],[167.58176393668163],[0.4258169398597689],-20,0.47225383165623097
9444,-0.9701230065307498,0.0,22,10000,[6873.885565690778],[167.58176393668163],[0.4258169398597689],-20,0.47225383165623097
9445,0.10045570302372259,0.0,22,10000,[6873.885565690778],[167.58176393668163],[0.4258169398597689],-20,0.47225383165623097
9446,-0.02184233356940087,0.0,22,10000,[6873.885565690778],[167.58176393668163],[0.4258169398597689],-20,0.47225383165623097
9447,-0.05523269602378095,0.0,22,10000,[6873.885565690778],[167.58176393668163],[0.4258169398597689],-20,0.47225383165623097
9448,-0.6809336468506499,0.0,22,10000,[6873.885565690778],[167.58176393668163],[0.4258169398597689],-20,0.47225383165623097
9449,-0.22174315316230617,0.0,22,10000,[6873.885565690778],[167.58176393668163],[0.4258169398597689],-20,0.47225383165623097
9450,-1.1802301736906502,0.0,22,10000,[6873.885565690778],[167.58176393668163],[0.4258169398597689],-20,0.47225383165623097
9451,-0.358932330662156,0.0,22,10000,[6873.885565690778],[167.58176393668163],[0.4258169398597689],-20,0.47225383165623097
9452,0.21130251043856008,0.0,22,10000,[6873.885565690778],[167.58176393668163],[0.4258169398597689],-20,0.47225383165623097
9453,-0.2544808868740207,0.0,22,10000,[6873.885565690778],[167.58176393668163],[0.4258169398597689],-20,0.47225383165623097
9454,-0.15385197027205225,0.0,22,10000,[6873.885565690778],[167.58176393668163],[0.4258169398597689],-20,0.47225383165623097
9455,0.22329636551206022,0.0,22,10000,[6873.885565690778],[167.58176393668163],[0.4258169398597689],-20,0.47225383165623097
9456,-0.4449206475573962,0.0,22,10000,[6873.885565690778],[167.58176393668163],[0.4258169398597689],-20,0.47225383165623097
9457,-0.42418751867095883,0.0,22,10000,[6873.885565690778],[167.58176393668163],[0.4258169398597689],-20,0.47225383165623097
9458,-0.872109607849759,0.0,22,10000,[6873.885565690778],[167.58176393668163],[0.4258169398597689],-20,0.47225383165623097
9459,-0.7279799935552975,0.0,22,10000,[6873.885565690778],[167.58176393668163],[0.4258169398597689],-20,0.47225383165623097
9460,-1.025073019616496,0.0,22,10000,[6873.885565690778],[167.58176393668163],[0.4258169398597689],-20,0.47225383165623097
9461,-0.23942035171851242,0.0,22,10000,[6873.885565690778],[167.58176393668163],[0.4258169398597689],-20,0.47225383165623097
9462,-0.21982872360034258,0.0,22,10000,[6873.885565690778],[167.58176393668163],[0.4258169398597689],-20,0.47225383165623097
9463,0.07061224991777187,0.0,22,10000,[6873.885565690778],[167.58176393668163],[0.4258169398597689],-20,0.47225383165623097
9464,0.14516697035064077,0.0,22,10000,[6873.885565690778],[167.58176393668163],[0.4258169398597689],-20,0.47225383165623097
9465,0.3918671910001838,0.0,22,10000,[6873.885565690778],[167.58176393668163],[0.4258169398597689],-20,0.47225383165623097
9466,0.04585209609550374,0.0,22,10000,[6873.885565690778],[167.58176393668163],[0.4258169398597689],-20,0.47225383165623097
9467,-0.006187134304312841,0.0,22,10000,[6873.885565690778],[167.58176393668163],[0.4258169398597689],-20,0.47225383165623097
9468,-1.185699552566859,0.0,22,10000,[6873.885565690778],[167.58176393668163],[0.4258169398597689],-20,0.47225383165623097
9469,0.271396528705493,0.0,22,10000,[6873.885565690778],[167.58176393668163],[0.4258169398597689],-20,0.47225383165623097
9470,1.1599282343160835,0.0,22,10000,[6873.885565690778],[167.58176393668163],[0.4258169398597689],-20,0.47225383165623097
9471,-0.1243067032485637,0.0,22,10000,[6873.885565690778],[167.58176393668163],[0.4258169398597689],-20,0.47225383165623097
9472,-0.1758593438486115,0.0,22,10000,[6873.885565690778],[167.58176393668163],[0.4258169398597689],-20,0.47225383165623097
9473,-0.03053573435145895,0.0,22,10000,[6873.885565690778],[167.58176393668163],[0.4258169398597689],-20,0.47225383165623097
9474,0.7010057575827395,0.0,22,10000,[6873.885565690778],[167.58176393668163],[0.4258169398597689],-20,0.47225383165623097
9475,0.2878466394956933,0.0,22,10000,[6873.885565690778],[167.58176393668163],[0.4258169398597689],-20,0.47225383165623097
9476,-0.24055055293105398,0.0,22,10000,[6873.885565690778],[167.58176393668163],[0.4258169398597689],-20,0.47225383165623097
9477,-0.6657588589004221,0.0,22,10000,[6873.885565690778],[167.58176393668163],[0.4258169398597689],-20,0.47225383165623097
9478,0.5348599604432689,0.0,22,10000,[6873.885565690778],[167.58176393668163],[0.4258169398597689],-20,0.47225383165623097
9479,-0.10122977802824815,0.0,22,10000,[6873.885565690778],[167.58176393668163],[0.4258169398597689],-20,0.47225383165623097
9480,0.18930493942955637,0.0,22,10000,[6873.885565690778],[167.58176393668163],[0.4258169398597689],-20,0.47225383165623097
9481,-0.6687171491640973,0.0,22,10000,[6873.885565690778],[167.58176393668163],[0.4258169398597689],-20,0.47225383165623097
9482,-0.42418475449505494,0.0,22,10000,[6873.885565690778],[167.58176393668163],[0.4258169398597689],-20,0.47225383165623097
9483,-0.09930936800152206,0.0,22,10000,[6873.885565690778],[167.58176393668163],[0.4258169398597689],-20,0.47225383165623097
9484,-1.0063867595558902,0.0,22,10000,[6873.885565690778],[167.58176393668163],[0.4258169398597689],-20,0.47225383165623097
9485,0.12301268619746702,0.0,22,10000,[6873.885565690778],[167.58176393668163],[0.4258169398597689],-20,0.47225383165623097
9486,-0.4409757482155294,0.0,22,10000,[6873.885565690778],[167.58176393668163],[0.4258169398597689],-20,0.47225383165623097
9487,0.46190755953504936,0.0,22,10000,[6873.885565690778],[167.58176393668163],[0.4258169398597689],-20,0.47225383165623097
9488,0.6701005413328202,0.0,22,10000,[6873.885565690778],[167.58176393668163],[0.4258169398597689],-20,0.47225383165623097
9489,-0.19361901647770335,0.0,22,10000,[6873.885565690778],[167.58176393668163],[0.4258169398597689],-20,0.47225383165623097
9490,-0.023453735858574114,0.0,22,10000,[6873.885565690778],[167.58176393668163],[0.4258169398597689],-20,0.47225383165623097
9491,-0.029748221576273014,0.0,22,10000,[6873.885565690778],[167.58176393668163],[0.4258169398597689],-20,0.47225383165623097
9492,-0.4920512838396986,0.0,22,10000,[6873.885565690778],[167.58176393668163],[0.4258169398597689],-20,0.47225383165623097
9493,0.42413518387626276,0.0,22,10000,[6873.885565690778],[167.58176393668163],[0.4258169398597689],-20,0.47225383165623097
9494,-0.30976890332690127,0.0,22,10000,[6873.885565690778],[167.58176393668163],[0.4258169398597689],-20,0.47225383165623097
9495,0.6897481957011323,0.0,22,10000,[6873.885565690778],[167.58176393668163],[0.4258169398597689],-20,0.47225383165623097
9496,-0.5974023051581778,0.0,22,10000,[6873.885565690778],[167.58176393668163],[0.4258169398597689],-20,0.47225383165623097
9497,0.7177899603503366,0.0,22,10000,[6873.885565690778],[167.58176393668163],[0.4258169398597689],-20,0.47225383165623097
9498,0.6966801165393189,0.0,22,10000,[6873.885565690778],[167.58176393668163],[0.4258169398597689],-20,0.47225383165623097
9499,0.6790443331038403,0.0,22,10000,[6873.885565690778],[167.58176393668163],[0.4258169398597689],-20,0.47225383165623097
9500,-0.5645656272233608,0.0,22,10000,[6873.885565690778],[167.58176393668163],[0.4258169398597689],-20,0.47225383165623097
9501,-0.34672476448293965,0.0,22,10000,[6873.885565690778],[167.58176393668163],[0.4258169398597689],-20,0.47225383165623097
9502,-0.8070112686094971,0.0,22,10000,[6873.885565690778],[167.58176393668163],[0.4258169398597689],-20,0.47225383165623097
9503,-0.5345105528351346,0.0,22,10000,[6873.885565690778],[167.58176393668163],[0.4258169398597689],-20,0.47225383165623097
9504,0.3681052230626427,0.0,22,10000,[6873.885565690778],[167.58176393668163],[0.4258169398597689],-20,0.47225383165623097
9505,0.7619608241255552,0.0,22,10000,[6873.885565690778],[167.58176393668163],[0.4258169398597689],-20,0.47225383165623097
9506,0.06863562819726432,0.0,22,10000,[6873.885565690778],[167.58176393668163],[0.4258169398597689],-20,0.47225383165623097
9507,-0.10933213262232591,0.0,22,10000,[6873.885565690778],[167.58176393668163],[0.4258169398597689],-20,0.47225383165623097
9508,0.5862822133803282,0.0,22,10000,[6873.885565690778],[167.58176393668163],[0.4258169398597689],-20,0.47225383165623097
9509,-0.61715276422178,0.0,22,10000,[6873.885565690778],[167.58176393668163],[0.4258169398597689],-20,0.47225383165623097
9510,-0.07932686437094345,0.0,22,10000,[6873.885565690778],[167.58176393668163],[0.4258169398597689],-20,0.47225383165623097
9511,0.015326714217609692,0.0,22,10000,[6873.885565690778],[167.58176393668163],[0.4258169398597689],-20,0.47225383165623097
9512,0.4678348460359841,0.0,22,10000,[6873.885565690778],[167.58176393668163],[0.4258169398597689],-20,0.47225383165623097
9513,-0.8067341335716208,0.0,22,10000,[6873.885565690778],[167.58176393668163],[0.4258169398597689],-20,0.47225383165623097
9514,-0.13194034742552996,0.0,22,10000,[6873.885565690778],[167.58176393668163],[0.4258169398597689],-20,0.47225383165623097
9515,0.5226042322786221,0.0,22,10000,[6873.885565690778],[167.58176393668163],[0.4258169398597689],-20,0.47225383165623097
9516,0.6820225819807977,0.0,22,10000,[6873.885565690778],[167.58176393668163],[0.4258169398597689],-20,0.47225383165623097
9517,-0.027257163637504175,0.0,22,10000,[6873.885565690778],[167.58176393668163],[0.4258169398597689],-20,0.47225383165623097
9518,-0.16927958008804095,0.0,22,10000,[6873.885565690778],[167.58176393668163],[0.4258169398597689],-20,0.47225383165623097
9519,-0.13715372206579216,0.0,22,10000,[6873.885565690778],[167.58176393668163],[0.4258169398597689],-20,0.47225383165623097
9520,0.9406751323282929,0.0,22,10000,[6873.885565690778],[167.58176393668163],[0.4258169398597689],-20,0.47225383165623097
9521,-0.8705627463699298,0.0,22,10000,[6873.885565690778],[167.58176393668163],[0.4258169398597689],-20,0.47225383165623097
9522,0.34255102933573156,0.0,22,10000,[6873.885565690778],[167.58176393668163],[0.4258169398597689],-20,0.47225383165623097
9523,0.8922958906355946,0.0,22,10000,[6873.885565690778],[167.58176393668163],[0.4258169398597689],-20,0.47225383165623097
9524,-0.14986522919178977,0.0,22,10000,[6873.885565690778],[167.58176393668163],[0.4258169398597689],-20,0.47225383165623097
9525,0.7703574163189784,0.0,22,10000,[6873.885565690778],[167.58176393668163],[0.4258169398597689],-20,0.47225383165623097
9526,-0.2291614375284658,0.0,22,10000,[6873.885565690778],[167.58176393668163],[0.4258169398597689],-20,0.47225383165623097
9527,-0.7528506155854452,0.0,22,10000,[6873.885565690778],[167.58176393668163],[0.4258169398597689],-20,0.47225383165623097
9528,-0.9915886030409843,0.0,22,10000,[6873.885565690778],[167.58176393668163],[0.4258169398597689],-20,0.47225383165623097
9529,0.3964881446978673,0.0,22,10000,[6873.885565690778],[167.58176393668163],[0.4258169398597689],-20,0.47225383165623097
9530,0.026938468967288402,0.0,22,10000,[6873.885565690778],[167.58176393668163],[0.4258169398597689],-20,0.47225383165623097
9531,0.4609234410608297,0.0,22,10000,[6873.885565690778],[167.58176393668163],[0.4258169398597689],-20,0.47225383165623097
9532,-0.7085981209739207,0.0,22,10000,[6873.885565690778],[167.58176393668163],[0.4258169398597689],-20,0.47225383165623097
9533,-0.7979176084785885,0.0,22,10000,[6873.885565690778],[167.58176393668163],[0.4258169398597689],-20,0.47225383165623097
9534,-0.36810822610810523,0.0,22,10000,[6873.885565690778],[167.58176393668163],[0.4258169398597689],-20,0.47225383165623097
9535,-0.8416633249313251,0.0,22,10000,[6873.885565690778],[167.58176393668163],[0.4258169398597689],-20,0.47225383165623097
9536,0.2527289737398564,0.0,22,10000,[6873.885565690778],[167.58176393668163],[0.4258169398597689],-20,0.47225383165623097
9537,0.5234771402607347,0.0,22,10000,[6873.885565690778],[167.58176393668163],[0.4258169398597689],-20,0.47225383165623097
9538,-0.06671295587928161,0.0,22,10000,[6873.885565690778],[167.58176393668163],[0.4258169398597689],-20,0.47225383165623097
9539,0.3049071793653714,0.0,22,10000,[6873.885565690778],[167.58176393668163],[0.4258169398597689],-20,0.47225383165623097
9540,-0.48675752894647084,0.0,22,10000,[6873.885565690778],[167.58176393668163],[0.4258169398597689],-20,0.47225383165623097
9541,-0.049180906084083674,0.0,22,10000,[6873.885565690778],[167.58176393668163],[0.4258169398597689],-20,0.47225383165623097
9542,0.5274347761215665,0.0,22,10000,[6873.885565690778],[167.58176393668163],[0.4258169398597689],-20,0.47225383165623097
9543,-0.003891594183952609,0.0,22,10000,[6873.885565690778],[167.58176393668163],[0.4258169398597689],-20,0.47225383165623097
9544,1.0297229501841545,0.0,22,10000,[6873.885565690778],[167.58176393668163],[0.4258169398597689],-20,0.47225383165623097
9545,-0.5901710563296464,0.0,22,10000,[6873.885565690778],[167.58176393668163],[0.4258169398597689],-20,0.47225383165623097
9546,-0.04184229871033042,0.0,22,10000,[6873.885565690778],[167.58176393668163],[0.4258169398597689],-20,0.47225383165623097
9547,-0.08070956835026379,0.0,22,10000,[6873.885565690778],[167.58176393668163],[0.4258169398597689],-20,0.47225383165623097
9548,-0.02302531959586902,0.0,22,10000,[6873.885565690778],[167.58176393668163],[0.4258169398597689],-20,0.47225383165623097
9549,0.0961153361603809,0.0,22,10000,[6873.885565690778],[167.58176393668163],[0.4258169398597689],-20,0.47225383165623097
9550,0.3375158008221697,0.0,22,10000,[6873.885565690778],[167.58176393668163],[0.4258169398597689],-20,0.47225383165623097
9551,-0.5802670865255332,0.0,22,10000,[6873.885565690778],[167.58176393668163],[0.4258169398597689],-20,0.47225383165623097
9552,0.2600596109160122,0.0,22,10000,[6873.885565690778],[167.58176393668163],[0.4258169398597689],-20,0.47225383165623097
9553,0.48331191802949464,0.0,22,10000,[6873.885565690778],[167.58176393668163],[0.4258169398597689],-20,0.47225383165623097
9554,-0.15265538633775133,0.0,22,10000,[6873.885565690778],[167.58176393668163],[0.4258169398597689],-20,0.47225383165623097
9555,0.5834097176469131,0.0,22,10000,[6873.885565690778],[167.58176393668163],[0.4258169398597689],-20,0.47225383165623097
9556,-0.26990087930445084,0.0,22,10000,[6873.885565690778],[167.58176393668163],[0.4258169398597689],-20,0.47225383165623097
9557,1.1598601883535733,0.0,22,10000,[6873.885565690778],[167.58176393668163],[0.4258169398597689],-20,0.47225383165623097
9558,0.7525795904313909,0.0,22,10000,[6873.885565690778],[167.58176393668163],[0.4258169398597689],-20,0.47225383165623097
9559,-0.357270066850042,0.0,22,10000,[6873.885565690778],[167.58176393668163],[0.4258169398597689],-20,0.47225383165623097
9560,0.689372222237227,0.0,22,10000,[6873.885565690778],[167.58176393668163],[0.4258169398597689],-20,0.47225383165623097
9561,1.093129815158074,0.0,22,10000,[6873.885565690778],[167.58176393668163],[0.4258169398597689],-20,0.47225383165623097
9562,-0.7283652864328072,0.0,22,10000,[6873.885565690778],[167.58176393668163],[0.4258169398597689],-20,0.47225383165623097
9563,0.189782716093401,0.0,22,10000,[6873.885565690778],[167.58176393668163],[0.4258169398597689],-20,0.47225383165623097
9564,-0.3175115309463623,0.0,22,10000,[6873.885565690778],[167.58176393668163],[0.4258169398597689],-20,0.47225383165623097
9565,0.5624160613082984,0.0,22,10000,[6873.885565690778],[167.58176393668163],[0.4258169398597689],-20,0.47225383165623097
9566,-0.32779399586391134,0.0,22,10000,[6873.885565690778],[167.58176393668163],[0.4258169398597689],-20,0.47225383165623097
9567,-0.3370797849343225,0.0,22,10000,[6873.885565690778],[167.58176393668163],[0.4258169398597689],-20,0.47225383165623097
9568,-0.4935422042999663,0.0,22,10000,[6873.885565690778],[167.58176393668163],[0.4258169398597689],-20,0.47225383165623097
9569,-0.14163829324445293,0.0,22,10000,[6873.885565690778],[167.58176393668163],[0.4258169398597689],-20,0.47225383165623097
9570,0.04205242665793708,0.0,22,10000,[6873.885565690778],[167.58176393668163],[0.4258169398597689],-20,0.47225383165623097
9571,-0.8333899914899178,0.0,22,10000,[6873.885565690778],[167.58176393668163],[0.4258169398597689],-20,0.47225383165623097
9572,0.4086529263331706,0.0,22,10000,[6873.885565690778],[167.58176393668163],[0.4258169398597689],-20,0.47225383165623097
9573,-0.00256754424876321,0.0,22,10000,[6873.885565690778],[167.58176393668163],[0.4258169398597689],-20,0.47225383165623097
9574,-0.5827697858831296,0.0,22,10000,[6873.885565690778],[167.58176393668163],[0.4258169398597689],-20,0.47225383165623097
9575,0.37345962855578296,0.0,22,10000,[6873.885565690778],[167.58176393668163],[0.4258169398597689],-20,0.47225383165623097
9576,0.04786920056567181,0.0,22,10000,[6873.885565690778],[167.58176393668163],[0.4258169398597689],-20,0.47225383165623097
9577,-0.12791039313579267,0.0,22,10000,[6873.885565690778],[167.58176393668163],[0.4258169398597689],-20,0.47225383165623097
9578,-0.37827058466105673,0.0,22,10000,[6873.885565690778],[167.58176393668163],[0.4258169398597689],-20,0.47225383165623097
9579,-0.7262597677918221,0.0,22,10000,[6873.885565690778],[167.58176393668163],[0.4258169398597689],-20,0.47225383165623097
9580,0.48206126780378994,0.0,22,10000,[6873.885565690778],[167.58176393668163],[0.4258169398597689],-20,0.47225383165623097
9581,-0.2444286956612936,0.0,22,10000,[6873.885565690778],[167.58176393668163],[0.4258169398597689],-20,0.47225383165623097
9582,0.03632256826574428,0.0,22,10000,[6873.885565690778],[167.58176393668163],[0.4258169398597689],-20,0.47225383165623097
9583,-0.13806485713008773,0.0,22,10000,[6873.885565690778],[167.58176393668163],[0.4258169398597689],-20,0.47225383165623097
9584,-0.5404235824335671,0.0,22,10000,[6873.885565690778],[167.58176393668163],[0.4258169398597689],-20,0.47225383165623097
9585,-0.10827695256194313,0.0,22,10000,[6873.885565690778],[167.58176393668163],[0.4258169398597689],-20,0.47225383165623097
9586,0.756970354622791,0.0,22,10000,[6873.885565690778],[167.58176393668163],[0.4258169398597689],-20,0.47225383165623097
9587,-0.5781795568652963,0.0,22,10000,[6873.885565690778],[167.58176393668163],[0.4258169398597689],-20,0.47225383165623097
9588,-0.1900152779241807,0.0,22,10000,[6873.885565690778],[167.58176393668163],[0.4258169398597689],-20,0.47225383165623097
9589,0.08660353516154606,0.0,22,10000,[6873.885565690778],[167.58176393668163],[0.4258169398597689],-20,0.47225383165623097
9590,-0.2285914060582567,0.0,22,10000,[6873.885565690778],[167.58176393668163],[0.4258169398597689],-20,0.47225383165623097
9591,-0.07383176825185005,0.0,22,10000,[6873.885565690778],[167.58176393668163],[0.4258169398597689],-20,0.47225383165623097
9592,-0.22744901883946114,0.0,22,10000,[6873.885565690778],[167.58176393668163],[0.4258169398597689],-20,0.47225383165623097
9593,1.003338490137158,0.0,22,10000,[6873.885565690778],[167.58176393668163],[0.4258169398597689],-20,0.47225383165623097
9594,-1.1132833478162203,0.0,22,10000,[6873.885565690778],[167.58176393668163],[0.4258169398597689],-20,0.47225383165623097
9595,-0.24360591974520393,0.0,22,10000,[6873.885565690778],[167.58176393668163],[0.4258169398597689],-20,0.47225383165623097
9596,-0.46291936376255516,0.0,22,10000,[6873.885565690778],[167.58176393668163],[0.4258169398597689],-20,0.47225383165623097
9597,0.03375388714963831,0.0,22,10000,[6873.885565690778],[167.58176393668163],[0.4258169398597689],-20,0.47225383165623097
9598,0.6520737553418026,0.0,22,10000,[6873.885565690778],[167.58176393668163],[0.4258169398597689],-20,0.47225383165623097
9599,1.1673522435686412,0.0,22,10000,[6873.885565690778],[167.58176393668163],[0.4258169398597689],-20,0.47225383165623097
9600,0.23994333640785478,0.0,22,10000,[6873.885565690778],[167.58176393668163],[0.4258169398597689],-20,0.47225383165623097
9601,0.7856606615064435,0.0,22,10000,[6873.885565690778],[167.58176393668163],[0.4258169398597689],-20,0.47225383165623097
9602,0.5960082345069775,0.0,22,10000,[6873.885565690778],[167.58176393668163],[0.4258169398597689],-20,0.47225383165623097
9603,-0.18986275202315667,0.0,22,10000,[6873.885565690778],[167.58176393668163],[0.4258169398597689],-20,0.47225383165623097
9604,0.7265095876975803,0.0,22,10000,[6873.885565690778],[167.58176393668163],[0.4258169398597689],-20,0.47225383165623097
9605,-0.1228828768470923,0.0,22,10000,[6873.885565690778],[167.58176393668163],[0.4258169398597689],-20,0.47225383165623097
9606,-0.03148875058870526,0.0,22,10000,[6873.885565690778],[167.58176393668163],[0.4258169398597689],-20,0.47225383165623097
9607,-0.05177945122907368,0.0,22,10000,[6873.885565690778],[167.58176393668163],[0.4258169398597689],-20,0.47225383165623097
9608,0.5181401868373144,0.0,22,10000,[6873.885565690778],[167.58176393668163],[0.4258169398597689],-20,0.47225383165623097
9609,0.1141116569861633,0.0,22,10000,[6873.885565690778],[167.58176393668163],[0.4258169398597689],-20,0.47225383165623097
9610,0.3906399012537105,0.0,22,10000,[6873.885565690778],[167.58176393668163],[0.4258169398597689],-20,0.47225383165623097
9611,0.7507154455538021,0.0,22,10000,[6873.885565690778],[167.58176393668163],[0.4258169398597689],-20,0.47225383165623097
9612,0.21408791649197545,0.0,22,10000,[6873.885565690778],[167.58176393668163],[0.4258169398597689],-20,0.47225383165623097
9613,0.20484214890251284,0.0,22,10000,[6873.885565690778],[167.58176393668163],[0.4258169398597689],-20,0.47225383165623097
9614,0.07638169227274745,0.0,22,10000,[6873.885565690778],[167.58176393668163],[0.4258169398597689],-20,0.47225383165623097
9615,-0.2238973297236337,0.0,22,10000,[6873.885565690778],[167.58176393668163],[0.4258169398597689],-20,0.47225383165623097
9616,0.14882644296549247,0.0,22,10000,[6873.885565690778],[167.58176393668163],[0.4258169398597689],-20,0.47225383165623097
9617,0.06409592069480334,0.0,22,10000,[6873.885565690778],[167.58176393668163],[0.4258169398597689],-20,0.47225383165623097
9618,-0.37837700972226,0.0,22,10000,[6873.885565690778],[167.58176393668163],[0.4258169398597689],-20,0.47225383165623097
9619,-0.8496318734891873,0.0,22,10000,[6873.885565690778],[167.58176393668163],[0.4258169398597689],-20,0.47225383165623097
9620,0.3920905673717459,0.0,22,10000,[6873.885565690778],[167.58176393668163],[0.4258169398597689],-20,0.47225383165623097
9621,-0.34294468680269796,0.0,22,10000,[6873.885565690778],[167.58176393668163],[0.4258169398597689],-20,0.47225383165623097
9622,0.4044004613522327,0.0,22,10000,[6873.885565690778],[167.58176393668163],[0.4258169398597689],-20,0.47225383165623097
9623,0.2814800690473327,0.0,22,10000,[6873.885565690778],[167.58176393668163],[0.4258169398597689],-20,0.47225383165623097
9624,0.556733109466269,0.0,22,10000,[6873.885565690778],[167.58176393668163],[0.4258169398597689],-20,0.47225383165623097
9625,0.339699130416011,0.0,22,10000,[6873.885565690778],[167.58176393668163],[0.4258169398597689],-20,0.47225383165623097
9626,-0.22084697388633198,0.0,22,10000,[6873.885565690778],[167.58176393668163],[0.4258169398597689],-20,0.47225383165623097
9627,0.6715855406814689,0.0,22,10000,[6873.885565690778],[167.58176393668163],[0.4258169398597689],-20,0.47225383165623097
9628,0.023955256668417198,0.0,22,10000,[6873.885565690778],[167.58176393668163],[0.4258169398597689],-20,0.47225383165623097
9629,0.6305098435191636,0.0,22,10000,[6873.885565690778],[167.58176393668163],[0.4258169398597689],-20,0.47225383165623097
9630,-0.15268519410278172,0.0,22,10000,[6873.885565690778],[167.58176393668163],[0.4258169398597689],-20,0.47225383165623097
9631,0.5150982734826464,0.0,22,10000,[6873.885565690778],[167.58176393668163],[0.4258169398597689],-20,0.47225383165623097
9632,-0.28270016035098233,0.0,22,10000,[6873.885565690778],[167.58176393668163],[0.4258169398597689],-20,0.47225383165623097
9633,-0.1774030802582542,0.0,22,10000,[6873.885565690778],[167.58176393668163],[0.4258169398597689],-20,0.47225383165623097
9634,-0.18577385146060488,0.0,22,10000,[6873.885565690778],[167.58176393668163],[0.4258169398597689],-20,0.47225383165623097
9635,-0.4147109433509767,0.0,22,10000,[6873.885565690778],[167.58176393668163],[0.4258169398597689],-20,0.47225383165623097
9636,-0.8631221716362313,0.0,22,10000,[6873.885565690778],[167.58176393668163],[0.4258169398597689],-20,0.47225383165623097
9637,-1.167446198124201,0.0,22,10000,[6873.885565690778],[167.58176393668163],[0.4258169398597689],-20,0.47225383165623097
9638,-0.2544605674150808,0.0,22,10000,[6873.885565690778],[167.58176393668163],[0.4258169398597689],-20,0.47225383165623097
9639,0.3662784337909514,0.0,22,10000,[6873.885565690778],[167.58176393668163],[0.4258169398597689],-20,0.47225383165623097
9640,-0.04705575424573346,0.0,22,10000,[6873.885565690778],[167.58176393668163],[0.4258169398597689],-20,0.47225383165623097
9641,-0.5392432005604396,0.0,22,10000,[6873.885565690778],[167.58176393668163],[0.4258169398597689],-20,0.47225383165623097
9642,0.7155456159005099,0.0,22,10000,[6873.885565690778],[167.58176393668163],[0.4258169398597689],-20,0.47225383165623097
9643,0.07233361199480988,0.0,22,10000,[6873.885565690778],[167.58176393668163],[0.4258169398597689],-20,0.47225383165623097
9644,0.3287957791877145,0.0,22,10000,[6873.885565690778],[167.58176393668163],[0.4258169398597689],-20,0.47225383165623097
9645,-0.63551060483414,0.0,22,10000,[6873.885565690778],[167.58176393668163],[0.4258169398597689],-20,0.47225383165623097
9646,-0.2685550865958383,0.0,22,10000,[6873.885565690778],[167.58176393668163],[0.4258169398597689],-20,0.47225383165623097
9647,-0.33651596129902484,0.0,22,10000,[6873.885565690778],[167.58176393668163],[0.4258169398597689],-20,0.47225383165623097
9648,-0.9434367166000714,0.0,22,10000,[6873.885565690778],[167.58176393668163],[0.4258169398597689],-20,0.47225383165623097
9649,0.37816087658025016,0.0,22,10000,[6873.885565690778],[167.58176393668163],[0.4258169398597689],-20,0.47225383165623097
9650,-0.4800282967862777,0.0,22,10000,[6873.885565690778],[167.58176393668163],[0.4258169398597689],-20,0.47225383165623097
9651,-0.9913543677862259,0.0,22,10000,[6873.885565690778],[167.58176393668163],[0.4258169398597689],-20,0.47225383165623097
9652,0.27918783174024414,0.0,22,10000,[6873.885565690778],[167.58176393668163],[0.4258169398597689],-20,0.47225383165623097
9653,-0.17937479855505822,0.0,22,10000,[6873.885565690778],[167.58176393668163],[0.4258169398597689],-20,0.47225383165623097
9654,0.7016457374605174,0.0,22,10000,[6873.885565690778],[167.58176393668163],[0.4258169398597689],-20,0.47225383165623097
9655,0.23281999084538005,0.0,22,10000,[6873.885565690778],[167.58176393668163],[0.4258169398597689],-20,0.47225383165623097
9656,-0.4418019561709097,0.0,22,10000,[6873.885565690778],[167.58176393668163],[0.4258169398597689],-20,0.47225383165623097
9657,1.5846298226706348,0.0,22,10000,[6873.885565690778],[167.58176393668163],[0.4258169398597689],-20,0.47225383165623097
9658,0.08016347094077472,0.0,22,10000,[6873.885565690778],[167.58176393668163],[0.4258169398597689],-20,0.47225383165623097
9659,0.21493895892636647,0.0,22,10000,[6873.885565690778],[167.58176393668163],[0.4258169398597689],-20,0.47225383165623097
9660,-0.01956563228715457,0.0,22,10000,[6873.885565690778],[167.58176393668163],[0.4258169398597689],-20,0.47225383165623097
9661,-0.6917400820425357,0.0,22,10000,[6873.885565690778],[167.58176393668163],[0.4258169398597689],-20,0.47225383165623097
9662,-0.5850694816254353,0.0,22,10000,[6873.885565690778],[167.58176393668163],[0.4258169398597689],-20,0.47225383165623097
9663,-0.34429019474999634,0.0,22,10000,[6873.885565690778],[167.58176393668163],[0.4258169398597689],-20,0.47225383165623097
9664,-0.14073172161489877,0.0,22,10000,[6873.885565690778],[167.58176393668163],[0.4258169398597689],-20,0.47225383165623097
9665,0.30904501595671446,0.0,22,10000,[6873.885565690778],[167.58176393668163],[0.4258169398597689],-20,0.47225383165623097
9666,-0.21478297863140355,0.0,22,10000,[6873.885565690778],[167.58176393668163],[0.4258169398597689],-20,0.47225383165623097
9667,-1.540669025344988,0.0,22,10000,[6873.885565690778],[167.58176393668163],[0.4258169398597689],-20,0.47225383165623097
9668,0.05466867718680426,0.0,22,10000,[6873.885565690778],[167.58176393668163],[0.4258169398597689],-20,0.47225383165623097
9669,0.10633418966815983,0.0,22,10000,[6873.885565690778],[167.58176393668163],[0.4258169398597689],-20,0.47225383165623097
9670,-0.4847787053857364,0.0,22,10000,[6873.885565690778],[167.58176393668163],[0.4258169398597689],-20,0.47225383165623097
9671,0.6219925676515421,0.0,22,10000,[6873.885565690778],[167.58176393668163],[0.4258169398597689],-20,0.47225383165623097
9672,-0.6504710430161834,0.0,22,10000,[6873.885565690778],[167.58176393668163],[0.4258169398597689],-20,0.47225383165623097
9673,0.5714022334433121,0.0,22,10000,[6873.885565690778],[167.58176393668163],[0.4258169398597689],-20,0.47225383165623097
9674,-0.6212431795381013,0.0,22,10000,[6873.885565690778],[167.58176393668163],[0.4258169398597689],-20,0.47225383165623097
9675,-0.1885375675480588,0.0,22,10000,[6873.885565690778],[167.58176393668163],[0.4258169398597689],-20,0.47225383165623097
9676,0.33405576204099624,0.0,22,10000,[6873.885565690778],[167.58176393668163],[0.4258169398597689],-20,0.47225383165623097
9677,0.031952139437539356,0.0,22,10000,[6873.885565690778],[167.58176393668163],[0.4258169398597689],-20,0.47225383165623097
9678,-0.3930986381255633,0.0,22,10000,[6873.885565690778],[167.58176393668163],[0.4258169398597689],-20,0.47225383165623097
9679,-0.9830646879236624,0.0,22,10000,[6873.885565690778],[167.58176393668163],[0.4258169398597689],-20,0.47225383165623097
9680,-0.10448864641854687,0.0,22,10000,[6873.885565690778],[167.58176393668163],[0.4258169398597689],-20,0.47225383165623097
9681,-0.20270349115654615,0.0,22,10000,[6873.885565690778],[167.58176393668163],[0.4258169398597689],-20,0.47225383165623097
9682,0.05786147787126445,0.0,22,10000,[6873.885565690778],[167.58176393668163],[0.4258169398597689],-20,0.47225383165623097
9683,0.5344024586434336,0.0,22,10000,[6873.885565690778],[167.58176393668163],[0.4258169398597689],-20,0.47225383165623097
9684,-0.04725761988071098,0.0,22,10000,[6873.885565690778],[167.58176393668163],[0.4258169398597689],-20,0.47225383165623097
9685,-0.2190189755652287,0.0,22,10000,[6873.885565690778],[167.58176393668163],[0.4258169398597689],-20,0.47225383165623097
9686,0.827493231044607,0.0,22,10000,[6873.885565690778],[167.58176393668163],[0.4258169398597689],-20,0.47225383165623097
9687,-0.3758564106428644,0.0,22,10000,[6873.885565690778],[167.58176393668163],[0.4258169398597689],-20,0.47225383165623097
9688,-0.4990729711997943,0.0,22,10000,[6873.885565690778],[167.58176393668163],[0.4258169398597689],-20,0.47225383165623097
9689,-0.039179111972251206,0.0,22,10000,[6873.885565690778],[167.58176393668163],[0.4258169398597689],-20,0.47225383165623097
9690,-1.1083658108563648,0.0,22,10000,[6873.885565690778],[167.58176393668163],[0.4258169398597689],-20,0.47225383165623097
9691,-0.28422549203009506,0.0,22,10000,[6873.885565690778],[167.58176393668163],[0.4258169398597689],-20,0.47225383165623097
9692,0.5564196345720998,0.0,22,10000,[6873.885565690778],[167.58176393668163],[0.4258169398597689],-20,0.47225383165623097
9693,0.0751479679259922,0.0,22,10000,[6873.885565690778],[167.58176393668163],[0.4258169398597689],-20,0.47225383165623097
9694,1.364898621562247,0.0,22,10000,[6873.885565690778],[167.58176393668163],[0.4258169398597689],-20,0.47225383165623097
9695,0.8419819804071024,0.0,22,10000,[6873.885565690778],[167.58176393668163],[0.4258169398597689],-20,0.47225383165623097
9696,0.041466321025216045,0.0,22,10000,[6873.885565690778],[167.58176393668163],[0.4258169398597689],-20,0.47225383165623097
9697,-0.2254685471276456,0.0,22,10000,[6873.885565690778],[167.58176393668163],[0.4258169398597689],-20,0.47225383165623097
9698,-0.3478543329940564,0.0,22,10000,[6873.885565690778],[167.58176393668163],[0.4258169398597689],-20,0.47225383165623097
9699,-0.41299270276665045,0.0,22,10000,[6873.885565690778],[167.58176393668163],[0.4258169398597689],-20,0.47225383165623097
9700,0.4930310946898072,0.0,22,10000,[6873.885565690778],[167.58176393668163],[0.4258169398597689],-20,0.47225383165623097
9701,0.34605917157096755,0.0,22,10000,[6873.885565690778],[167.58176393668163],[0.4258169398597689],-20,0.47225383165623097
9702,-0.2558083626955638,0.0,22,10000,[6873.885565690778],[167.58176393668163],[0.4258169398597689],-20,0.47225383165623097
9703,-0.06232168527569059,0.0,22,10000,[6873.885565690778],[167.58176393668163],[0.4258169398597689],-20,0.47225383165623097
9704,0.0357294281631582,0.0,22,10000,[6873.885565690778],[167.58176393668163],[0.4258169398597689],-20,0.47225383165623097
9705,-0.5957586957800766,0.0,22,10000,[6873.885565690778],[167.58176393668163],[0.4258169398597689],-20,0.47225383165623097
9706,-0.2284603296284895,0.0,22,10000,[6873.885565690778],[167.58176393668163],[0.4258169398597689],-20,0.47225383165623097
9707,-0.2895228808166953,0.0,22,10000,[6873.885565690778],[167.58176393668163],[0.4258169398597689],-20,0.47225383165623097
9708,-0.029424018836912435,0.0,22,10000,[6873.885565690778],[167.58176393668163],[0.4258169398597689],-20,0.47225383165623097
9709,0.3339948588043994,0.0,22,10000,[6873.885565690778],[167.58176393668163],[0.4258169398597689],-20,0.47225383165623097
9710,0.8718653903295053,0.0,22,10000,[6873.885565690778],[167.58176393668163],[0.4258169398597689],-20,0.47225383165623097
9711,0.0982847254263109,0.0,22,10000,[6873.885565690778],[167.58176393668163],[0.4258169398597689],-20,0.47225383165623097
9712,-0.36670406733244004,0.0,22,10000,[6873.885565690778],[167.58176393668163],[0.4258169398597689],-20,0.47225383165623097
9713,0.3960068117969571,0.0,22,10000,[6873.885565690778],[167.58176393668163],[0.4258169398597689],-20,0.47225383165623097
9714,-0.576973418052267,0.0,22,10000,[6873.885565690778],[167.58176393668163],[0.4258169398597689],-20,0.47225383165623097
9715,-0.02628951594846518,0.0,22,10000,[6873.885565690778],[167.58176393668163],[0.4258169398597689],-20,0.47225383165623097
9716,1.0175942451036626,0.0,22,10000,[6873.885565690778],[167.58176393668163],[0.4258169398597689],-20,0.47225383165623097
9717,0.04419031012136807,0.0,22,10000,[6873.885565690778],[167.58176393668163],[0.4258169398597689],-20,0.47225383165623097
9718,-0.2456087604699165,0.0,22,10000,[6873.885565690778],[167.58176393668163],[0.4258169398597689],-20,0.47225383165623097
9719,0.5918198505774904,0.0,22,10000,[6873.885565690778],[167.58176393668163],[0.4258169398597689],-20,0.47225383165623097
9720,0.4690792450556647,0.0,22,10000,[6873.885565690778],[167.58176393668163],[0.4258169398597689],-20,0.47225383165623097
9721,1.1314462269673036,0.0,22,10000,[6873.885565690778],[167.58176393668163],[0.4258169398597689],-20,0.47225383165623097
9722,0.5515710389231814,0.0,22,10000,[6873.885565690778],[167.58176393668163],[0.4258169398597689],-20,0.47225383165623097
9723,-0.5414925671743088,0.0,22,10000,[6873.885565690778],[167.58176393668163],[0.4258169398597689],-20,0.47225383165623097
9724,-0.3543952915053926,0.0,22,10000,[6873.885565690778],[167.58176393668163],[0.4258169398597689],-20,0.47225383165623097
9725,0.7455434287974623,0.0,22,10000,[6873.885565690778],[167.58176393668163],[0.4258169398597689],-20,0.47225383165623097
9726,0.27294136448796663,0.0,22,10000,[6873.885565690778],[167.58176393668163],[0.4258169398597689],-20,0.47225383165623097
9727,-0.09919256362511918,0.0,22,10000,[6873.885565690778],[167.58176393668163],[0.4258169398597689],-20,0.47225383165623097
9728,-0.41142772184837195,0.0,22,10000,[6873.885565690778],[167.58176393668163],[0.4258169398597689],-20,0.47225383165623097
9729,0.5001590618469758,0.0,22,10000,[6873.885565690778],[167.58176393668163],[0.4258169398597689],-20,0.47225383165623097
9730,-0.7038534911056609,0.0,22,10000,[6873.885565690778],[167.58176393668163],[0.4258169398597689],-20,0.47225383165623097
9731,-0.654085863137519,0.0,22,10000,[6873.885565690778],[167.58176393668163],[0.4258169398597689],-20,0.47225383165623097
9732,0.22859501369564073,0.0,22,10000,[6873.885565690778],[167.58176393668163],[0.4258169398597689],-20,0.47225383165623097
9733,-0.4733641732214039,0.0,22,10000,[6873.885565690778],[167.58176393668163],[0.4258169398597689],-20,0.47225383165623097
9734,-0.20548067295930034,0.0,22,10000,[6873.885565690778],[167.58176393668163],[0.4258169398597689],-20,0.47225383165623097
9735,0.31559160082656784,0.0,22,10000,[6873.885565690778],[167.58176393668163],[0.4258169398597689],-20,0.47225383165623097
9736,-0.042592085489291935,0.0,22,10000,[6873.885565690778],[167.58176393668163],[0.4258169398597689],-20,0.47225383165623097
9737,-0.4196533974431808,0.0,22,10000,[6873.885565690778],[167.58176393668163],[0.4258169398597689],-20,0.47225383165623097
9738,-0.1454835427297915,0.0,22,10000,[6873.885565690778],[167.58176393668163],[0.4258169398597689],-20,0.47225383165623097
9739,0.3836778660044357,0.0,22,10000,[6873.885565690778],[167.58176393668163],[0.4258169398597689],-20,0.47225383165623097
9740,0.06290859762734118,0.0,22,10000,[6873.885565690778],[167.58176393668163],[0.4258169398597689],-20,0.47225383165623097
9741,0.542228730205701,0.0,22,10000,[6873.885565690778],[167.58176393668163],[0.4258169398597689],-20,0.47225383165623097
9742,0.25362496049613326,0.0,22,10000,[6873.885565690778],[167.58176393668163],[0.4258169398597689],-20,0.47225383165623097
9743,-0.12244579551397987,0.0,22,10000,[6873.885565690778],[167.58176393668163],[0.4258169398597689],-20,0.47225383165623097
9744,-0.2822838114999598,0.0,22,10000,[6873.885565690778],[167.58176393668163],[0.4258169398597689],-20,0.47225383165623097
9745,0.5714252983172848,0.0,22,10000,[6873.885565690778],[167.58176393668163],[0.4258169398597689],-20,0.47225383165623097
9746,-0.15321729859020436,0.0,22,10000,[6873.885565690778],[167.58176393668163],[0.4258169398597689],-20,0.47225383165623097
9747,0.10802452947542526,0.0,22,10000,[6873.885565690778],[167.58176393668163],[0.4258169398597689],-20,0.47225383165623097
9748,-0.39170142091247473,0.0,22,10000,[6873.885565690778],[167.58176393668163],[0.4258169398597689],-20,0.47225383165623097
9749,0.167147305138531,0.0,22,10000,[6873.885565690778],[167.58176393668163],[0.4258169398597689],-20,0.47225383165623097
9750,0.9095834317991078,0.0,22,10000,[6873.885565690778],[167.58176393668163],[0.4258169398597689],-20,0.47225383165623097
9751,-0.03780336507729527,0.0,22,10000,[6873.885565690778],[167.58176393668163],[0.4258169398597689],-20,0.47225383165623097
9752,-0.0699951684962852,0.0,22,10000,[6873.885565690778],[167.58176393668163],[0.4258169398597689],-20,0.47225383165623097
9753,0.20789101519099634,0.0,22,10000,[6873.885565690778],[167.58176393668163],[0.4258169398597689],-20,0.47225383165623097
9754,-0.09772165066205238,0.0,22,10000,[6873.885565690778],[167.58176393668163],[0.4258169398597689],-20,0.47225383165623097
9755,-0.3102503900751967,0.0,22,10000,[6873.885565690778],[167.58176393668163],[0.4258169398597689],-20,0.47225383165623097
9756,-0.6679742464554835,0.0,22,10000,[6873.885565690778],[167.58176393668163],[0.4258169398597689],-20,0.47225383165623097
9757,0.019056674983774804,0.0,22,10000,[6873.885565690778],[167.58176393668163],[0.4258169398597689],-20,0.47225383165623097
9758,-0.04327775597498153,0.0,22,10000,[6873.885565690778],[167.58176393668163],[0.4258169398597689],-20,0.47225383165623097
9759,-0.1103293674888006,0.0,22,10000,[6873.885565690778],[167.58176393668163],[0.4258169398597689],-20,0.47225383165623097
9760,-0.0629348697671201,0.0,22,10000,[6873.885565690778],[167.58176393668163],[0.4258169398597689],-20,0.47225383165623097
9761,0.6363640984439551,0.0,22,10000,[6873.885565690778],[167.58176393668163],[0.4258169398597689],-20,0.47225383165623097
9762,-0.26838103578952716,0.0,22,10000,[6873.885565690778],[167.58176393668163],[0.4258169398597689],-20,0.47225383165623097
9763,0.36020679656868754,0.0,22,10000,[6873.885565690778],[167.58176393668163],[0.4258169398597689],-20,0.47225383165623097
9764,0.5054956969678882,0.0,22,10000,[6873.885565690778],[167.58176393668163],[0.4258169398597689],-20,0.47225383165623097
9765,0.42998337927090097,0.0,22,10000,[6873.885565690778],[167.58176393668163],[0.4258169398597689],-20,0.47225383165623097
9766,-0.4835852485257187,0.0,22,10000,[6873.885565690778],[167.58176393668163],[0.4258169398597689],-20,0.47225383165623097
9767,0.8663547531752982,0.0,22,10000,[6873.885565690778],[167.58176393668163],[0.4258169398597689],-20,0.47225383165623097
9768,0.13833677707865286,0.0,22,10000,[6873.885565690778],[167.58176393668163],[0.4258169398597689],-20,0.47225383165623097
9769,-0.008074652722257847,0.0,22,10000,[6873.885565690778],[167.58176393668163],[0.4258169398597689],-20,0.47225383165623097
9770,0.17234555567151177,0.0,22,10000,[6873.885565690778],[167.58176393668163],[0.4258169398597689],-20,0.47225383165623097
9771,-0.18375499917875834,0.0,22,10000,[6873.885565690778],[167.58176393668163],[0.4258169398597689],-20,0.47225383165623097
9772,-0.7063471982819703,0.0,22,10000,[6873.885565690778],[167.58176393668163],[0.4258169398597689],-20,0.47225383165623097
9773,-0.3421493377293109,0.0,22,10000,[6873.885565690778],[167.58176393668163],[0.4258169398597689],-20,0.47225383165623097
9774,0.8497106132710157,0.0,22,10000,[6873.885565690778],[167.58176393668163],[0.4258169398597689],-20,0.47225383165623097
9775,0.5669546291176488,0.0,22,10000,[6873.885565690778],[167.58176393668163],[0.4258169398597689],-20,0.47225383165623097
9776,0.3534067163608894,0.0,22,10000,[6873.885565690778],[167.58176393668163],[0.4258169398597689],-20,0.47225383165623097
9777,0.11583934418222588,0.0,22,10000,[6873.885565690778],[167.58176393668163],[0.4258169398597689],-20,0.47225383165623097
9778,0.8348603079702049,0.0,22,10000,[6873.885565690778],[167.58176393668163],[0.4258169398597689],-20,0.47225383165623097
9779,-0.4103249978436035,0.0,22,10000,[6873.885565690778],[167.58176393668163],[0.4258169398597689],-20,0.47225383165623097
9780,-0.594787382727327,0.0,22,10000,[6873.885565690778],[167.58176393668163],[0.4258169398597689],-20,0.47225383165623097
9781,-0.08736934876232597,0.0,22,10000,[6873.885565690778],[167.58176393668163],[0.4258169398597689],-20,0.47225383165623097
9782,-0.27973217196754874,0.0,22,10000,[6873.885565690778],[167.58176393668163],[0.4258169398597689],-20,0.47225383165623097
9783,0.05301270081793247,0.0,22,10000,[6873.885565690778],[167.58176393668163],[0.4258169398597689],-20,0.47225383165623097
9784,0.05972491206908892,0.0,22,10000,[6873.885565690778],[167.58176393668163],[0.4258169398597689],-20,0.47225383165623097
9785,0.5590757399201856,0.0,22,10000,[6873.885565690778],[167.58176393668163],[0.4258169398597689],-20,0.47225383165623097
9786,0.05336318548751055,0.0,22,10000,[6873.885565690778],[167.58176393668163],[0.4258169398597689],-20,0.47225383165623097
9787,0.0707118678657882,0.0,22,10000,[6873.885565690778],[167.58176393668163],[0.4258169398597689],-20,0.47225383165623097
9788,0.44120565859956906,0.0,22,10000,[6873.885565690778],[167.58176393668163],[0.4258169398597689],-20,0.47225383165623097
9789,0.09501737944847852,0.0,22,10000,[6873.885565690778],[167.58176393668163],[0.4258169398597689],-20,0.47225383165623097
9790,0.5336774110401166,0.0,22,10000,[6873.885565690778],[167.58176393668163],[0.4258169398597689],-20,0.47225383165623097
9791,-0.3791569390080855,0.0,22,10000,[6873.885565690778],[167.58176393668163],[0.4258169398597689],-20,0.47225383165623097
9792,0.23267423374092,0.0,22,10000,[6873.885565690778],[167.58176393668163],[0.4258169398597689],-20,0.47225383165623097
9793,0.40718710896001675,0.0,22,10000,[6873.885565690778],[167.58176393668163],[0.4258169398597689],-20,0.47225383165623097
9794,0.04574978176544272,0.0,22,10000,[6873.885565690778],[167.58176393668163],[0.4258169398597689],-20,0.47225383165623097
9795,0.08691899135667372,0.0,22,10000,[6873.885565690778],[167.58176393668163],[0.4258169398597689],-20,0.47225383165623097
9796,-0.24377599351788057,0.0,22,10000,[6873.885565690778],[167.58176393668163],[0.4258169398597689],-20,0.47225383165623097
9797,-0.8054468030489826,0.0,22,10000,[6873.885565690778],[167.58176393668163],[0.4258169398597689],-20,0.47225383165623097
9798,-0.1033840717587819,0.0,22,10000,[6873.885565690778],[167.58176393668163],[0.4258169398597689],-20,0.47225383165623097
9799,-0.2391022163027068,0.0,22,10000,[6873.885565690778],[167.58176393668163],[0.4258169398597689],-20,0.47225383165623097
9800,-0.31134365214078785,0.0,22,10000,[6873.885565690778],[167.58176393668163],[0.4258169398597689],-20,0.47225383165623097
9801,0.5745057376280484,0.0,22,10000,[6873.885565690778],[167.58176393668163],[0.4258169398597689],-20,0.47225383165623097
9802,-0.898569568224261,0.0,22,10000,[6873.885565690778],[167.58176393668163],[0.4258169398597689],-20,0.47225383165623097
9803,0.03746536082074029,0.0,22,10000,[6873.885565690778],[167.58176393668163],[0.4258169398597689],-20,0.47225383165623097
9804,-0.2696354968850822,0.0,22,10000,[6873.885565690778],[167.58176393668163],[0.4258169398597689],-20,0.47225383165623097
9805,0.33941368453688203,0.0,22,10000,[6873.885565690778],[167.58176393668163],[0.4258169398597689],-20,0.47225383165623097
9806,-0.034241003897496736,0.0,22,10000,[6873.885565690778],[167.58176393668163],[0.4258169398597689],-20,0.47225383165623097
9807,0.48842455341940505,0.0,22,10000,[6873.885565690778],[167.58176393668163],[0.4258169398597689],-20,0.47225383165623097
9808,0.7629772924308261,0.0,22,10000,[6873.885565690778],[167.58176393668163],[0.4258169398597689],-20,0.47225383165623097
9809,-0.16860890339066517,0.0,22,10000,[6873.885565690778],[167.58176393668163],[0.4258169398597689],-20,0.47225383165623097
9810,0.22379689059800228,0.0,22,10000,[6873.885565690778],[167.58176393668163],[0.4258169398597689],-20,0.47225383165623097
9811,-0.2071108845676926,0.0,22,10000,[6873.885565690778],[167.58176393668163],[0.4258169398597689],-20,0.47225383165623097
9812,-0.3998083019891739,0.0,22,10000,[6873.885565690778],[167.58176393668163],[0.4258169398597689],-20,0.47225383165623097
9813,0.1588498268801816,0.0,22,10000,[6873.885565690778],[167.58176393668163],[0.4258169398597689],-20,0.47225383165623097
9814,0.563306002871767,0.0,22,10000,[6873.885565690778],[167.58176393668163],[0.4258169398597689],-20,0.47225383165623097
9815,-0.04471453678709451,0.0,22,10000,[6873.885565690778],[167.58176393668163],[0.4258169398597689],-20,0.47225383165623097
9816,-0.7628192144795782,0.0,22,10000,[6873.885565690778],[167.58176393668163],[0.4258169398597689],-20,0.47225383165623097
9817,0.2821765662294857,0.0,22,10000,[6873.885565690778],[167.58176393668163],[0.4258169398597689],-20,0.47225383165623097
9818,0.8574471412296814,0.0,22,10000,[6873.885565690778],[167.58176393668163],[0.4258169398597689],-20,0.47225383165623097
9819,0.1722734619261842,0.0,22,10000,[6873.885565690778],[167.58176393668163],[0.4258169398597689],-20,0.47225383165623097
9820,0.02595747795840897,0.0,22,10000,[6873.885565690778],[167.58176393668163],[0.4258169398597689],-20,0.47225383165623097
9821,-0.7466358004271582,0.0,22,10000,[6873.885565690778],[167.58176393668163],[0.4258169398597689],-20,0.47225383165623097
9822,-0.3289223557340171,0.0,22,10000,[6873.885565690778],[167.58176393668163],[0.4258169398597689],-20,0.47225383165623097
9823,-1.7713711650834285,0.0,22,10000,[6873.885565690778],[167.58176393668163],[0.4258169398597689],-20,0.47225383165623097
9824,-0.6345028052576339,0.0,22,10000,[6873.885565690778],[167.58176393668163],[0.4258169398597689],-20,0.47225383165623097
9825,0.6539887037984302,0.0,22,10000,[6873.885565690778],[167.58176393668163],[0.4258169398597689],-20,0.47225383165623097
9826,-0.21706764674902432,0.0,22,10000,[6873.885565690778],[167.58176393668163],[0.4258169398597689],-20,0.47225383165623097
9827,-0.4674476368031982,0.0,22,10000,[6873.885565690778],[167.58176393668163],[0.4258169398597689],-20,0.47225383165623097
9828,-1.0276376689239721,0.0,22,10000,[6873.885565690778],[167.58176393668163],[0.4258169398597689],-20,0.47225383165623097
9829,-0.7515636299278634,0.0,22,10000,[6873.885565690778],[167.58176393668163],[0.4258169398597689],-20,0.47225383165623097
9830,-0.421861216785438,0.0,22,10000,[6873.885565690778],[167.58176393668163],[0.4258169398597689],-20,0.47225383165623097
9831,-0.37686388981897323,0.0,22,10000,[6873.885565690778],[167.58176393668163],[0.4258169398597689],-20,0.47225383165623097
9832,0.0648067673773299,0.0,22,10000,[6873.885565690778],[167.58176393668163],[0.4258169398597689],-20,0.47225383165623097
9833,0.19715757691567798,0.0,22,10000,[6873.885565690778],[167.58176393668163],[0.4258169398597689],-20,0.47225383165623097
9834,0.18498087380693987,0.0,22,10000,[6873.885565690778],[167.58176393668163],[0.4258169398597689],-20,0.47225383165623097
9835,-0.7062908339636632,0.0,22,10000,[6873.885565690778],[167.58176393668163],[0.4258169398597689],-20,0.47225383165623097
9836,-0.11397350742095932,0.0,22,10000,[6873.885565690778],[167.58176393668163],[0.4258169398597689],-20,0.47225383165623097
9837,-0.3349898020669674,0.0,22,10000,[6873.885565690778],[167.58176393668163],[0.4258169398597689],-20,0.47225383165623097
9838,0.2813823325860683,0.0,22,10000,[6873.885565690778],[167.58176393668163],[0.4258169398597689],-20,0.47225383165623097
9839,-0.7474462239704495,0.0,22,10000,[6873.885565690778],[167.58176393668163],[0.4258169398597689],-20,0.47225383165623097
9840,-0.09676317816870453,0.0,22,10000,[6873.885565690778],[167.58176393668163],[0.4258169398597689],-20,0.47225383165623097
9841,0.15966155539748345,0.0,22,10000,[6873.885565690778],[167.58176393668163],[0.4258169398597689],-20,0.47225383165623097
9842,-0.4110834583270329,0.0,22,10000,[6873.885565690778],[167.58176393668163],[0.4258169398597689],-20,0.47225383165623097
9843,-0.6637999674863428,0.0,22,10000,[6873.885565690778],[167.58176393668163],[0.4258169398597689],-20,0.47225383165623097
9844,-0.06929568477918494,0.0,22,10000,[6873.885565690778],[167.58176393668163],[0.4258169398597689],-20,0.47225383165623097
9845,-0.10000949084214988,0.0,22,10000,[6873.885565690778],[167.58176393668163],[0.4258169398597689],-20,0.47225383165623097
9846,-0.8718963053060754,0.0,22,10000,[6873.885565690778],[167.58176393668163],[0.4258169398597689],-20,0.47225383165623097
9847,0.008218885317019326,0.0,22,10000,[6873.885565690778],[167.58176393668163],[0.4258169398597689],-20,0.47225383165623097
9848,-0.6725541298848402,0.0,22,10000,[6873.885565690778],[167.58176393668163],[0.4258169398597689],-20,0.47225383165623097
9849,0.06127488857234499,0.0,22,10000,[6873.885565690778],[167.58176393668163],[0.4258169398597689],-20,0.47225383165623097
9850,-0.8549749646238903,0.0,22,10000,[6873.885565690778],[167.58176393668163],[0.4258169398597689],-20,0.47225383165623097
9851,-0.4579055560093568,0.0,22,10000,[6873.885565690778],[167.58176393668163],[0.4258169398597689],-20,0.47225383165623097
9852,0.2398805632450401,0.0,22,10000,[6873.885565690778],[167.58176393668163],[0.4258169398597689],-20,0.47225383165623097
9853,0.17130077396051144,0.0,22,10000,[6873.885565690778],[167.58176393668163],[0.4258169398597689],-20,0.47225383165623097
9854,0.41906775554635456,0.0,22,10000,[6873.885565690778],[167.58176393668163],[0.4258169398597689],-20,0.47225383165623097
9855,-0.13268123544073707,0.0,22,10000,[6873.885565690778],[167.58176393668163],[0.4258169398597689],-20,0.47225383165623097
9856,-0.6923707659406054,0.0,22,10000,[6873.885565690778],[167.58176393668163],[0.4258169398597689],-20,0.47225383165623097
9857,-0.11666201410688541,0.0,22,10000,[6873.885565690778],[167.58176393668163],[0.4258169398597689],-20,0.47225383165623097
9858,-0.06725373744593575,0.0,22,10000,[6873.885565690778],[167.58176393668163],[0.4258169398597689],-20,0.47225383165623097
9859,0.8144221023952939,0.0,22,10000,[6873.885565690778],[167.58176393668163],[0.4258169398597689],-20,0.47225383165623097
9860,-0.07020377725587006,0.0,22,10000,[6873.885565690778],[167.58176393668163],[0.4258169398597689],-20,0.47225383165623097
9861,-0.5648496379084674,0.0,22,10000,[6873.885565690778],[167.58176393668163],[0.4258169398597689],-20,0.47225383165623097
9862,0.29082883134424115,0.0,22,10000,[6873.885565690778],[167.58176393668163],[0.4258169398597689],-20,0.47225383165623097
9863,0.7531873285174909,0.0,22,10000,[6873.885565690778],[167.58176393668163],[0.4258169398597689],-20,0.47225383165623097
9864,0.12156781523708678,0.0,22,10000,[6873.885565690778],[167.58176393668163],[0.4258169398597689],-20,0.47225383165623097
9865,-0.060935725447866775,0.0,22,10000,[6873.885565690778],[167.58176393668163],[0.4258169398597689],-20,0.47225383165623097
9866,-0.4913063921879899,0.0,22,10000,[6873.885565690778],[167.58176393668163],[0.4258169398597689],-20,0.47225383165623097
9867,0.5947489811540482,0.0,22,10000,[6873.885565690778],[167.58176393668163],[0.4258169398597689],-20,0.47225383165623097
9868,0.475426247859661,0.0,22,10000,[6873.885565690778],[167.58176393668163],[0.4258169398597689],-20,0.47225383165623097
9869,-0.005735316989836498,0.0,22,10000,[6873.885565690778],[167.58176393668163],[0.4258169398597689],-20,0.47225383165623097
9870,-0.06242160904971766,0.0,22,10000,[6873.885565690778],[167.58176393668163],[0.4258169398597689],-20,0.47225383165623097
9871,0.08039907043746868,0.0,22,10000,[6873.885565690778],[167.58176393668163],[0.4258169398597689],-20,0.47225383165623097
9872,0.028408983392732314,0.0,22,10000,[6873.885565690778],[167.58176393668163],[0.4258169398597689],-20,0.47225383165623097
9873,0.3825309132706888,0.0,22,10000,[6873.885565690778],[167.58176393668163],[0.4258169398597689],-20,0.47225383165623097
9874,0.027200520038721972,0.0,22,10000,[6873.885565690778],[167.58176393668163],[0.4258169398597689],-20,0.47225383165623097
9875,0.019677556664637552,0.0,22,10000,[6873.885565690778],[167.58176393668163],[0.4258169398597689],-20,0.47225383165623097
9876,0.2415197347636578,0.0,22,10000,[6873.885565690778],[167.58176393668163],[0.4258169398597689],-20,0.47225383165623097
9877,-0.11210366722079597,0.0,22,10000,[6873.885565690778],[167.58176393668163],[0.4258169398597689],-20,0.47225383165623097
9878,0.06147532536271114,0.0,22,10000,[6873.885565690778],[167.58176393668163],[0.4258169398597689],-20,0.47225383165623097
9879,0.8415741993645328,0.0,22,10000,[6873.885565690778],[167.58176393668163],[0.4258169398597689],-20,0.47225383165623097
9880,-0.17449663728944265,0.0,22,10000,[6873.885565690778],[167.58176393668163],[0.4258169398597689],-20,0.47225383165623097
9881,0.5457606712579829,0.0,22,10000,[6873.885565690778],[167.58176393668163],[0.4258169398597689],-20,0.47225383165623097
9882,-0.19150816122420464,0.0,22,10000,[6873.885565690778],[167.58176393668163],[0.4258169398597689],-20,0.47225383165623097
9883,0.17741282258394317,0.0,22,10000,[6873.885565690778],[167.58176393668163],[0.4258169398597689],-20,0.47225383165623097
9884,-0.3335447896611402,0.0,22,10000,[6873.885565690778],[167.58176393668163],[0.4258169398597689],-20,0.47225383165623097
9885,0.5616073770310083,0.0,22,10000,[6873.885565690778],[167.58176393668163],[0.4258169398597689],-20,0.47225383165623097
9886,-0.307375455913297,0.0,22,10000,[6873.885565690778],[167.58176393668163],[0.4258169398597689],-20,0.47225383165623097
9887,0.03283953194463139,0.0,22,10000,[6873.885565690778],[167.58176393668163],[0.4258169398597689],-20,0.47225383165623097
9888,0.03871325459995646,0.0,22,10000,[6873.885565690778],[167.58176393668163],[0.4258169398597689],-20,0.47225383165623097
9889,-0.8226625794923543,0.0,22,10000,[6873.885565690778],[167.58176393668163],[0.4258169398597689],-20,0.47225383165623097
9890,-0.16361977041210352,0.0,22,10000,[6873.885565690778],[167.58176393668163],[0.4258169398597689],-20,0.47225383165623097
9891,-0.675455628292729,0.0,22,10000,[6873.885565690778],[167.58176393668163],[0.4258169398597689],-20,0.47225383165623097
9892,-0.4854014015331385,0.0,22,10000,[6873.885565690778],[167.58176393668163],[0.4258169398597689],-20,0.47225383165623097
9893,-0.03668804334442595,0.0,22,10000,[6873.885565690778],[167.58176393668163],[0.4258169398597689],-20,0.47225383165623097
9894,-0.4516206353290952,0.0,22,10000,[6873.885565690778],[167.58176393668163],[0.4258169398597689],-20,0.47225383165623097
9895,0.1977901650138374,0.0,22,10000,[6873.885565690778],[167.58176393668163],[0.4258169398597689],-20,0.47225383165623097
9896,0.3082142247189432,0.0,22,10000,[6873.885565690778],[167.58176393668163],[0.4258169398597689],-20,0.47225383165623097
9897,0.2313743047851455,0.0,22,10000,[6873.885565690778],[167.58176393668163],[0.4258169398597689],-20,0.47225383165623097
9898,-0.7500277437663936,0.0,22,10000,[6873.885565690778],[167.58176393668163],[0.4258169398597689],-20,0.47225383165623097
9899,0.6194464811214446,0.0,22,10000,[6873.885565690778],[167.58176393668163],[0.4258169398597689],-20,0.47225383165623097
9900,0.08421896908312848,0.0,22,10000,[6873.885565690778],[167.58176393668163],[0.4258169398597689],-20,0.47225383165623097
9901,-0.3210208555963863,0.0,22,10000,[6873.885565690778],[167.58176393668163],[0.4258169398597689],-20,0.47225383165623097
9902,-0.04089910632802329,0.0,22,10000,[6873.885565690778],[167.58176393668163],[0.4258169398597689],-20,0.47225383165623097
9903,0.05091411050391817,0.0,22,10000,[6873.885565690778],[167.58176393668163],[0.4258169398597689],-20,0.47225383165623097
9904,0.7784422728709073,0.0,22,10000,[6873.885565690778],[167.58176393668163],[0.4258169398597689],-20,0.47225383165623097
9905,-0.34948356453128454,0.0,22,10000,[6873.885565690778],[167.58176393668163],[0.4258169398597689],-20,0.47225383165623097
9906,0.39129238254622917,0.0,22,10000,[6873.885565690778],[167.58176393668163],[0.4258169398597689],-20,0.47225383165623097
9907,0.004541515028713031,0.0,22,10000,[6873.885565690778],[167.58176393668163],[0.4258169398597689],-20,0.47225383165623097
9908,-0.09939262213448319,0.0,22,10000,[6873.885565690778],[167.58176393668163],[0.4258169398597689],-20,0.47225383165623097
9909,0.4648621752164196,0.0,22,10000,[6873.885565690778],[167.58176393668163],[0.4258169398597689],-20,0.47225383165623097
9910,-0.4589552924833418,0.0,22,10000,[6873.885565690778],[167.58176393668163],[0.4258169398597689],-20,0.47225383165623097
9911,0.03621946646412748,0.0,22,10000,[6873.885565690778],[167.58176393668163],[0.4258169398597689],-20,0.47225383165623097
9912,0.21088382686510057,0.0,22,10000,[6873.885565690778],[167.58176393668163],[0.4258169398597689],-20,0.47225383165623097
9913,0.12990000690402956,0.0,22,10000,[6873.885565690778],[167.58176393668163],[0.4258169398597689],-20,0.47225383165623097
9914,0.3192482137263089,0.0,22,10000,[6873.885565690778],[167.58176393668163],[0.4258169398597689],-20,0.47225383165623097
9915,0.7221940631813332,0.0,22,10000,[6873.885565690778],[167.58176393668163],[0.4258169398597689],-20,0.47225383165623097
9916,0.07860266078424903,0.0,22,10000,[6873.885565690778],[167.58176393668163],[0.4258169398597689],-20,0.47225383165623097
9917,-0.9898726696948871,0.0,22,10000,[6873.885565690778],[167.58176393668163],[0.4258169398597689],-20,0.47225383165623097
9918,0.7073912784742113,0.0,22,10000,[6873.885565690778],[167.58176393668163],[0.4258169398597689],-20,0.47225383165623097
9919,-0.24987635028184654,0.0,22,10000,[6873.885565690778],[167.58176393668163],[0.4258169398597689],-20,0.47225383165623097
9920,0.10344262241058728,0.0,22,10000,[6873.885565690778],[167.58176393668163],[0.4258169398597689],-20,0.47225383165623097
9921,-0.45784087230676024,0.0,22,10000,[6873.885565690778],[167.58176393668163],[0.4258169398597689],-20,0.47225383165623097
9922,-0.46875610133321716,0.0,22,10000,[6873.885565690778],[167.58176393668163],[0.4258169398597689],-20,0.47225383165623097
9923,-0.30076827022783625,0.0,22,10000,[6873.885565690778],[167.58176393668163],[0.4258169398597689],-20,0.47225383165623097
9924,-0.08603704235991881,0.0,22,10000,[6873.885565690778],[167.58176393668163],[0.4258169398597689],-20,0.47225383165623097
9925,0.2634464084948886,0.0,22,10000,[6873.885565690778],[167.58176393668163],[0.4258169398597689],-20,0.47225383165623097
9926,0.3644942492147257,0.0,22,10000,[6873.885565690778],[167.58176393668163],[0.4258169398597689],-20,0.47225383165623097
9927,-0.2209973831691583,0.0,22,10000,[6873.885565690778],[167.58176393668163],[0.4258169398597689],-20,0.47225383165623097
9928,0.2344713628398687,0.0,22,10000,[6873.885565690778],[167.58176393668163],[0.4258169398597689],-20,0.47225383165623097
9929,0.19116515395825956,0.0,22,10000,[6873.885565690778],[167.58176393668163],[0.4258169398597689],-20,0.47225383165623097
9930,0.8656540528241218,0.0,22,10000,[6873.885565690778],[167.58176393668163],[0.4258169398597689],-20,0.47225383165623097
9931,0.2280528294058217,0.0,22,10000,[6873.885565690778],[167.58176393668163],[0.4258169398597689],-20,0.47225383165623097
9932,0.10059305832027567,0.0,22,10000,[6873.885565690778],[167.58176393668163],[0.4258169398597689],-20,0.47225383165623097
9933,0.46870352032190454,0.0,22,10000,[6873.885565690778],[167.58176393668163],[0.4258169398597689],-20,0.47225383165623097
9934,0.370044341886566,0.0,22,10000,[6873.885565690778],[167.58176393668163],[0.4258169398597689],-20,0.47225383165623097
9935,0.5135404516315338,0.0,22,10000,[6873.885565690778],[167.58176393668163],[0.4258169398597689],-20,0.47225383165623097
9936,-0.004850338964635221,0.0,22,10000,[6873.885565690778],[167.58176393668163],[0.4258169398597689],-20,0.47225383165623097
9937,-0.09899787193674557,0.0,22,10000,[6873.885565690778],[167.58176393668163],[0.4258169398597689],-20,0.47225383165623097
9938,-0.2022014799545138,0.0,22,10000,[6873.885565690778],[167.58176393668163],[0.4258169398597689],-20,0.47225383165623097
9939,-0.02533355311454026,0.0,22,10000,[6873.885565690778],[167.58176393668163],[0.4258169398597689],-20,0.47225383165623097
9940,-0.4216899718662573,0.0,22,10000,[6873.885565690778],[167.58176393668163],[0.4258169398597689],-20,0.47225383165623097
9941,0.16997412068437928,0.0,22,10000,[6873.885565690778],[167.58176393668163],[0.4258169398597689],-20,0.47225383165623097
9942,-0.5006966799039574,0.0,22,10000,[6873.885565690778],[167.58176393668163],[0.4258169398597689],-20,0.47225383165623097
9943,-0.012661405104507797,0.0,22,10000,[6873.885565690778],[167.58176393668163],[0.4258169398597689],-20,0.47225383165623097
9944,-0.2600408108011672,0.0,22,10000,[6873.885565690778],[167.58176393668163],[0.4258169398597689],-20,0.47225383165623097
9945,0.3173190982992929,0.0,22,10000,[6873.885565690778],[167.58176393668163],[0.4258169398597689],-20,0.47225383165623097
9946,-0.0413985371044156,0.0,22,10000,[6873.885565690778],[167.58176393668163],[0.4258169398597689],-20,0.47225383165623097
9947,0.43036511867115407,0.0,22,10000,[6873.885565690778],[167.58176393668163],[0.4258169398597689],-20,0.47225383165623097
9948,-1.6502609652699327,0.0,22,10000,[6873.885565690778],[167.58176393668163],[0.4258169398597689],-20,0.47225383165623097
9949,0.15220304696397474,0.0,22,10000,[6873.885565690778],[167.58176393668163],[0.4258169398597689],-20,0.47225383165623097
9950,-0.33005932208696864,0.0,22,10000,[6873.885565690778],[167.58176393668163],[0.4258169398597689],-20,0.47225383165623097
9951,0.32810410928775186,0.0,22,10000,[6873.885565690778],[167.58176393668163],[0.4258169398597689],-20,0.47225383165623097
9952,0.5527307522960958,0.0,22,10000,[6873.885565690778],[167.58176393668163],[0.4258169398597689],-20,0.47225383165623097
9953,-0.25092012788032414,0.0,22,10000,[6873.885565690778],[167.58176393668163],[0.4258169398597689],-20,0.47225383165623097
9954,-0.12556842018091394,0.0,22,10000,[6873.885565690778],[167.58176393668163],[0.4258169398597689],-20,0.47225383165623097
9955,-0.3892223175992089,0.0,22,10000,[6873.885565690778],[167.58176393668163],[0.4258169398597689],-20,0.47225383165623097
9956,0.3119748806050511,0.0,22,10000,[6873.885565690778],[167.58176393668163],[0.4258169398597689],-20,0.47225383165623097
9957,-0.2762285990159044,0.0,22,10000,[6873.885565690778],[167.58176393668163],[0.4258169398597689],-20,0.47225383165623097
9958,-0.7693429681921465,0.0,22,10000,[6873.885565690778],[167.58176393668163],[0.4258169398597689],-20,0.47225383165623097
9959,0.3824392060282243,0.0,22,10000,[6873.885565690778],[167.58176393668163],[0.4258169398597689],-20,0.47225383165623097
9960,-0.21048847833001064,0.0,22,10000,[6873.885565690778],[167.58176393668163],[0.4258169398597689],-20,0.47225383165623097
9961,0.669382715817771,0.0,22,10000,[6873.885565690778],[167.58176393668163],[0.4258169398597689],-20,0.47225383165623097
9962,-0.7582531752254004,0.0,22,10000,[6873.885565690778],[167.58176393668163],[0.4258169398597689],-20,0.47225383165623097
9963,0.5827146942267921,0.0,22,10000,[6873.885565690778],[167.58176393668163],[0.4258169398597689],-20,0.47225383165623097
9964,0.14120777758791792,0.0,22,10000,[6873.885565690778],[167.58176393668163],[0.4258169398597689],-20,0.47225383165623097
9965,0.3821976122615601,0.0,22,10000,[6873.885565690778],[167.58176393668163],[0.4258169398597689],-20,0.47225383165623097
9966,-0.6489686058348366,0.0,22,10000,[6873.885565690778],[167.58176393668163],[0.4258169398597689],-20,0.47225383165623097
9967,-0.04023718362277848,0.0,22,10000,[6873.885565690778],[167.58176393668163],[0.4258169398597689],-20,0.47225383165623097
9968,-0.42169908505731046,0.0,22,10000,[6873.885565690778],[167.58176393668163],[0.4258169398597689],-20,0.47225383165623097
9969,0.12780783189611694,0.0,22,10000,[6873.885565690778],[167.58176393668163],[0.4258169398597689],-20,0.47225383165623097
9970,-0.7340477776652432,0.0,22,10000,[6873.885565690778],[167.58176393668163],[0.4258169398597689],-20,0.47225383165623097
9971,0.2501921004903202,0.0,22,10000,[6873.885565690778],[167.58176393668163],[0.4258169398597689],-20,0.47225383165623097
9972,0.3200047187568015,0.0,22,10000,[6873.885565690778],[167.58176393668163],[0.4258169398597689],-20,0.47225383165623097
9973,0.9719010961534743,0.0,22,10000,[6873.885565690778],[167.58176393668163],[0.4258169398597689],-20,0.47225383165623097
9974,0.15299870902001816,0.0,22,10000,[6873.885565690778],[167.58176393668163],[0.4258169398597689],-20,0.47225383165623097
9975,0.11028668464654273,0.0,22,10000,[6873.885565690778],[167.58176393668163],[0.4258169398597689],-20,0.47225383165623097
9976,-0.06347505918152034,0.0,22,10000,[6873.885565690778],[167.58176393668163],[0.4258169398597689],-20,0.47225383165623097
9977,0.061357491768190414,0.0,22,10000,[6873.885565690778],[167.58176393668163],[0.4258169398597689],-20,0.47225383165623097
9978,-0.025973792466435372,0.0,22,10000,[6873.885565690778],[167.58176393668163],[0.4258169398597689],-20,0.47225383165623097
9979,-0.001370531176378423,0.0,22,10000,[6873.885565690778],[167.58176393668163],[0.4258169398597689],-20,0.47225383165623097
9980,-0.29961339523513913,0.0,22,10000,[6873.885565690778],[167.58176393668163],[0.4258169398597689],-20,0.47225383165623097
9981,0.013105266096213949,0.0,22,10000,[6873.885565690778],[167.58176393668163],[0.4258169398597689],-20,0.47225383165623097
9982,-0.05857086752732254,0.0,22,10000,[6873.885565690778],[167.58176393668163],[0.4258169398597689],-20,0.47225383165623097
9983,0.13393613033090446,0.0,22,10000,[6873.885565690778],[167.58176393668163],[0.4258169398597689],-20,0.47225383165623097
9984,-0.6464160981267931,0.0,22,10000,[6873.885565690778],[167.58176393668163],[0.4258169398597689],-20,0.47225383165623097
9985,0.48885508275038736,0.0,22,10000,[6873.885565690778],[167.58176393668163],[0.4258169398597689],-20,0.47225383165623097
9986,0.05998560085362515,0.0,22,10000,[6873.885565690778],[167.58176393668163],[0.4258169398597689],-20,0.47225383165623097
9987,0.6414827186830176,0.0,22,10000,[6873.885565690778],[167.58176393668163],[0.4258169398597689],-20,0.47225383165623097
9988,-0.22387040977797795,0.0,22,10000,[6873.885565690778],[167.58176393668163],[0.4258169398597689],-20,0.47225383165623097
9989,0.00832961127192629,0.0,22,10000,[6873.885565690778],[167.58176393668163],[0.4258169398597689],-20,0.47225383165623097
9990,0.8152555493437966,0.0,22,10000,[6873.885565690778],[167.58176393668163],[0.4258169398597689],-20,0.47225383165623097
9991,0.3295226548897263,0.0,22,10000,[6873.885565690778],[167.58176393668163],[0.4258169398597689],-20,0.47225383165623097
9992,-1.0177775892846426,0.0,22,10000,[6873.885565690778],[167.58176393668163],[0.4258169398597689],-20,0.47225383165623097
9993,-0.28172485968118915,0.0,22,10000,[6873.885565690778],[167.58176393668163],[0.4258169398597689],-20,0.47225383165623097
9994,-0.3900849343397579,0.0,22,10000,[6873.885565690778],[167.58176393668163],[0.4258169398597689],-20,0.47225383165623097
9995,0.39937474198180306,0.0,22,10000,[6873.885565690778],[167.58176393668163],[0.4258169398597689],-20,0.47225383165623097
9996,0.2970252586904941,0.0,22,10000,[6873.885565690778],[167.58176393668163],[0.4258169398597689],-20,0.47225383165623097
9997,-0.4519133870976403,0.0,22,10000,[6873.885565690778],[167.58176393668163],[0.4258169398597689],-20,0.47225383165623097
9998,-0.6236228946904254,0.0,22,10000,[6873.885565690778],[167.58176393668163],[0.4258169398597689],-20,0.47225383165623097
9999,-0.3238733518684984,0.0,22,10000,[6873.885565690778],[167.58176393668163],[0.4258169398597689],-20,0.47225383165623097
