sample,mag_trace,mag_trace_clean,trace_id,trace_length,taue,tauc,shift,SNR,std_n
0,-0.010544434141226305,0.0,4,10000,[118.6213207296033],[2072.1312392225864],[0.994856704345161],20,0.012225003852320776
1,-0.0017072725104510505,0.0,4,10000,[118.6213207296033],[2072.1312392225864],[0.994856704345161],20,0.012225003852320776
2,0.009420520220909055,0.0,4,10000,[118.6213207296033],[2072.1312392225864],[0.994856704345161],20,0.012225003852320776
3,-0.0037935870386208185,0.0,4,10000,[118.6213207296033],[2072.1312392225864],[0.994856704345161],20,0.012225003852320776
4,0.00884746884994408,0.0,4,10000,[118.6213207296033],[2072.1312392225864],[0.994856704345161],20,0.012225003852320776
5,0.023259246339452876,0.0,4,10000,[118.6213207296033],[2072.1312392225864],[0.994856704345161],20,0.012225003852320776
6,-0.02295928284649816,0.0,4,10000,[118.6213207296033],[2072.1312392225864],[0.994856704345161],20,0.012225003852320776
7,0.02018692339850421,0.0,4,10000,[118.6213207296033],[2072.1312392225864],[0.994856704345161],20,0.012225003852320776
8,-0.005969939710994359,0.0,4,10000,[118.6213207296033],[2072.1312392225864],[0.994856704345161],20,0.012225003852320776
9,-0.0008713345077894573,0.0,4,10000,[118.6213207296033],[2072.1312392225864],[0.994856704345161],20,0.012225003852320776
10,-0.014158795098288152,0.0,4,10000,[118.6213207296033],[2072.1312392225864],[0.994856704345161],20,0.012225003852320776
11,0.00755766277947006,0.0,4,10000,[118.6213207296033],[2072.1312392225864],[0.994856704345161],20,0.012225003852320776
12,0.0004858465499618729,0.0,4,10000,[118.6213207296033],[2072.1312392225864],[0.994856704345161],20,0.012225003852320776
13,0.00015697610484389932,0.0,4,10000,[118.6213207296033],[2072.1312392225864],[0.994856704345161],20,0.012225003852320776
14,0.00561774230351376,0.0,4,10000,[118.6213207296033],[2072.1312392225864],[0.994856704345161],20,0.012225003852320776
15,-0.0005602329110574638,0.0,4,10000,[118.6213207296033],[2072.1312392225864],[0.994856704345161],20,0.012225003852320776
16,-0.007861616278644377,0.0,4,10000,[118.6213207296033],[2072.1312392225864],[0.994856704345161],20,0.012225003852320776
17,-0.0019253642037885296,0.0,4,10000,[118.6213207296033],[2072.1312392225864],[0.994856704345161],20,0.012225003852320776
18,0.00046442821808402753,0.0,4,10000,[118.6213207296033],[2072.1312392225864],[0.994856704345161],20,0.012225003852320776
19,-0.005028420575453673,0.0,4,10000,[118.6213207296033],[2072.1312392225864],[0.994856704345161],20,0.012225003852320776
20,0.010751190320465004,0.0,4,10000,[118.6213207296033],[2072.1312392225864],[0.994856704345161],20,0.012225003852320776
21,0.002270809948518403,0.0,4,10000,[118.6213207296033],[2072.1312392225864],[0.994856704345161],20,0.012225003852320776
22,0.007860253186699698,0.0,4,10000,[118.6213207296033],[2072.1312392225864],[0.994856704345161],20,0.012225003852320776
23,-0.004112291033140754,0.0,4,10000,[118.6213207296033],[2072.1312392225864],[0.994856704345161],20,0.012225003852320776
24,0.01571245461967839,0.0,4,10000,[118.6213207296033],[2072.1312392225864],[0.994856704345161],20,0.012225003852320776
25,0.033962960094605726,0.0,4,10000,[118.6213207296033],[2072.1312392225864],[0.994856704345161],20,0.012225003852320776
26,-0.02330172468105439,0.0,4,10000,[118.6213207296033],[2072.1312392225864],[0.994856704345161],20,0.012225003852320776
27,0.011629032226498944,0.0,4,10000,[118.6213207296033],[2072.1312392225864],[0.994856704345161],20,0.012225003852320776
28,-0.016957042591450606,0.0,4,10000,[118.6213207296033],[2072.1312392225864],[0.994856704345161],20,0.012225003852320776
29,-0.02125915927975797,0.0,4,10000,[118.6213207296033],[2072.1312392225864],[0.994856704345161],20,0.012225003852320776
30,0.0006561302548263889,0.0,4,10000,[118.6213207296033],[2072.1312392225864],[0.994856704345161],20,0.012225003852320776
31,-0.006324185257466116,0.0,4,10000,[118.6213207296033],[2072.1312392225864],[0.994856704345161],20,0.012225003852320776
32,-0.015366317330543588,0.0,4,10000,[118.6213207296033],[2072.1312392225864],[0.994856704345161],20,0.012225003852320776
33,0.0022498990162900818,0.0,4,10000,[118.6213207296033],[2072.1312392225864],[0.994856704345161],20,0.012225003852320776
34,-0.0009880937310888527,0.0,4,10000,[118.6213207296033],[2072.1312392225864],[0.994856704345161],20,0.012225003852320776
35,-0.018057784351829802,0.0,4,10000,[118.6213207296033],[2072.1312392225864],[0.994856704345161],20,0.012225003852320776
36,0.012971809410598738,0.0,4,10000,[118.6213207296033],[2072.1312392225864],[0.994856704345161],20,0.012225003852320776
37,-0.0034451879465767343,0.0,4,10000,[118.6213207296033],[2072.1312392225864],[0.994856704345161],20,0.012225003852320776
38,0.006706355641727594,0.0,4,10000,[118.6213207296033],[2072.1312392225864],[0.994856704345161],20,0.012225003852320776
39,-0.013049708525650563,0.0,4,10000,[118.6213207296033],[2072.1312392225864],[0.994856704345161],20,0.012225003852320776
40,0.008569078229059376,0.0,4,10000,[118.6213207296033],[2072.1312392225864],[0.994856704345161],20,0.012225003852320776
41,0.02272185074768776,0.0,4,10000,[118.6213207296033],[2072.1312392225864],[0.994856704345161],20,0.012225003852320776
42,-0.014181469850055126,0.0,4,10000,[118.6213207296033],[2072.1312392225864],[0.994856704345161],20,0.012225003852320776
43,0.0064644509051499524,0.0,4,10000,[118.6213207296033],[2072.1312392225864],[0.994856704345161],20,0.012225003852320776
44,-0.0021013102655507462,0.0,4,10000,[118.6213207296033],[2072.1312392225864],[0.994856704345161],20,0.012225003852320776
45,0.02306343194309758,0.0,4,10000,[118.6213207296033],[2072.1312392225864],[0.994856704345161],20,0.012225003852320776
46,0.004240627937701794,0.0,4,10000,[118.6213207296033],[2072.1312392225864],[0.994856704345161],20,0.012225003852320776
47,0.013871806108209678,0.0,4,10000,[118.6213207296033],[2072.1312392225864],[0.994856704345161],20,0.012225003852320776
48,-0.010259187828017489,0.0,4,10000,[118.6213207296033],[2072.1312392225864],[0.994856704345161],20,0.012225003852320776
49,-0.02116385745689831,0.0,4,10000,[118.6213207296033],[2072.1312392225864],[0.994856704345161],20,0.012225003852320776
50,0.011749478949360683,0.0,4,10000,[118.6213207296033],[2072.1312392225864],[0.994856704345161],20,0.012225003852320776
51,0.019256551439232227,0.0,4,10000,[118.6213207296033],[2072.1312392225864],[0.994856704345161],20,0.012225003852320776
52,0.016405502135942416,0.0,4,10000,[118.6213207296033],[2072.1312392225864],[0.994856704345161],20,0.012225003852320776
53,0.025089287338586938,0.0,4,10000,[118.6213207296033],[2072.1312392225864],[0.994856704345161],20,0.012225003852320776
54,-0.009155651900635433,0.0,4,10000,[118.6213207296033],[2072.1312392225864],[0.994856704345161],20,0.012225003852320776
55,0.004120472148467621,0.0,4,10000,[118.6213207296033],[2072.1312392225864],[0.994856704345161],20,0.012225003852320776
56,0.012576900190816018,0.0,4,10000,[118.6213207296033],[2072.1312392225864],[0.994856704345161],20,0.012225003852320776
57,-0.011531338229192438,0.0,4,10000,[118.6213207296033],[2072.1312392225864],[0.994856704345161],20,0.012225003852320776
58,0.02420631502832035,0.0,4,10000,[118.6213207296033],[2072.1312392225864],[0.994856704345161],20,0.012225003852320776
59,0.013520183185880412,0.0,4,10000,[118.6213207296033],[2072.1312392225864],[0.994856704345161],20,0.012225003852320776
60,0.024944008758885028,0.0,4,10000,[118.6213207296033],[2072.1312392225864],[0.994856704345161],20,0.012225003852320776
61,0.000473423857866831,0.0,4,10000,[118.6213207296033],[2072.1312392225864],[0.994856704345161],20,0.012225003852320776
62,-0.0036645090371008686,0.0,4,10000,[118.6213207296033],[2072.1312392225864],[0.994856704345161],20,0.012225003852320776
63,0.027482964105455948,0.0,4,10000,[118.6213207296033],[2072.1312392225864],[0.994856704345161],20,0.012225003852320776
64,0.003286970354304529,0.0,4,10000,[118.6213207296033],[2072.1312392225864],[0.994856704345161],20,0.012225003852320776
65,0.02051817643224394,0.0,4,10000,[118.6213207296033],[2072.1312392225864],[0.994856704345161],20,0.012225003852320776
66,0.011483504880011375,0.0,4,10000,[118.6213207296033],[2072.1312392225864],[0.994856704345161],20,0.012225003852320776
67,-0.003916511778955359,0.0,4,10000,[118.6213207296033],[2072.1312392225864],[0.994856704345161],20,0.012225003852320776
68,-0.0048926174468804685,0.0,4,10000,[118.6213207296033],[2072.1312392225864],[0.994856704345161],20,0.012225003852320776
69,-0.020974836042318288,0.0,4,10000,[118.6213207296033],[2072.1312392225864],[0.994856704345161],20,0.012225003852320776
70,-0.004006707428745061,0.0,4,10000,[118.6213207296033],[2072.1312392225864],[0.994856704345161],20,0.012225003852320776
71,-0.008420238962169023,0.0,4,10000,[118.6213207296033],[2072.1312392225864],[0.994856704345161],20,0.012225003852320776
72,0.00027719280223702355,0.0,4,10000,[118.6213207296033],[2072.1312392225864],[0.994856704345161],20,0.012225003852320776
73,-0.00746130636238642,0.0,4,10000,[118.6213207296033],[2072.1312392225864],[0.994856704345161],20,0.012225003852320776
74,-0.002634424378540973,0.0,4,10000,[118.6213207296033],[2072.1312392225864],[0.994856704345161],20,0.012225003852320776
75,0.010786458009088281,0.0,4,10000,[118.6213207296033],[2072.1312392225864],[0.994856704345161],20,0.012225003852320776
76,0.014039127120357991,0.0,4,10000,[118.6213207296033],[2072.1312392225864],[0.994856704345161],20,0.012225003852320776
77,-0.012471839949695992,0.0,4,10000,[118.6213207296033],[2072.1312392225864],[0.994856704345161],20,0.012225003852320776
78,0.011461495392219792,0.0,4,10000,[118.6213207296033],[2072.1312392225864],[0.994856704345161],20,0.012225003852320776
79,-0.0023912674102949567,0.0,4,10000,[118.6213207296033],[2072.1312392225864],[0.994856704345161],20,0.012225003852320776
80,0.0037585584025450858,0.0,4,10000,[118.6213207296033],[2072.1312392225864],[0.994856704345161],20,0.012225003852320776
81,0.0233560276294433,0.0,4,10000,[118.6213207296033],[2072.1312392225864],[0.994856704345161],20,0.012225003852320776
82,0.00526355959526027,0.0,4,10000,[118.6213207296033],[2072.1312392225864],[0.994856704345161],20,0.012225003852320776
83,-0.0023821284611731095,0.0,4,10000,[118.6213207296033],[2072.1312392225864],[0.994856704345161],20,0.012225003852320776
84,0.00487129133980734,0.0,4,10000,[118.6213207296033],[2072.1312392225864],[0.994856704345161],20,0.012225003852320776
85,0.0001307142083207852,0.0,4,10000,[118.6213207296033],[2072.1312392225864],[0.994856704345161],20,0.012225003852320776
86,-0.0005736893986572289,0.0,4,10000,[118.6213207296033],[2072.1312392225864],[0.994856704345161],20,0.012225003852320776
87,-0.0025371590638687646,0.0,4,10000,[118.6213207296033],[2072.1312392225864],[0.994856704345161],20,0.012225003852320776
88,-0.0021361904299397306,0.0,4,10000,[118.6213207296033],[2072.1312392225864],[0.994856704345161],20,0.012225003852320776
89,0.005012635929207371,0.0,4,10000,[118.6213207296033],[2072.1312392225864],[0.994856704345161],20,0.012225003852320776
90,-0.03313524722668129,0.0,4,10000,[118.6213207296033],[2072.1312392225864],[0.994856704345161],20,0.012225003852320776
91,0.01745931767674979,0.0,4,10000,[118.6213207296033],[2072.1312392225864],[0.994856704345161],20,0.012225003852320776
92,-0.004528788814087187,0.0,4,10000,[118.6213207296033],[2072.1312392225864],[0.994856704345161],20,0.012225003852320776
93,0.003353432559458352,0.0,4,10000,[118.6213207296033],[2072.1312392225864],[0.994856704345161],20,0.012225003852320776
94,-0.023392562719497332,0.0,4,10000,[118.6213207296033],[2072.1312392225864],[0.994856704345161],20,0.012225003852320776
95,-0.008363639305849758,0.0,4,10000,[118.6213207296033],[2072.1312392225864],[0.994856704345161],20,0.012225003852320776
96,-0.008443599338426653,0.0,4,10000,[118.6213207296033],[2072.1312392225864],[0.994856704345161],20,0.012225003852320776
97,0.008107552060495127,0.0,4,10000,[118.6213207296033],[2072.1312392225864],[0.994856704345161],20,0.012225003852320776
98,-0.014175003741153713,0.0,4,10000,[118.6213207296033],[2072.1312392225864],[0.994856704345161],20,0.012225003852320776
99,0.011147552041497978,0.0,4,10000,[118.6213207296033],[2072.1312392225864],[0.994856704345161],20,0.012225003852320776
100,0.00979271519125826,0.0,4,10000,[118.6213207296033],[2072.1312392225864],[0.994856704345161],20,0.012225003852320776
101,0.00869893779926254,0.0,4,10000,[118.6213207296033],[2072.1312392225864],[0.994856704345161],20,0.012225003852320776
102,-0.0033339760283288703,0.0,4,10000,[118.6213207296033],[2072.1312392225864],[0.994856704345161],20,0.012225003852320776
103,0.006602358410407254,0.0,4,10000,[118.6213207296033],[2072.1312392225864],[0.994856704345161],20,0.012225003852320776
104,0.029786913954990935,0.0,4,10000,[118.6213207296033],[2072.1312392225864],[0.994856704345161],20,0.012225003852320776
105,-0.006418675968134431,0.0,4,10000,[118.6213207296033],[2072.1312392225864],[0.994856704345161],20,0.012225003852320776
106,0.005223381039619074,0.0,4,10000,[118.6213207296033],[2072.1312392225864],[0.994856704345161],20,0.012225003852320776
107,-0.0060416389281671996,0.0,4,10000,[118.6213207296033],[2072.1312392225864],[0.994856704345161],20,0.012225003852320776
108,-0.0023202934522916175,0.0,4,10000,[118.6213207296033],[2072.1312392225864],[0.994856704345161],20,0.012225003852320776
109,-0.006091828337671215,0.0,4,10000,[118.6213207296033],[2072.1312392225864],[0.994856704345161],20,0.012225003852320776
110,0.011097008599883034,0.0,4,10000,[118.6213207296033],[2072.1312392225864],[0.994856704345161],20,0.012225003852320776
111,0.0034422836687636126,0.0,4,10000,[118.6213207296033],[2072.1312392225864],[0.994856704345161],20,0.012225003852320776
112,-0.0019665621083428918,0.0,4,10000,[118.6213207296033],[2072.1312392225864],[0.994856704345161],20,0.012225003852320776
113,-0.0027881051332439392,0.0,4,10000,[118.6213207296033],[2072.1312392225864],[0.994856704345161],20,0.012225003852320776
114,0.022902551373950097,0.0,4,10000,[118.6213207296033],[2072.1312392225864],[0.994856704345161],20,0.012225003852320776
115,-0.015139077206633364,0.0,4,10000,[118.6213207296033],[2072.1312392225864],[0.994856704345161],20,0.012225003852320776
116,0.005199176316162555,0.0,4,10000,[118.6213207296033],[2072.1312392225864],[0.994856704345161],20,0.012225003852320776
117,-0.0020619860830905787,0.0,4,10000,[118.6213207296033],[2072.1312392225864],[0.994856704345161],20,0.012225003852320776
118,0.013158108003059865,0.0,4,10000,[118.6213207296033],[2072.1312392225864],[0.994856704345161],20,0.012225003852320776
119,0.007418777855631003,0.0,4,10000,[118.6213207296033],[2072.1312392225864],[0.994856704345161],20,0.012225003852320776
120,0.007408977866299065,0.0,4,10000,[118.6213207296033],[2072.1312392225864],[0.994856704345161],20,0.012225003852320776
121,-0.011113364671914209,0.0,4,10000,[118.6213207296033],[2072.1312392225864],[0.994856704345161],20,0.012225003852320776
122,0.0058345379915080604,0.0,4,10000,[118.6213207296033],[2072.1312392225864],[0.994856704345161],20,0.012225003852320776
123,0.016864812416532794,0.0,4,10000,[118.6213207296033],[2072.1312392225864],[0.994856704345161],20,0.012225003852320776
124,-0.014327440702491503,0.0,4,10000,[118.6213207296033],[2072.1312392225864],[0.994856704345161],20,0.012225003852320776
125,0.0020516644570118528,0.0,4,10000,[118.6213207296033],[2072.1312392225864],[0.994856704345161],20,0.012225003852320776
126,0.0037573437728860514,0.0,4,10000,[118.6213207296033],[2072.1312392225864],[0.994856704345161],20,0.012225003852320776
127,-0.0022912596563305645,0.0,4,10000,[118.6213207296033],[2072.1312392225864],[0.994856704345161],20,0.012225003852320776
128,0.0024077056911803894,0.0,4,10000,[118.6213207296033],[2072.1312392225864],[0.994856704345161],20,0.012225003852320776
129,-0.006035168623432398,0.0,4,10000,[118.6213207296033],[2072.1312392225864],[0.994856704345161],20,0.012225003852320776
130,-0.010039218569776348,0.0,4,10000,[118.6213207296033],[2072.1312392225864],[0.994856704345161],20,0.012225003852320776
131,-0.023903658570579144,0.0,4,10000,[118.6213207296033],[2072.1312392225864],[0.994856704345161],20,0.012225003852320776
132,0.0138951672835556,0.0,4,10000,[118.6213207296033],[2072.1312392225864],[0.994856704345161],20,0.012225003852320776
133,-0.008378793808652864,0.0,4,10000,[118.6213207296033],[2072.1312392225864],[0.994856704345161],20,0.012225003852320776
134,-0.0038602545211171573,0.0,4,10000,[118.6213207296033],[2072.1312392225864],[0.994856704345161],20,0.012225003852320776
135,0.0045512482427472216,0.0,4,10000,[118.6213207296033],[2072.1312392225864],[0.994856704345161],20,0.012225003852320776
136,-0.00017876186670511243,0.0,4,10000,[118.6213207296033],[2072.1312392225864],[0.994856704345161],20,0.012225003852320776
137,-0.02508008056332613,0.0,4,10000,[118.6213207296033],[2072.1312392225864],[0.994856704345161],20,0.012225003852320776
138,-0.017635184965357546,0.0,4,10000,[118.6213207296033],[2072.1312392225864],[0.994856704345161],20,0.012225003852320776
139,0.00017976765611820905,0.0,4,10000,[118.6213207296033],[2072.1312392225864],[0.994856704345161],20,0.012225003852320776
140,-0.004408045243150941,0.0,4,10000,[118.6213207296033],[2072.1312392225864],[0.994856704345161],20,0.012225003852320776
141,-0.027391860636854812,0.0,4,10000,[118.6213207296033],[2072.1312392225864],[0.994856704345161],20,0.012225003852320776
142,0.006560263181576078,0.0,4,10000,[118.6213207296033],[2072.1312392225864],[0.994856704345161],20,0.012225003852320776
143,-0.007874833001159971,0.0,4,10000,[118.6213207296033],[2072.1312392225864],[0.994856704345161],20,0.012225003852320776
144,0.000915839921005509,0.0,4,10000,[118.6213207296033],[2072.1312392225864],[0.994856704345161],20,0.012225003852320776
145,-0.00097432520044605,0.0,4,10000,[118.6213207296033],[2072.1312392225864],[0.994856704345161],20,0.012225003852320776
146,0.014515764755935816,0.0,4,10000,[118.6213207296033],[2072.1312392225864],[0.994856704345161],20,0.012225003852320776
147,0.01237758888166063,0.0,4,10000,[118.6213207296033],[2072.1312392225864],[0.994856704345161],20,0.012225003852320776
148,-0.009479467076962603,0.0,4,10000,[118.6213207296033],[2072.1312392225864],[0.994856704345161],20,0.012225003852320776
149,0.00671967651944767,0.0,4,10000,[118.6213207296033],[2072.1312392225864],[0.994856704345161],20,0.012225003852320776
150,0.002098156270237577,0.0,4,10000,[118.6213207296033],[2072.1312392225864],[0.994856704345161],20,0.012225003852320776
151,-0.025182413692838457,0.0,4,10000,[118.6213207296033],[2072.1312392225864],[0.994856704345161],20,0.012225003852320776
152,-0.013134117197414108,0.0,4,10000,[118.6213207296033],[2072.1312392225864],[0.994856704345161],20,0.012225003852320776
153,-0.01537307185406857,0.0,4,10000,[118.6213207296033],[2072.1312392225864],[0.994856704345161],20,0.012225003852320776
154,0.00023573044379268112,0.0,4,10000,[118.6213207296033],[2072.1312392225864],[0.994856704345161],20,0.012225003852320776
155,-0.00400595000236078,0.0,4,10000,[118.6213207296033],[2072.1312392225864],[0.994856704345161],20,0.012225003852320776
156,0.009779447748573119,0.0,4,10000,[118.6213207296033],[2072.1312392225864],[0.994856704345161],20,0.012225003852320776
157,0.002922493817768359,0.0,4,10000,[118.6213207296033],[2072.1312392225864],[0.994856704345161],20,0.012225003852320776
158,0.005360480713887874,0.0,4,10000,[118.6213207296033],[2072.1312392225864],[0.994856704345161],20,0.012225003852320776
159,-0.006701692940276088,0.0,4,10000,[118.6213207296033],[2072.1312392225864],[0.994856704345161],20,0.012225003852320776
160,-0.002080702275178892,0.0,4,10000,[118.6213207296033],[2072.1312392225864],[0.994856704345161],20,0.012225003852320776
161,0.0028631438032451144,0.0,4,10000,[118.6213207296033],[2072.1312392225864],[0.994856704345161],20,0.012225003852320776
162,0.008599064050444808,0.0,4,10000,[118.6213207296033],[2072.1312392225864],[0.994856704345161],20,0.012225003852320776
163,0.019158867865217883,0.0,4,10000,[118.6213207296033],[2072.1312392225864],[0.994856704345161],20,0.012225003852320776
164,0.0039874803963054995,0.0,4,10000,[118.6213207296033],[2072.1312392225864],[0.994856704345161],20,0.012225003852320776
165,0.0064324358501298,0.0,4,10000,[118.6213207296033],[2072.1312392225864],[0.994856704345161],20,0.012225003852320776
166,0.01303534948311908,0.0,4,10000,[118.6213207296033],[2072.1312392225864],[0.994856704345161],20,0.012225003852320776
167,0.004923875937431164,0.0,4,10000,[118.6213207296033],[2072.1312392225864],[0.994856704345161],20,0.012225003852320776
168,0.002937655398222636,0.0,4,10000,[118.6213207296033],[2072.1312392225864],[0.994856704345161],20,0.012225003852320776
169,-0.0025631615529599686,0.0,4,10000,[118.6213207296033],[2072.1312392225864],[0.994856704345161],20,0.012225003852320776
170,0.006144437302487353,0.0,4,10000,[118.6213207296033],[2072.1312392225864],[0.994856704345161],20,0.012225003852320776
171,0.015008657522762129,0.0,4,10000,[118.6213207296033],[2072.1312392225864],[0.994856704345161],20,0.012225003852320776
172,-0.005522250079115752,0.0,4,10000,[118.6213207296033],[2072.1312392225864],[0.994856704345161],20,0.012225003852320776
173,-0.003055954464524027,0.0,4,10000,[118.6213207296033],[2072.1312392225864],[0.994856704345161],20,0.012225003852320776
174,0.012211931502419959,0.0,4,10000,[118.6213207296033],[2072.1312392225864],[0.994856704345161],20,0.012225003852320776
175,0.004400679610772393,0.0,4,10000,[118.6213207296033],[2072.1312392225864],[0.994856704345161],20,0.012225003852320776
176,0.019041692069154105,0.0,4,10000,[118.6213207296033],[2072.1312392225864],[0.994856704345161],20,0.012225003852320776
177,-0.003334819748577121,0.0,4,10000,[118.6213207296033],[2072.1312392225864],[0.994856704345161],20,0.012225003852320776
178,0.01666931586627366,0.0,4,10000,[118.6213207296033],[2072.1312392225864],[0.994856704345161],20,0.012225003852320776
179,-0.008943139355561224,0.0,4,10000,[118.6213207296033],[2072.1312392225864],[0.994856704345161],20,0.012225003852320776
180,-0.010704797350614914,0.0,4,10000,[118.6213207296033],[2072.1312392225864],[0.994856704345161],20,0.012225003852320776
181,0.010136645451962162,0.0,4,10000,[118.6213207296033],[2072.1312392225864],[0.994856704345161],20,0.012225003852320776
182,-0.013287212264028486,0.0,4,10000,[118.6213207296033],[2072.1312392225864],[0.994856704345161],20,0.012225003852320776
183,0.00581681225287821,0.0,4,10000,[118.6213207296033],[2072.1312392225864],[0.994856704345161],20,0.012225003852320776
184,0.0016327276919412292,0.0,4,10000,[118.6213207296033],[2072.1312392225864],[0.994856704345161],20,0.012225003852320776
185,-0.03727562224177097,0.0,4,10000,[118.6213207296033],[2072.1312392225864],[0.994856704345161],20,0.012225003852320776
186,-0.004057787048488957,0.0,4,10000,[118.6213207296033],[2072.1312392225864],[0.994856704345161],20,0.012225003852320776
187,0.010410150372446567,0.0,4,10000,[118.6213207296033],[2072.1312392225864],[0.994856704345161],20,0.012225003852320776
188,0.0035167142373056597,0.0,4,10000,[118.6213207296033],[2072.1312392225864],[0.994856704345161],20,0.012225003852320776
189,-0.004378592413751801,0.0,4,10000,[118.6213207296033],[2072.1312392225864],[0.994856704345161],20,0.012225003852320776
190,0.00344381987556129,0.0,4,10000,[118.6213207296033],[2072.1312392225864],[0.994856704345161],20,0.012225003852320776
191,-0.0016032667135928039,0.0,4,10000,[118.6213207296033],[2072.1312392225864],[0.994856704345161],20,0.012225003852320776
192,-0.02352653956307319,0.0,4,10000,[118.6213207296033],[2072.1312392225864],[0.994856704345161],20,0.012225003852320776
193,0.0009596403499691703,0.0,4,10000,[118.6213207296033],[2072.1312392225864],[0.994856704345161],20,0.012225003852320776
194,-0.010706437526431009,0.0,4,10000,[118.6213207296033],[2072.1312392225864],[0.994856704345161],20,0.012225003852320776
195,-0.0006074769565030524,0.0,4,10000,[118.6213207296033],[2072.1312392225864],[0.994856704345161],20,0.012225003852320776
196,0.008271740021579457,0.0,4,10000,[118.6213207296033],[2072.1312392225864],[0.994856704345161],20,0.012225003852320776
197,-0.0086659725465378,0.0,4,10000,[118.6213207296033],[2072.1312392225864],[0.994856704345161],20,0.012225003852320776
198,-0.009058958783321027,0.0,4,10000,[118.6213207296033],[2072.1312392225864],[0.994856704345161],20,0.012225003852320776
199,-0.008880373298109602,0.0,4,10000,[118.6213207296033],[2072.1312392225864],[0.994856704345161],20,0.012225003852320776
200,0.00767333418132678,0.0,4,10000,[118.6213207296033],[2072.1312392225864],[0.994856704345161],20,0.012225003852320776
201,-0.010687569077502684,0.0,4,10000,[118.6213207296033],[2072.1312392225864],[0.994856704345161],20,0.012225003852320776
202,-0.0038407048272025876,0.0,4,10000,[118.6213207296033],[2072.1312392225864],[0.994856704345161],20,0.012225003852320776
203,0.004839402416213854,0.0,4,10000,[118.6213207296033],[2072.1312392225864],[0.994856704345161],20,0.012225003852320776
204,0.010243596779397816,0.0,4,10000,[118.6213207296033],[2072.1312392225864],[0.994856704345161],20,0.012225003852320776
205,-0.013726592117339386,0.0,4,10000,[118.6213207296033],[2072.1312392225864],[0.994856704345161],20,0.012225003852320776
206,0.00709039632954486,0.0,4,10000,[118.6213207296033],[2072.1312392225864],[0.994856704345161],20,0.012225003852320776
207,-0.009458552264917252,0.0,4,10000,[118.6213207296033],[2072.1312392225864],[0.994856704345161],20,0.012225003852320776
208,0.01095741979561652,0.0,4,10000,[118.6213207296033],[2072.1312392225864],[0.994856704345161],20,0.012225003852320776
209,-0.004430591515201876,0.0,4,10000,[118.6213207296033],[2072.1312392225864],[0.994856704345161],20,0.012225003852320776
210,-0.026018407838532782,0.0,4,10000,[118.6213207296033],[2072.1312392225864],[0.994856704345161],20,0.012225003852320776
211,0.00453783699453448,0.0,4,10000,[118.6213207296033],[2072.1312392225864],[0.994856704345161],20,0.012225003852320776
212,-0.010691835129402142,0.0,4,10000,[118.6213207296033],[2072.1312392225864],[0.994856704345161],20,0.012225003852320776
213,0.0025440429248167378,0.0,4,10000,[118.6213207296033],[2072.1312392225864],[0.994856704345161],20,0.012225003852320776
214,0.005611654268182373,0.0,4,10000,[118.6213207296033],[2072.1312392225864],[0.994856704345161],20,0.012225003852320776
215,-0.007189585818297183,0.0,4,10000,[118.6213207296033],[2072.1312392225864],[0.994856704345161],20,0.012225003852320776
216,-0.015158334804100481,0.0,4,10000,[118.6213207296033],[2072.1312392225864],[0.994856704345161],20,0.012225003852320776
217,0.024686789724286725,0.0,4,10000,[118.6213207296033],[2072.1312392225864],[0.994856704345161],20,0.012225003852320776
218,-0.011475114176954009,0.0,4,10000,[118.6213207296033],[2072.1312392225864],[0.994856704345161],20,0.012225003852320776
219,0.002170746751425961,0.0,4,10000,[118.6213207296033],[2072.1312392225864],[0.994856704345161],20,0.012225003852320776
220,0.019489707518124563,0.0,4,10000,[118.6213207296033],[2072.1312392225864],[0.994856704345161],20,0.012225003852320776
221,-0.007258920112305596,0.0,4,10000,[118.6213207296033],[2072.1312392225864],[0.994856704345161],20,0.012225003852320776
222,-0.008838737876788166,0.0,4,10000,[118.6213207296033],[2072.1312392225864],[0.994856704345161],20,0.012225003852320776
223,-0.007852623017939112,0.0,4,10000,[118.6213207296033],[2072.1312392225864],[0.994856704345161],20,0.012225003852320776
224,-0.008037336807967728,0.0,4,10000,[118.6213207296033],[2072.1312392225864],[0.994856704345161],20,0.012225003852320776
225,-0.0035859209198502895,0.0,4,10000,[118.6213207296033],[2072.1312392225864],[0.994856704345161],20,0.012225003852320776
226,0.011901518880474209,0.0,4,10000,[118.6213207296033],[2072.1312392225864],[0.994856704345161],20,0.012225003852320776
227,-0.005589817638894626,0.0,4,10000,[118.6213207296033],[2072.1312392225864],[0.994856704345161],20,0.012225003852320776
228,0.000998590813172435,0.0,4,10000,[118.6213207296033],[2072.1312392225864],[0.994856704345161],20,0.012225003852320776
229,-0.01316686727981888,0.0,4,10000,[118.6213207296033],[2072.1312392225864],[0.994856704345161],20,0.012225003852320776
230,0.001821554079853112,0.0,4,10000,[118.6213207296033],[2072.1312392225864],[0.994856704345161],20,0.012225003852320776
231,0.015231215692223351,0.0,4,10000,[118.6213207296033],[2072.1312392225864],[0.994856704345161],20,0.012225003852320776
232,-0.007047342588017435,0.0,4,10000,[118.6213207296033],[2072.1312392225864],[0.994856704345161],20,0.012225003852320776
233,-0.009861331994187157,0.0,4,10000,[118.6213207296033],[2072.1312392225864],[0.994856704345161],20,0.012225003852320776
234,0.0025105871819519525,0.0,4,10000,[118.6213207296033],[2072.1312392225864],[0.994856704345161],20,0.012225003852320776
235,0.004160520523437452,0.0,4,10000,[118.6213207296033],[2072.1312392225864],[0.994856704345161],20,0.012225003852320776
236,0.012857389331057586,0.0,4,10000,[118.6213207296033],[2072.1312392225864],[0.994856704345161],20,0.012225003852320776
237,0.0038987494258424333,0.0,4,10000,[118.6213207296033],[2072.1312392225864],[0.994856704345161],20,0.012225003852320776
238,0.014179169040396036,0.0,4,10000,[118.6213207296033],[2072.1312392225864],[0.994856704345161],20,0.012225003852320776
239,-0.011531832456413572,0.0,4,10000,[118.6213207296033],[2072.1312392225864],[0.994856704345161],20,0.012225003852320776
240,0.007435140046400295,0.0,4,10000,[118.6213207296033],[2072.1312392225864],[0.994856704345161],20,0.012225003852320776
241,0.01871290990879036,0.0,4,10000,[118.6213207296033],[2072.1312392225864],[0.994856704345161],20,0.012225003852320776
242,0.014953397657933642,0.0,4,10000,[118.6213207296033],[2072.1312392225864],[0.994856704345161],20,0.012225003852320776
243,0.006574804327348661,0.0,4,10000,[118.6213207296033],[2072.1312392225864],[0.994856704345161],20,0.012225003852320776
244,0.02377600081945978,0.0,4,10000,[118.6213207296033],[2072.1312392225864],[0.994856704345161],20,0.012225003852320776
245,0.016840749879591135,0.0,4,10000,[118.6213207296033],[2072.1312392225864],[0.994856704345161],20,0.012225003852320776
246,-0.003739536366478946,0.0,4,10000,[118.6213207296033],[2072.1312392225864],[0.994856704345161],20,0.012225003852320776
247,0.014123816312966705,0.0,4,10000,[118.6213207296033],[2072.1312392225864],[0.994856704345161],20,0.012225003852320776
248,-0.0013669597158564239,0.0,4,10000,[118.6213207296033],[2072.1312392225864],[0.994856704345161],20,0.012225003852320776
249,-0.00850025952559784,0.0,4,10000,[118.6213207296033],[2072.1312392225864],[0.994856704345161],20,0.012225003852320776
250,0.007177374562526565,0.0,4,10000,[118.6213207296033],[2072.1312392225864],[0.994856704345161],20,0.012225003852320776
251,0.0040501129289711064,0.0,4,10000,[118.6213207296033],[2072.1312392225864],[0.994856704345161],20,0.012225003852320776
252,0.016884189811527856,0.0,4,10000,[118.6213207296033],[2072.1312392225864],[0.994856704345161],20,0.012225003852320776
253,-0.009690714012747592,0.0,4,10000,[118.6213207296033],[2072.1312392225864],[0.994856704345161],20,0.012225003852320776
254,0.0169246397726886,0.0,4,10000,[118.6213207296033],[2072.1312392225864],[0.994856704345161],20,0.012225003852320776
255,-0.0045993056099724785,0.0,4,10000,[118.6213207296033],[2072.1312392225864],[0.994856704345161],20,0.012225003852320776
256,-0.0016942349788844485,0.0,4,10000,[118.6213207296033],[2072.1312392225864],[0.994856704345161],20,0.012225003852320776
257,-0.0016317984179503755,0.0,4,10000,[118.6213207296033],[2072.1312392225864],[0.994856704345161],20,0.012225003852320776
258,-0.018799760632489282,0.0,4,10000,[118.6213207296033],[2072.1312392225864],[0.994856704345161],20,0.012225003852320776
259,0.0034905107019526614,0.0,4,10000,[118.6213207296033],[2072.1312392225864],[0.994856704345161],20,0.012225003852320776
260,-0.0018787875157829479,0.0,4,10000,[118.6213207296033],[2072.1312392225864],[0.994856704345161],20,0.012225003852320776
261,0.013190435744132012,0.0,4,10000,[118.6213207296033],[2072.1312392225864],[0.994856704345161],20,0.012225003852320776
262,-0.01103243426298757,0.0,4,10000,[118.6213207296033],[2072.1312392225864],[0.994856704345161],20,0.012225003852320776
263,0.004795486705962499,0.0,4,10000,[118.6213207296033],[2072.1312392225864],[0.994856704345161],20,0.012225003852320776
264,0.025035586634634163,0.0,4,10000,[118.6213207296033],[2072.1312392225864],[0.994856704345161],20,0.012225003852320776
265,0.024946637653170685,0.0,4,10000,[118.6213207296033],[2072.1312392225864],[0.994856704345161],20,0.012225003852320776
266,0.004586975073002625,0.0,4,10000,[118.6213207296033],[2072.1312392225864],[0.994856704345161],20,0.012225003852320776
267,-0.004667105002246463,0.0,4,10000,[118.6213207296033],[2072.1312392225864],[0.994856704345161],20,0.012225003852320776
268,-0.00015814671174054485,0.0,4,10000,[118.6213207296033],[2072.1312392225864],[0.994856704345161],20,0.012225003852320776
269,-0.0010561156621333883,0.0,4,10000,[118.6213207296033],[2072.1312392225864],[0.994856704345161],20,0.012225003852320776
270,-0.012350229308926474,0.0,4,10000,[118.6213207296033],[2072.1312392225864],[0.994856704345161],20,0.012225003852320776
271,0.0028260787834128395,0.0,4,10000,[118.6213207296033],[2072.1312392225864],[0.994856704345161],20,0.012225003852320776
272,-0.01920544317146171,0.0,4,10000,[118.6213207296033],[2072.1312392225864],[0.994856704345161],20,0.012225003852320776
273,-0.01588806092004626,0.0,4,10000,[118.6213207296033],[2072.1312392225864],[0.994856704345161],20,0.012225003852320776
274,0.016241487821033688,0.0,4,10000,[118.6213207296033],[2072.1312392225864],[0.994856704345161],20,0.012225003852320776
275,-0.00978103092877004,0.0,4,10000,[118.6213207296033],[2072.1312392225864],[0.994856704345161],20,0.012225003852320776
276,0.0021857542893462052,0.0,4,10000,[118.6213207296033],[2072.1312392225864],[0.994856704345161],20,0.012225003852320776
277,0.00014059205905048755,0.0,4,10000,[118.6213207296033],[2072.1312392225864],[0.994856704345161],20,0.012225003852320776
278,0.0031156222737691963,0.0,4,10000,[118.6213207296033],[2072.1312392225864],[0.994856704345161],20,0.012225003852320776
279,0.008757357617046409,0.0,4,10000,[118.6213207296033],[2072.1312392225864],[0.994856704345161],20,0.012225003852320776
280,-0.00947258290669077,0.0,4,10000,[118.6213207296033],[2072.1312392225864],[0.994856704345161],20,0.012225003852320776
281,0.010465764866985885,0.0,4,10000,[118.6213207296033],[2072.1312392225864],[0.994856704345161],20,0.012225003852320776
282,0.014493447486627507,0.0,4,10000,[118.6213207296033],[2072.1312392225864],[0.994856704345161],20,0.012225003852320776
283,-0.01960728814585952,0.0,4,10000,[118.6213207296033],[2072.1312392225864],[0.994856704345161],20,0.012225003852320776
284,0.00040551075122809165,0.0,4,10000,[118.6213207296033],[2072.1312392225864],[0.994856704345161],20,0.012225003852320776
285,0.00705407357077998,0.0,4,10000,[118.6213207296033],[2072.1312392225864],[0.994856704345161],20,0.012225003852320776
286,0.006108952773292074,0.0,4,10000,[118.6213207296033],[2072.1312392225864],[0.994856704345161],20,0.012225003852320776
287,-0.01722713902218549,0.0,4,10000,[118.6213207296033],[2072.1312392225864],[0.994856704345161],20,0.012225003852320776
288,0.0024709859818410384,0.0,4,10000,[118.6213207296033],[2072.1312392225864],[0.994856704345161],20,0.012225003852320776
289,-0.002843865931899891,0.0,4,10000,[118.6213207296033],[2072.1312392225864],[0.994856704345161],20,0.012225003852320776
290,-1.90664417678287e-06,0.0,4,10000,[118.6213207296033],[2072.1312392225864],[0.994856704345161],20,0.012225003852320776
291,-0.005234730948394476,0.0,4,10000,[118.6213207296033],[2072.1312392225864],[0.994856704345161],20,0.012225003852320776
292,-0.009777567454595806,0.0,4,10000,[118.6213207296033],[2072.1312392225864],[0.994856704345161],20,0.012225003852320776
293,0.009377045644809252,0.0,4,10000,[118.6213207296033],[2072.1312392225864],[0.994856704345161],20,0.012225003852320776
294,-0.012245279511288001,0.0,4,10000,[118.6213207296033],[2072.1312392225864],[0.994856704345161],20,0.012225003852320776
295,0.018629656515543692,0.0,4,10000,[118.6213207296033],[2072.1312392225864],[0.994856704345161],20,0.012225003852320776
296,-0.008877501496311441,0.0,4,10000,[118.6213207296033],[2072.1312392225864],[0.994856704345161],20,0.012225003852320776
297,-0.01150211456534619,0.0,4,10000,[118.6213207296033],[2072.1312392225864],[0.994856704345161],20,0.012225003852320776
298,-0.021684463459345278,0.0,4,10000,[118.6213207296033],[2072.1312392225864],[0.994856704345161],20,0.012225003852320776
299,0.010214013216182193,0.0,4,10000,[118.6213207296033],[2072.1312392225864],[0.994856704345161],20,0.012225003852320776
300,-0.008061296470864145,0.0,4,10000,[118.6213207296033],[2072.1312392225864],[0.994856704345161],20,0.012225003852320776
301,-0.000538559992242211,0.0,4,10000,[118.6213207296033],[2072.1312392225864],[0.994856704345161],20,0.012225003852320776
302,-0.002997295752459849,0.0,4,10000,[118.6213207296033],[2072.1312392225864],[0.994856704345161],20,0.012225003852320776
303,-0.018524151698039493,0.0,4,10000,[118.6213207296033],[2072.1312392225864],[0.994856704345161],20,0.012225003852320776
304,0.017155124139737486,0.0,4,10000,[118.6213207296033],[2072.1312392225864],[0.994856704345161],20,0.012225003852320776
305,-0.0030833741688252843,0.0,4,10000,[118.6213207296033],[2072.1312392225864],[0.994856704345161],20,0.012225003852320776
306,0.009753617482046688,0.0,4,10000,[118.6213207296033],[2072.1312392225864],[0.994856704345161],20,0.012225003852320776
307,-0.01444030814175771,0.0,4,10000,[118.6213207296033],[2072.1312392225864],[0.994856704345161],20,0.012225003852320776
308,-0.007062468982697448,0.0,4,10000,[118.6213207296033],[2072.1312392225864],[0.994856704345161],20,0.012225003852320776
309,-0.0013813388529810464,0.0,4,10000,[118.6213207296033],[2072.1312392225864],[0.994856704345161],20,0.012225003852320776
310,-0.002384443978059385,0.0,4,10000,[118.6213207296033],[2072.1312392225864],[0.994856704345161],20,0.012225003852320776
311,-0.012332811393092929,0.0,4,10000,[118.6213207296033],[2072.1312392225864],[0.994856704345161],20,0.012225003852320776
312,0.0012058323347384505,0.0,4,10000,[118.6213207296033],[2072.1312392225864],[0.994856704345161],20,0.012225003852320776
313,-0.009237363796441361,0.0,4,10000,[118.6213207296033],[2072.1312392225864],[0.994856704345161],20,0.012225003852320776
314,0.01328980814606335,0.0,4,10000,[118.6213207296033],[2072.1312392225864],[0.994856704345161],20,0.012225003852320776
315,-0.013623667141119759,0.0,4,10000,[118.6213207296033],[2072.1312392225864],[0.994856704345161],20,0.012225003852320776
316,0.006594805841200183,0.0,4,10000,[118.6213207296033],[2072.1312392225864],[0.994856704345161],20,0.012225003852320776
317,0.001415653761912664,0.0,4,10000,[118.6213207296033],[2072.1312392225864],[0.994856704345161],20,0.012225003852320776
318,-0.010906050918971807,0.0,4,10000,[118.6213207296033],[2072.1312392225864],[0.994856704345161],20,0.012225003852320776
319,-0.0021663576622526653,0.0,4,10000,[118.6213207296033],[2072.1312392225864],[0.994856704345161],20,0.012225003852320776
320,-0.009944163817429583,0.0,4,10000,[118.6213207296033],[2072.1312392225864],[0.994856704345161],20,0.012225003852320776
321,-0.0007330705328827966,0.0,4,10000,[118.6213207296033],[2072.1312392225864],[0.994856704345161],20,0.012225003852320776
322,0.025688804594228603,0.0,4,10000,[118.6213207296033],[2072.1312392225864],[0.994856704345161],20,0.012225003852320776
323,0.0077630563271437,0.0,4,10000,[118.6213207296033],[2072.1312392225864],[0.994856704345161],20,0.012225003852320776
324,-0.006686198869894867,0.0,4,10000,[118.6213207296033],[2072.1312392225864],[0.994856704345161],20,0.012225003852320776
325,0.01654187716226658,0.0,4,10000,[118.6213207296033],[2072.1312392225864],[0.994856704345161],20,0.012225003852320776
326,-0.022305012180145488,0.0,4,10000,[118.6213207296033],[2072.1312392225864],[0.994856704345161],20,0.012225003852320776
327,-0.011935266983039039,0.0,4,10000,[118.6213207296033],[2072.1312392225864],[0.994856704345161],20,0.012225003852320776
328,0.028336312775024186,0.0,4,10000,[118.6213207296033],[2072.1312392225864],[0.994856704345161],20,0.012225003852320776
329,0.00030192954516697476,0.0,4,10000,[118.6213207296033],[2072.1312392225864],[0.994856704345161],20,0.012225003852320776
330,-0.01665211462766708,0.0,4,10000,[118.6213207296033],[2072.1312392225864],[0.994856704345161],20,0.012225003852320776
331,0.024901914162132346,0.0,4,10000,[118.6213207296033],[2072.1312392225864],[0.994856704345161],20,0.012225003852320776
332,-0.007652926131124819,0.0,4,10000,[118.6213207296033],[2072.1312392225864],[0.994856704345161],20,0.012225003852320776
333,0.00589357773018249,0.0,4,10000,[118.6213207296033],[2072.1312392225864],[0.994856704345161],20,0.012225003852320776
334,-0.004055541112794613,0.0,4,10000,[118.6213207296033],[2072.1312392225864],[0.994856704345161],20,0.012225003852320776
335,0.032889781815355644,0.0,4,10000,[118.6213207296033],[2072.1312392225864],[0.994856704345161],20,0.012225003852320776
336,0.0015189190066722293,0.0,4,10000,[118.6213207296033],[2072.1312392225864],[0.994856704345161],20,0.012225003852320776
337,0.015872455915706137,0.0,4,10000,[118.6213207296033],[2072.1312392225864],[0.994856704345161],20,0.012225003852320776
338,-0.013826639759882665,0.0,4,10000,[118.6213207296033],[2072.1312392225864],[0.994856704345161],20,0.012225003852320776
339,-0.02083375015167843,0.0,4,10000,[118.6213207296033],[2072.1312392225864],[0.994856704345161],20,0.012225003852320776
340,0.01465818172167202,0.0,4,10000,[118.6213207296033],[2072.1312392225864],[0.994856704345161],20,0.012225003852320776
341,-0.006328385065694071,0.0,4,10000,[118.6213207296033],[2072.1312392225864],[0.994856704345161],20,0.012225003852320776
342,0.0026395884059535048,0.0,4,10000,[118.6213207296033],[2072.1312392225864],[0.994856704345161],20,0.012225003852320776
343,0.006246639764624448,0.0,4,10000,[118.6213207296033],[2072.1312392225864],[0.994856704345161],20,0.012225003852320776
344,-0.013420637820949828,0.0,4,10000,[118.6213207296033],[2072.1312392225864],[0.994856704345161],20,0.012225003852320776
345,0.004450471618608104,0.0,4,10000,[118.6213207296033],[2072.1312392225864],[0.994856704345161],20,0.012225003852320776
346,0.0008233447006684253,0.0,4,10000,[118.6213207296033],[2072.1312392225864],[0.994856704345161],20,0.012225003852320776
347,-0.007080781375459267,0.0,4,10000,[118.6213207296033],[2072.1312392225864],[0.994856704345161],20,0.012225003852320776
348,0.009660264177925485,0.0,4,10000,[118.6213207296033],[2072.1312392225864],[0.994856704345161],20,0.012225003852320776
349,0.005415150210913835,0.0,4,10000,[118.6213207296033],[2072.1312392225864],[0.994856704345161],20,0.012225003852320776
350,0.012331387945927755,0.0,4,10000,[118.6213207296033],[2072.1312392225864],[0.994856704345161],20,0.012225003852320776
351,0.003134984225285766,0.0,4,10000,[118.6213207296033],[2072.1312392225864],[0.994856704345161],20,0.012225003852320776
352,-0.004389309398389319,0.0,4,10000,[118.6213207296033],[2072.1312392225864],[0.994856704345161],20,0.012225003852320776
353,0.02111530318798698,0.0,4,10000,[118.6213207296033],[2072.1312392225864],[0.994856704345161],20,0.012225003852320776
354,-0.006769653217255929,0.0,4,10000,[118.6213207296033],[2072.1312392225864],[0.994856704345161],20,0.012225003852320776
355,0.012499133693445026,0.0,4,10000,[118.6213207296033],[2072.1312392225864],[0.994856704345161],20,0.012225003852320776
356,-0.024730689885156226,0.0,4,10000,[118.6213207296033],[2072.1312392225864],[0.994856704345161],20,0.012225003852320776
357,-0.0008046890292580848,0.0,4,10000,[118.6213207296033],[2072.1312392225864],[0.994856704345161],20,0.012225003852320776
358,-0.007498340026608413,0.0,4,10000,[118.6213207296033],[2072.1312392225864],[0.994856704345161],20,0.012225003852320776
359,-0.015676137418893416,0.0,4,10000,[118.6213207296033],[2072.1312392225864],[0.994856704345161],20,0.012225003852320776
360,-0.007407290293813706,0.0,4,10000,[118.6213207296033],[2072.1312392225864],[0.994856704345161],20,0.012225003852320776
361,0.029248964519003853,0.0,4,10000,[118.6213207296033],[2072.1312392225864],[0.994856704345161],20,0.012225003852320776
362,-0.008233481187828835,0.0,4,10000,[118.6213207296033],[2072.1312392225864],[0.994856704345161],20,0.012225003852320776
363,-0.020910190955304886,0.0,4,10000,[118.6213207296033],[2072.1312392225864],[0.994856704345161],20,0.012225003852320776
364,-0.005706011551555675,0.0,4,10000,[118.6213207296033],[2072.1312392225864],[0.994856704345161],20,0.012225003852320776
365,0.014357864458885585,0.0,4,10000,[118.6213207296033],[2072.1312392225864],[0.994856704345161],20,0.012225003852320776
366,-0.011211423484874762,0.0,4,10000,[118.6213207296033],[2072.1312392225864],[0.994856704345161],20,0.012225003852320776
367,0.008155758366322699,0.0,4,10000,[118.6213207296033],[2072.1312392225864],[0.994856704345161],20,0.012225003852320776
368,-0.007144603007716586,0.0,4,10000,[118.6213207296033],[2072.1312392225864],[0.994856704345161],20,0.012225003852320776
369,0.01786408474877132,0.0,4,10000,[118.6213207296033],[2072.1312392225864],[0.994856704345161],20,0.012225003852320776
370,-0.011938774982612577,0.0,4,10000,[118.6213207296033],[2072.1312392225864],[0.994856704345161],20,0.012225003852320776
371,-0.005163738910015124,0.0,4,10000,[118.6213207296033],[2072.1312392225864],[0.994856704345161],20,0.012225003852320776
372,0.004876537429271563,0.0,4,10000,[118.6213207296033],[2072.1312392225864],[0.994856704345161],20,0.012225003852320776
373,-0.022381635247861652,0.0,4,10000,[118.6213207296033],[2072.1312392225864],[0.994856704345161],20,0.012225003852320776
374,-0.01570475067010082,0.0,4,10000,[118.6213207296033],[2072.1312392225864],[0.994856704345161],20,0.012225003852320776
375,-0.02579770131196876,0.0,4,10000,[118.6213207296033],[2072.1312392225864],[0.994856704345161],20,0.012225003852320776
376,0.013982991382929999,0.0,4,10000,[118.6213207296033],[2072.1312392225864],[0.994856704345161],20,0.012225003852320776
377,-0.0007365959334166627,0.0,4,10000,[118.6213207296033],[2072.1312392225864],[0.994856704345161],20,0.012225003852320776
378,-0.008911369434604835,0.0,4,10000,[118.6213207296033],[2072.1312392225864],[0.994856704345161],20,0.012225003852320776
379,-0.012530092640107817,0.0,4,10000,[118.6213207296033],[2072.1312392225864],[0.994856704345161],20,0.012225003852320776
380,-0.003939177069712651,0.0,4,10000,[118.6213207296033],[2072.1312392225864],[0.994856704345161],20,0.012225003852320776
381,0.0176747559975974,0.0,4,10000,[118.6213207296033],[2072.1312392225864],[0.994856704345161],20,0.012225003852320776
382,0.01331315824105823,0.0,4,10000,[118.6213207296033],[2072.1312392225864],[0.994856704345161],20,0.012225003852320776
383,0.016552495009713782,0.0,4,10000,[118.6213207296033],[2072.1312392225864],[0.994856704345161],20,0.012225003852320776
384,0.0031914415778478778,0.0,4,10000,[118.6213207296033],[2072.1312392225864],[0.994856704345161],20,0.012225003852320776
385,-0.017048443692997732,0.0,4,10000,[118.6213207296033],[2072.1312392225864],[0.994856704345161],20,0.012225003852320776
386,0.02170696048396356,0.0,4,10000,[118.6213207296033],[2072.1312392225864],[0.994856704345161],20,0.012225003852320776
387,0.009807715428238398,0.0,4,10000,[118.6213207296033],[2072.1312392225864],[0.994856704345161],20,0.012225003852320776
388,-0.024881526880986604,0.0,4,10000,[118.6213207296033],[2072.1312392225864],[0.994856704345161],20,0.012225003852320776
389,-0.014966054478260852,0.0,4,10000,[118.6213207296033],[2072.1312392225864],[0.994856704345161],20,0.012225003852320776
390,0.015541721181286855,0.0,4,10000,[118.6213207296033],[2072.1312392225864],[0.994856704345161],20,0.012225003852320776
391,-0.0011092315065819067,0.0,4,10000,[118.6213207296033],[2072.1312392225864],[0.994856704345161],20,0.012225003852320776
392,0.0018700302205021965,0.0,4,10000,[118.6213207296033],[2072.1312392225864],[0.994856704345161],20,0.012225003852320776
393,-0.005964518310989877,0.0,4,10000,[118.6213207296033],[2072.1312392225864],[0.994856704345161],20,0.012225003852320776
394,0.014403351215723647,0.0,4,10000,[118.6213207296033],[2072.1312392225864],[0.994856704345161],20,0.012225003852320776
395,0.003938798604243327,0.0,4,10000,[118.6213207296033],[2072.1312392225864],[0.994856704345161],20,0.012225003852320776
396,-0.0016157984869181637,0.0,4,10000,[118.6213207296033],[2072.1312392225864],[0.994856704345161],20,0.012225003852320776
397,0.015204144977187785,0.0,4,10000,[118.6213207296033],[2072.1312392225864],[0.994856704345161],20,0.012225003852320776
398,-0.0006188480564531354,0.0,4,10000,[118.6213207296033],[2072.1312392225864],[0.994856704345161],20,0.012225003852320776
399,0.00799645913119846,0.0,4,10000,[118.6213207296033],[2072.1312392225864],[0.994856704345161],20,0.012225003852320776
400,0.0075390313346263725,0.0,4,10000,[118.6213207296033],[2072.1312392225864],[0.994856704345161],20,0.012225003852320776
401,0.010481952437244249,0.0,4,10000,[118.6213207296033],[2072.1312392225864],[0.994856704345161],20,0.012225003852320776
402,0.018310636864689082,0.0,4,10000,[118.6213207296033],[2072.1312392225864],[0.994856704345161],20,0.012225003852320776
403,-0.01402567688194767,0.0,4,10000,[118.6213207296033],[2072.1312392225864],[0.994856704345161],20,0.012225003852320776
404,0.0007051074987433823,0.0,4,10000,[118.6213207296033],[2072.1312392225864],[0.994856704345161],20,0.012225003852320776
405,0.0003715734960290949,0.0,4,10000,[118.6213207296033],[2072.1312392225864],[0.994856704345161],20,0.012225003852320776
406,0.0013554433971131293,0.0,4,10000,[118.6213207296033],[2072.1312392225864],[0.994856704345161],20,0.012225003852320776
407,0.013130332407292368,0.0,4,10000,[118.6213207296033],[2072.1312392225864],[0.994856704345161],20,0.012225003852320776
408,-0.010317665711174288,0.0,4,10000,[118.6213207296033],[2072.1312392225864],[0.994856704345161],20,0.012225003852320776
409,-0.0024438080550661487,0.0,4,10000,[118.6213207296033],[2072.1312392225864],[0.994856704345161],20,0.012225003852320776
410,-0.0032874604922789315,0.0,4,10000,[118.6213207296033],[2072.1312392225864],[0.994856704345161],20,0.012225003852320776
411,-0.002294834852387772,0.0,4,10000,[118.6213207296033],[2072.1312392225864],[0.994856704345161],20,0.012225003852320776
412,0.008056786793156417,0.0,4,10000,[118.6213207296033],[2072.1312392225864],[0.994856704345161],20,0.012225003852320776
413,-0.008972255452885297,0.0,4,10000,[118.6213207296033],[2072.1312392225864],[0.994856704345161],20,0.012225003852320776
414,0.0005645305957210192,0.0,4,10000,[118.6213207296033],[2072.1312392225864],[0.994856704345161],20,0.012225003852320776
415,-0.0021357053160474277,0.0,4,10000,[118.6213207296033],[2072.1312392225864],[0.994856704345161],20,0.012225003852320776
416,0.007046038269340213,0.0,4,10000,[118.6213207296033],[2072.1312392225864],[0.994856704345161],20,0.012225003852320776
417,-0.011863801927677858,0.0,4,10000,[118.6213207296033],[2072.1312392225864],[0.994856704345161],20,0.012225003852320776
418,-0.006442596059142791,0.0,4,10000,[118.6213207296033],[2072.1312392225864],[0.994856704345161],20,0.012225003852320776
419,-0.0032962266925607576,0.0,4,10000,[118.6213207296033],[2072.1312392225864],[0.994856704345161],20,0.012225003852320776
420,-0.021144046051203118,0.0,4,10000,[118.6213207296033],[2072.1312392225864],[0.994856704345161],20,0.012225003852320776
421,0.004071719302585989,0.0,4,10000,[118.6213207296033],[2072.1312392225864],[0.994856704345161],20,0.012225003852320776
422,-0.001445787003463483,0.0,4,10000,[118.6213207296033],[2072.1312392225864],[0.994856704345161],20,0.012225003852320776
423,0.017162268422950787,0.0,4,10000,[118.6213207296033],[2072.1312392225864],[0.994856704345161],20,0.012225003852320776
424,0.0022975661927784625,0.0,4,10000,[118.6213207296033],[2072.1312392225864],[0.994856704345161],20,0.012225003852320776
425,0.011785211633586777,0.0,4,10000,[118.6213207296033],[2072.1312392225864],[0.994856704345161],20,0.012225003852320776
426,-0.010133472636854341,0.0,4,10000,[118.6213207296033],[2072.1312392225864],[0.994856704345161],20,0.012225003852320776
427,0.01370508905142938,0.0,4,10000,[118.6213207296033],[2072.1312392225864],[0.994856704345161],20,0.012225003852320776
428,-0.014532419994895076,0.0,4,10000,[118.6213207296033],[2072.1312392225864],[0.994856704345161],20,0.012225003852320776
429,-0.007179275608727189,0.0,4,10000,[118.6213207296033],[2072.1312392225864],[0.994856704345161],20,0.012225003852320776
430,0.0035021387386952223,0.0,4,10000,[118.6213207296033],[2072.1312392225864],[0.994856704345161],20,0.012225003852320776
431,0.028550394034961592,0.0,4,10000,[118.6213207296033],[2072.1312392225864],[0.994856704345161],20,0.012225003852320776
432,-0.009156354079793287,0.0,4,10000,[118.6213207296033],[2072.1312392225864],[0.994856704345161],20,0.012225003852320776
433,-0.017204881545760803,0.0,4,10000,[118.6213207296033],[2072.1312392225864],[0.994856704345161],20,0.012225003852320776
434,0.009127659964900363,0.0,4,10000,[118.6213207296033],[2072.1312392225864],[0.994856704345161],20,0.012225003852320776
435,0.0029727335514139076,0.0,4,10000,[118.6213207296033],[2072.1312392225864],[0.994856704345161],20,0.012225003852320776
436,-0.009759559590748118,0.0,4,10000,[118.6213207296033],[2072.1312392225864],[0.994856704345161],20,0.012225003852320776
437,-0.005803895590233524,0.0,4,10000,[118.6213207296033],[2072.1312392225864],[0.994856704345161],20,0.012225003852320776
438,0.0025786278291842868,0.0,4,10000,[118.6213207296033],[2072.1312392225864],[0.994856704345161],20,0.012225003852320776
439,-0.0030230214234854367,0.0,4,10000,[118.6213207296033],[2072.1312392225864],[0.994856704345161],20,0.012225003852320776
440,-0.012470478037744514,0.0,4,10000,[118.6213207296033],[2072.1312392225864],[0.994856704345161],20,0.012225003852320776
441,-0.0019468498702807252,0.0,4,10000,[118.6213207296033],[2072.1312392225864],[0.994856704345161],20,0.012225003852320776
442,-0.003156747020899079,0.0,4,10000,[118.6213207296033],[2072.1312392225864],[0.994856704345161],20,0.012225003852320776
443,0.015091361053250478,0.0,4,10000,[118.6213207296033],[2072.1312392225864],[0.994856704345161],20,0.012225003852320776
444,0.033938421931625086,0.0,4,10000,[118.6213207296033],[2072.1312392225864],[0.994856704345161],20,0.012225003852320776
445,0.027411749036667033,0.0,4,10000,[118.6213207296033],[2072.1312392225864],[0.994856704345161],20,0.012225003852320776
446,-0.0017639352140930117,0.0,4,10000,[118.6213207296033],[2072.1312392225864],[0.994856704345161],20,0.012225003852320776
447,-0.010366506266368546,0.0,4,10000,[118.6213207296033],[2072.1312392225864],[0.994856704345161],20,0.012225003852320776
448,0.024658609464562532,0.0,4,10000,[118.6213207296033],[2072.1312392225864],[0.994856704345161],20,0.012225003852320776
449,-0.002832996407289603,0.0,4,10000,[118.6213207296033],[2072.1312392225864],[0.994856704345161],20,0.012225003852320776
450,-0.010945035079124546,0.0,4,10000,[118.6213207296033],[2072.1312392225864],[0.994856704345161],20,0.012225003852320776
451,-0.009655941739247657,0.0,4,10000,[118.6213207296033],[2072.1312392225864],[0.994856704345161],20,0.012225003852320776
452,0.0056056293144354395,0.0,4,10000,[118.6213207296033],[2072.1312392225864],[0.994856704345161],20,0.012225003852320776
453,0.007356415668440296,0.0,4,10000,[118.6213207296033],[2072.1312392225864],[0.994856704345161],20,0.012225003852320776
454,0.0008676421240721762,0.0,4,10000,[118.6213207296033],[2072.1312392225864],[0.994856704345161],20,0.012225003852320776
455,0.008446282616530923,0.0,4,10000,[118.6213207296033],[2072.1312392225864],[0.994856704345161],20,0.012225003852320776
456,-0.012524319087749662,0.0,4,10000,[118.6213207296033],[2072.1312392225864],[0.994856704345161],20,0.012225003852320776
457,-0.9852131802722749,-0.994856704345161,4,10000,[118.6213207296033],[2072.1312392225864],[0.994856704345161],20,0.012225003852320776
458,-0.9999454417581923,-0.994856704345161,4,10000,[118.6213207296033],[2072.1312392225864],[0.994856704345161],20,0.012225003852320776
459,-1.0028320456589694,-0.994856704345161,4,10000,[118.6213207296033],[2072.1312392225864],[0.994856704345161],20,0.012225003852320776
460,-0.9927359860128362,-0.994856704345161,4,10000,[118.6213207296033],[2072.1312392225864],[0.994856704345161],20,0.012225003852320776
461,-1.0024486218413464,-0.994856704345161,4,10000,[118.6213207296033],[2072.1312392225864],[0.994856704345161],20,0.012225003852320776
462,-1.0071854806555598,-0.994856704345161,4,10000,[118.6213207296033],[2072.1312392225864],[0.994856704345161],20,0.012225003852320776
463,-1.0023042647580969,-0.994856704345161,4,10000,[118.6213207296033],[2072.1312392225864],[0.994856704345161],20,0.012225003852320776
464,-0.9842941742590897,-0.994856704345161,4,10000,[118.6213207296033],[2072.1312392225864],[0.994856704345161],20,0.012225003852320776
465,-0.9706783591620829,-0.994856704345161,4,10000,[118.6213207296033],[2072.1312392225864],[0.994856704345161],20,0.012225003852320776
466,-0.9866223138134494,-0.994856704345161,4,10000,[118.6213207296033],[2072.1312392225864],[0.994856704345161],20,0.012225003852320776
467,-1.0052891720918309,-0.994856704345161,4,10000,[118.6213207296033],[2072.1312392225864],[0.994856704345161],20,0.012225003852320776
468,-0.9844090217792079,-0.994856704345161,4,10000,[118.6213207296033],[2072.1312392225864],[0.994856704345161],20,0.012225003852320776
469,-0.991563430558242,-0.994856704345161,4,10000,[118.6213207296033],[2072.1312392225864],[0.994856704345161],20,0.012225003852320776
470,-0.9775366634388745,-0.994856704345161,4,10000,[118.6213207296033],[2072.1312392225864],[0.994856704345161],20,0.012225003852320776
471,-1.0049903549584103,-0.994856704345161,4,10000,[118.6213207296033],[2072.1312392225864],[0.994856704345161],20,0.012225003852320776
472,-0.9915384198534609,-0.994856704345161,4,10000,[118.6213207296033],[2072.1312392225864],[0.994856704345161],20,0.012225003852320776
473,-0.9931414476808845,-0.994856704345161,4,10000,[118.6213207296033],[2072.1312392225864],[0.994856704345161],20,0.012225003852320776
474,-1.0024492598361785,-0.994856704345161,4,10000,[118.6213207296033],[2072.1312392225864],[0.994856704345161],20,0.012225003852320776
475,-0.9868969593096379,-0.994856704345161,4,10000,[118.6213207296033],[2072.1312392225864],[0.994856704345161],20,0.012225003852320776
476,-0.9915807256410543,-0.994856704345161,4,10000,[118.6213207296033],[2072.1312392225864],[0.994856704345161],20,0.012225003852320776
477,-0.9886400996380496,-0.994856704345161,4,10000,[118.6213207296033],[2072.1312392225864],[0.994856704345161],20,0.012225003852320776
478,-1.0096595418182215,-0.994856704345161,4,10000,[118.6213207296033],[2072.1312392225864],[0.994856704345161],20,0.012225003852320776
479,-0.9841766109814819,-0.994856704345161,4,10000,[118.6213207296033],[2072.1312392225864],[0.994856704345161],20,0.012225003852320776
480,-1.0038628173059443,-0.994856704345161,4,10000,[118.6213207296033],[2072.1312392225864],[0.994856704345161],20,0.012225003852320776
481,-1.0110158744859126,-0.994856704345161,4,10000,[118.6213207296033],[2072.1312392225864],[0.994856704345161],20,0.012225003852320776
482,-0.985938844520921,-0.994856704345161,4,10000,[118.6213207296033],[2072.1312392225864],[0.994856704345161],20,0.012225003852320776
483,-0.9883614841830305,-0.994856704345161,4,10000,[118.6213207296033],[2072.1312392225864],[0.994856704345161],20,0.012225003852320776
484,-0.9971656445019652,-0.994856704345161,4,10000,[118.6213207296033],[2072.1312392225864],[0.994856704345161],20,0.012225003852320776
485,-0.9862972074449374,-0.994856704345161,4,10000,[118.6213207296033],[2072.1312392225864],[0.994856704345161],20,0.012225003852320776
486,-0.9945752713282285,-0.994856704345161,4,10000,[118.6213207296033],[2072.1312392225864],[0.994856704345161],20,0.012225003852320776
487,-0.9833138234640709,-0.994856704345161,4,10000,[118.6213207296033],[2072.1312392225864],[0.994856704345161],20,0.012225003852320776
488,-0.9965447495847054,-0.994856704345161,4,10000,[118.6213207296033],[2072.1312392225864],[0.994856704345161],20,0.012225003852320776
489,-0.9951643874486786,-0.994856704345161,4,10000,[118.6213207296033],[2072.1312392225864],[0.994856704345161],20,0.012225003852320776
490,-0.9964295981325773,-0.994856704345161,4,10000,[118.6213207296033],[2072.1312392225864],[0.994856704345161],20,0.012225003852320776
491,-0.9901406504381289,-0.994856704345161,4,10000,[118.6213207296033],[2072.1312392225864],[0.994856704345161],20,0.012225003852320776
492,-0.9998195860093442,-0.994856704345161,4,10000,[118.6213207296033],[2072.1312392225864],[0.994856704345161],20,0.012225003852320776
493,-1.0063567895562053,-0.994856704345161,4,10000,[118.6213207296033],[2072.1312392225864],[0.994856704345161],20,0.012225003852320776
494,-0.9825100562988583,-0.994856704345161,4,10000,[118.6213207296033],[2072.1312392225864],[0.994856704345161],20,0.012225003852320776
495,-1.0348425797774332,-0.994856704345161,4,10000,[118.6213207296033],[2072.1312392225864],[0.994856704345161],20,0.012225003852320776
496,-0.984342545344014,-0.994856704345161,4,10000,[118.6213207296033],[2072.1312392225864],[0.994856704345161],20,0.012225003852320776
497,-1.000963720450439,-0.994856704345161,4,10000,[118.6213207296033],[2072.1312392225864],[0.994856704345161],20,0.012225003852320776
498,-1.0113444012430943,-0.994856704345161,4,10000,[118.6213207296033],[2072.1312392225864],[0.994856704345161],20,0.012225003852320776
499,-0.9830564177495453,-0.994856704345161,4,10000,[118.6213207296033],[2072.1312392225864],[0.994856704345161],20,0.012225003852320776
500,-0.9949435771487706,-0.994856704345161,4,10000,[118.6213207296033],[2072.1312392225864],[0.994856704345161],20,0.012225003852320776
501,-0.9999199630037462,-0.994856704345161,4,10000,[118.6213207296033],[2072.1312392225864],[0.994856704345161],20,0.012225003852320776
502,-1.0004959829371896,-0.994856704345161,4,10000,[118.6213207296033],[2072.1312392225864],[0.994856704345161],20,0.012225003852320776
503,-1.0077010811685776,-0.994856704345161,4,10000,[118.6213207296033],[2072.1312392225864],[0.994856704345161],20,0.012225003852320776
504,-0.997305689022873,-0.994856704345161,4,10000,[118.6213207296033],[2072.1312392225864],[0.994856704345161],20,0.012225003852320776
505,-0.9756226912058816,-0.994856704345161,4,10000,[118.6213207296033],[2072.1312392225864],[0.994856704345161],20,0.012225003852320776
506,-0.9906482037701804,-0.994856704345161,4,10000,[118.6213207296033],[2072.1312392225864],[0.994856704345161],20,0.012225003852320776
507,-1.004081109943312,-0.994856704345161,4,10000,[118.6213207296033],[2072.1312392225864],[0.994856704345161],20,0.012225003852320776
508,-0.9929796116371316,-0.994856704345161,4,10000,[118.6213207296033],[2072.1312392225864],[0.994856704345161],20,0.012225003852320776
509,-0.9930889529961471,-0.994856704345161,4,10000,[118.6213207296033],[2072.1312392225864],[0.994856704345161],20,0.012225003852320776
510,-1.0040611021291757,-0.994856704345161,4,10000,[118.6213207296033],[2072.1312392225864],[0.994856704345161],20,0.012225003852320776
511,-1.0037471710050054,-0.994856704345161,4,10000,[118.6213207296033],[2072.1312392225864],[0.994856704345161],20,0.012225003852320776
512,-0.9842336342604497,-0.994856704345161,4,10000,[118.6213207296033],[2072.1312392225864],[0.994856704345161],20,0.012225003852320776
513,-0.9744096075030994,-0.994856704345161,4,10000,[118.6213207296033],[2072.1312392225864],[0.994856704345161],20,0.012225003852320776
514,-1.0027787915034743,-0.994856704345161,4,10000,[118.6213207296033],[2072.1312392225864],[0.994856704345161],20,0.012225003852320776
515,-1.0141358303004733,-0.994856704345161,4,10000,[118.6213207296033],[2072.1312392225864],[0.994856704345161],20,0.012225003852320776
516,-0.9986471677949987,-0.994856704345161,4,10000,[118.6213207296033],[2072.1312392225864],[0.994856704345161],20,0.012225003852320776
517,-0.988487181937538,-0.994856704345161,4,10000,[118.6213207296033],[2072.1312392225864],[0.994856704345161],20,0.012225003852320776
518,-0.9845613627873094,-0.994856704345161,4,10000,[118.6213207296033],[2072.1312392225864],[0.994856704345161],20,0.012225003852320776
519,-0.9926315962005301,-0.994856704345161,4,10000,[118.6213207296033],[2072.1312392225864],[0.994856704345161],20,0.012225003852320776
520,-0.9838433531263879,-0.994856704345161,4,10000,[118.6213207296033],[2072.1312392225864],[0.994856704345161],20,0.012225003852320776
521,-0.9859124726729853,-0.994856704345161,4,10000,[118.6213207296033],[2072.1312392225864],[0.994856704345161],20,0.012225003852320776
522,-0.9893394808575532,-0.994856704345161,4,10000,[118.6213207296033],[2072.1312392225864],[0.994856704345161],20,0.012225003852320776
523,-0.9991905921501607,-0.994856704345161,4,10000,[118.6213207296033],[2072.1312392225864],[0.994856704345161],20,0.012225003852320776
524,-0.9983538872119888,-0.994856704345161,4,10000,[118.6213207296033],[2072.1312392225864],[0.994856704345161],20,0.012225003852320776
525,-1.003642064252002,-0.994856704345161,4,10000,[118.6213207296033],[2072.1312392225864],[0.994856704345161],20,0.012225003852320776
526,-0.9934167603166609,-0.994856704345161,4,10000,[118.6213207296033],[2072.1312392225864],[0.994856704345161],20,0.012225003852320776
527,-1.0219679861220683,-0.994856704345161,4,10000,[118.6213207296033],[2072.1312392225864],[0.994856704345161],20,0.012225003852320776
528,-1.0083523495370241,-0.994856704345161,4,10000,[118.6213207296033],[2072.1312392225864],[0.994856704345161],20,0.012225003852320776
529,-0.9931173672745929,-0.994856704345161,4,10000,[118.6213207296033],[2072.1312392225864],[0.994856704345161],20,0.012225003852320776
530,-1.0094774758993381,-0.994856704345161,4,10000,[118.6213207296033],[2072.1312392225864],[0.994856704345161],20,0.012225003852320776
531,-0.9831981512725977,-0.994856704345161,4,10000,[118.6213207296033],[2072.1312392225864],[0.994856704345161],20,0.012225003852320776
532,-0.9953012967186908,-0.994856704345161,4,10000,[118.6213207296033],[2072.1312392225864],[0.994856704345161],20,0.012225003852320776
533,-0.9804351886087733,-0.994856704345161,4,10000,[118.6213207296033],[2072.1312392225864],[0.994856704345161],20,0.012225003852320776
534,-0.9857751032443428,-0.994856704345161,4,10000,[118.6213207296033],[2072.1312392225864],[0.994856704345161],20,0.012225003852320776
535,-0.0030197293938870017,0.0,4,10000,[118.6213207296033],[2072.1312392225864],[0.994856704345161],20,0.012225003852320776
536,-0.009903234889971512,0.0,4,10000,[118.6213207296033],[2072.1312392225864],[0.994856704345161],20,0.012225003852320776
537,-0.010926761245505756,0.0,4,10000,[118.6213207296033],[2072.1312392225864],[0.994856704345161],20,0.012225003852320776
538,-0.005089641276892037,0.0,4,10000,[118.6213207296033],[2072.1312392225864],[0.994856704345161],20,0.012225003852320776
539,0.016569583282604584,0.0,4,10000,[118.6213207296033],[2072.1312392225864],[0.994856704345161],20,0.012225003852320776
540,-0.02189728462868243,0.0,4,10000,[118.6213207296033],[2072.1312392225864],[0.994856704345161],20,0.012225003852320776
541,0.005536743074709129,0.0,4,10000,[118.6213207296033],[2072.1312392225864],[0.994856704345161],20,0.012225003852320776
542,0.002704120954357327,0.0,4,10000,[118.6213207296033],[2072.1312392225864],[0.994856704345161],20,0.012225003852320776
543,-0.015330810895852056,0.0,4,10000,[118.6213207296033],[2072.1312392225864],[0.994856704345161],20,0.012225003852320776
544,0.010219974557755198,0.0,4,10000,[118.6213207296033],[2072.1312392225864],[0.994856704345161],20,0.012225003852320776
545,0.002735925237972257,0.0,4,10000,[118.6213207296033],[2072.1312392225864],[0.994856704345161],20,0.012225003852320776
546,-0.026317906439692878,0.0,4,10000,[118.6213207296033],[2072.1312392225864],[0.994856704345161],20,0.012225003852320776
547,-0.01893466978180124,0.0,4,10000,[118.6213207296033],[2072.1312392225864],[0.994856704345161],20,0.012225003852320776
548,-0.004063013001771657,0.0,4,10000,[118.6213207296033],[2072.1312392225864],[0.994856704345161],20,0.012225003852320776
549,2.2243773196984144e-05,0.0,4,10000,[118.6213207296033],[2072.1312392225864],[0.994856704345161],20,0.012225003852320776
550,0.0033105146819728216,0.0,4,10000,[118.6213207296033],[2072.1312392225864],[0.994856704345161],20,0.012225003852320776
551,-0.009870388693583872,0.0,4,10000,[118.6213207296033],[2072.1312392225864],[0.994856704345161],20,0.012225003852320776
552,0.01645194390167644,0.0,4,10000,[118.6213207296033],[2072.1312392225864],[0.994856704345161],20,0.012225003852320776
553,-0.0025079857528120257,0.0,4,10000,[118.6213207296033],[2072.1312392225864],[0.994856704345161],20,0.012225003852320776
554,-0.011682151590338802,0.0,4,10000,[118.6213207296033],[2072.1312392225864],[0.994856704345161],20,0.012225003852320776
555,-0.002493814353048841,0.0,4,10000,[118.6213207296033],[2072.1312392225864],[0.994856704345161],20,0.012225003852320776
556,0.0011509700652459118,0.0,4,10000,[118.6213207296033],[2072.1312392225864],[0.994856704345161],20,0.012225003852320776
557,0.020853215491265738,0.0,4,10000,[118.6213207296033],[2072.1312392225864],[0.994856704345161],20,0.012225003852320776
558,-0.004566415071443248,0.0,4,10000,[118.6213207296033],[2072.1312392225864],[0.994856704345161],20,0.012225003852320776
559,-0.0022131143827212193,0.0,4,10000,[118.6213207296033],[2072.1312392225864],[0.994856704345161],20,0.012225003852320776
560,0.017173368632135252,0.0,4,10000,[118.6213207296033],[2072.1312392225864],[0.994856704345161],20,0.012225003852320776
561,-0.0022295131043638685,0.0,4,10000,[118.6213207296033],[2072.1312392225864],[0.994856704345161],20,0.012225003852320776
562,0.0008533969830629782,0.0,4,10000,[118.6213207296033],[2072.1312392225864],[0.994856704345161],20,0.012225003852320776
563,0.0032911151435929763,0.0,4,10000,[118.6213207296033],[2072.1312392225864],[0.994856704345161],20,0.012225003852320776
564,-0.013163334023157027,0.0,4,10000,[118.6213207296033],[2072.1312392225864],[0.994856704345161],20,0.012225003852320776
565,-0.005022367596506362,0.0,4,10000,[118.6213207296033],[2072.1312392225864],[0.994856704345161],20,0.012225003852320776
566,-0.002830678960976995,0.0,4,10000,[118.6213207296033],[2072.1312392225864],[0.994856704345161],20,0.012225003852320776
567,0.014356111262039072,0.0,4,10000,[118.6213207296033],[2072.1312392225864],[0.994856704345161],20,0.012225003852320776
568,-0.025581912497705906,0.0,4,10000,[118.6213207296033],[2072.1312392225864],[0.994856704345161],20,0.012225003852320776
569,-0.02063934911575015,0.0,4,10000,[118.6213207296033],[2072.1312392225864],[0.994856704345161],20,0.012225003852320776
570,0.008010510686081213,0.0,4,10000,[118.6213207296033],[2072.1312392225864],[0.994856704345161],20,0.012225003852320776
571,0.01373191546120113,0.0,4,10000,[118.6213207296033],[2072.1312392225864],[0.994856704345161],20,0.012225003852320776
572,0.0035699002003569858,0.0,4,10000,[118.6213207296033],[2072.1312392225864],[0.994856704345161],20,0.012225003852320776
573,0.004416252111833697,0.0,4,10000,[118.6213207296033],[2072.1312392225864],[0.994856704345161],20,0.012225003852320776
574,-0.01590261696424234,0.0,4,10000,[118.6213207296033],[2072.1312392225864],[0.994856704345161],20,0.012225003852320776
575,0.0071399756852517085,0.0,4,10000,[118.6213207296033],[2072.1312392225864],[0.994856704345161],20,0.012225003852320776
576,-0.002205327819561735,0.0,4,10000,[118.6213207296033],[2072.1312392225864],[0.994856704345161],20,0.012225003852320776
577,0.00991819919100393,0.0,4,10000,[118.6213207296033],[2072.1312392225864],[0.994856704345161],20,0.012225003852320776
578,-0.022645824811177436,0.0,4,10000,[118.6213207296033],[2072.1312392225864],[0.994856704345161],20,0.012225003852320776
579,0.0037987156247812877,0.0,4,10000,[118.6213207296033],[2072.1312392225864],[0.994856704345161],20,0.012225003852320776
580,0.00226037173688797,0.0,4,10000,[118.6213207296033],[2072.1312392225864],[0.994856704345161],20,0.012225003852320776
581,-0.006365083976570347,0.0,4,10000,[118.6213207296033],[2072.1312392225864],[0.994856704345161],20,0.012225003852320776
582,0.009021636047849528,0.0,4,10000,[118.6213207296033],[2072.1312392225864],[0.994856704345161],20,0.012225003852320776
583,0.0004583255919391478,0.0,4,10000,[118.6213207296033],[2072.1312392225864],[0.994856704345161],20,0.012225003852320776
584,-0.0022150109913919194,0.0,4,10000,[118.6213207296033],[2072.1312392225864],[0.994856704345161],20,0.012225003852320776
585,0.013607609032369477,0.0,4,10000,[118.6213207296033],[2072.1312392225864],[0.994856704345161],20,0.012225003852320776
586,0.001465551985267139,0.0,4,10000,[118.6213207296033],[2072.1312392225864],[0.994856704345161],20,0.012225003852320776
587,-0.003945575075137679,0.0,4,10000,[118.6213207296033],[2072.1312392225864],[0.994856704345161],20,0.012225003852320776
588,0.0043351968177064845,0.0,4,10000,[118.6213207296033],[2072.1312392225864],[0.994856704345161],20,0.012225003852320776
589,0.006583601312864708,0.0,4,10000,[118.6213207296033],[2072.1312392225864],[0.994856704345161],20,0.012225003852320776
590,0.006349765020946931,0.0,4,10000,[118.6213207296033],[2072.1312392225864],[0.994856704345161],20,0.012225003852320776
591,-0.009353097139722722,0.0,4,10000,[118.6213207296033],[2072.1312392225864],[0.994856704345161],20,0.012225003852320776
592,-4.3037469957754564e-05,0.0,4,10000,[118.6213207296033],[2072.1312392225864],[0.994856704345161],20,0.012225003852320776
593,-0.014435586098035465,0.0,4,10000,[118.6213207296033],[2072.1312392225864],[0.994856704345161],20,0.012225003852320776
594,0.005424514040152582,0.0,4,10000,[118.6213207296033],[2072.1312392225864],[0.994856704345161],20,0.012225003852320776
595,-0.005592820338243406,0.0,4,10000,[118.6213207296033],[2072.1312392225864],[0.994856704345161],20,0.012225003852320776
596,0.010939290077021395,0.0,4,10000,[118.6213207296033],[2072.1312392225864],[0.994856704345161],20,0.012225003852320776
597,0.010417475076305091,0.0,4,10000,[118.6213207296033],[2072.1312392225864],[0.994856704345161],20,0.012225003852320776
598,0.005465267049779808,0.0,4,10000,[118.6213207296033],[2072.1312392225864],[0.994856704345161],20,0.012225003852320776
599,0.003991256473476227,0.0,4,10000,[118.6213207296033],[2072.1312392225864],[0.994856704345161],20,0.012225003852320776
600,0.010048911981468355,0.0,4,10000,[118.6213207296033],[2072.1312392225864],[0.994856704345161],20,0.012225003852320776
601,0.023120157463892003,0.0,4,10000,[118.6213207296033],[2072.1312392225864],[0.994856704345161],20,0.012225003852320776
602,0.00862401186258494,0.0,4,10000,[118.6213207296033],[2072.1312392225864],[0.994856704345161],20,0.012225003852320776
603,0.005264060660641568,0.0,4,10000,[118.6213207296033],[2072.1312392225864],[0.994856704345161],20,0.012225003852320776
604,-0.008142430527794366,0.0,4,10000,[118.6213207296033],[2072.1312392225864],[0.994856704345161],20,0.012225003852320776
605,0.010048350041862473,0.0,4,10000,[118.6213207296033],[2072.1312392225864],[0.994856704345161],20,0.012225003852320776
606,-0.0069282360235873005,0.0,4,10000,[118.6213207296033],[2072.1312392225864],[0.994856704345161],20,0.012225003852320776
607,0.0069162191198200666,0.0,4,10000,[118.6213207296033],[2072.1312392225864],[0.994856704345161],20,0.012225003852320776
608,-0.027076403027685953,0.0,4,10000,[118.6213207296033],[2072.1312392225864],[0.994856704345161],20,0.012225003852320776
609,0.015535323358261912,0.0,4,10000,[118.6213207296033],[2072.1312392225864],[0.994856704345161],20,0.012225003852320776
610,-0.0074870911867723116,0.0,4,10000,[118.6213207296033],[2072.1312392225864],[0.994856704345161],20,0.012225003852320776
611,-0.022813883073076646,0.0,4,10000,[118.6213207296033],[2072.1312392225864],[0.994856704345161],20,0.012225003852320776
612,0.009608057169528464,0.0,4,10000,[118.6213207296033],[2072.1312392225864],[0.994856704345161],20,0.012225003852320776
613,-0.025520597376270514,0.0,4,10000,[118.6213207296033],[2072.1312392225864],[0.994856704345161],20,0.012225003852320776
614,-0.024267206262870083,0.0,4,10000,[118.6213207296033],[2072.1312392225864],[0.994856704345161],20,0.012225003852320776
615,0.0061329994851320405,0.0,4,10000,[118.6213207296033],[2072.1312392225864],[0.994856704345161],20,0.012225003852320776
616,0.0012558005427493629,0.0,4,10000,[118.6213207296033],[2072.1312392225864],[0.994856704345161],20,0.012225003852320776
617,0.01046648320572868,0.0,4,10000,[118.6213207296033],[2072.1312392225864],[0.994856704345161],20,0.012225003852320776
618,0.0014459481913305667,0.0,4,10000,[118.6213207296033],[2072.1312392225864],[0.994856704345161],20,0.012225003852320776
619,-0.002932613859889327,0.0,4,10000,[118.6213207296033],[2072.1312392225864],[0.994856704345161],20,0.012225003852320776
620,0.0011325460456141434,0.0,4,10000,[118.6213207296033],[2072.1312392225864],[0.994856704345161],20,0.012225003852320776
621,-0.017146313534356715,0.0,4,10000,[118.6213207296033],[2072.1312392225864],[0.994856704345161],20,0.012225003852320776
622,-0.009739814141690404,0.0,4,10000,[118.6213207296033],[2072.1312392225864],[0.994856704345161],20,0.012225003852320776
623,0.02530503655894367,0.0,4,10000,[118.6213207296033],[2072.1312392225864],[0.994856704345161],20,0.012225003852320776
624,0.011030653345924289,0.0,4,10000,[118.6213207296033],[2072.1312392225864],[0.994856704345161],20,0.012225003852320776
625,-0.000293491793910621,0.0,4,10000,[118.6213207296033],[2072.1312392225864],[0.994856704345161],20,0.012225003852320776
626,0.005713633554810115,0.0,4,10000,[118.6213207296033],[2072.1312392225864],[0.994856704345161],20,0.012225003852320776
627,5.46704509835114e-05,0.0,4,10000,[118.6213207296033],[2072.1312392225864],[0.994856704345161],20,0.012225003852320776
628,0.011935504504841416,0.0,4,10000,[118.6213207296033],[2072.1312392225864],[0.994856704345161],20,0.012225003852320776
629,-0.005640701078829278,0.0,4,10000,[118.6213207296033],[2072.1312392225864],[0.994856704345161],20,0.012225003852320776
630,-0.015471055754464195,0.0,4,10000,[118.6213207296033],[2072.1312392225864],[0.994856704345161],20,0.012225003852320776
631,0.02238826580458663,0.0,4,10000,[118.6213207296033],[2072.1312392225864],[0.994856704345161],20,0.012225003852320776
632,0.02446499885135698,0.0,4,10000,[118.6213207296033],[2072.1312392225864],[0.994856704345161],20,0.012225003852320776
633,-0.012902740572492136,0.0,4,10000,[118.6213207296033],[2072.1312392225864],[0.994856704345161],20,0.012225003852320776
634,-0.008626345211920244,0.0,4,10000,[118.6213207296033],[2072.1312392225864],[0.994856704345161],20,0.012225003852320776
635,0.01036207288137988,0.0,4,10000,[118.6213207296033],[2072.1312392225864],[0.994856704345161],20,0.012225003852320776
636,-0.0021961962604060887,0.0,4,10000,[118.6213207296033],[2072.1312392225864],[0.994856704345161],20,0.012225003852320776
637,0.008413887365373572,0.0,4,10000,[118.6213207296033],[2072.1312392225864],[0.994856704345161],20,0.012225003852320776
638,-0.018322900084676214,0.0,4,10000,[118.6213207296033],[2072.1312392225864],[0.994856704345161],20,0.012225003852320776
639,-0.014539519788230777,0.0,4,10000,[118.6213207296033],[2072.1312392225864],[0.994856704345161],20,0.012225003852320776
640,0.007019162733561779,0.0,4,10000,[118.6213207296033],[2072.1312392225864],[0.994856704345161],20,0.012225003852320776
641,0.015537070623138003,0.0,4,10000,[118.6213207296033],[2072.1312392225864],[0.994856704345161],20,0.012225003852320776
642,-0.002542507383073438,0.0,4,10000,[118.6213207296033],[2072.1312392225864],[0.994856704345161],20,0.012225003852320776
643,-0.013947945350677981,0.0,4,10000,[118.6213207296033],[2072.1312392225864],[0.994856704345161],20,0.012225003852320776
644,-0.013737989405827138,0.0,4,10000,[118.6213207296033],[2072.1312392225864],[0.994856704345161],20,0.012225003852320776
645,-0.023686221801870022,0.0,4,10000,[118.6213207296033],[2072.1312392225864],[0.994856704345161],20,0.012225003852320776
646,-0.009067472714482754,0.0,4,10000,[118.6213207296033],[2072.1312392225864],[0.994856704345161],20,0.012225003852320776
647,-0.00873069958717103,0.0,4,10000,[118.6213207296033],[2072.1312392225864],[0.994856704345161],20,0.012225003852320776
648,0.0033453511082461042,0.0,4,10000,[118.6213207296033],[2072.1312392225864],[0.994856704345161],20,0.012225003852320776
649,-0.0025475424033052636,0.0,4,10000,[118.6213207296033],[2072.1312392225864],[0.994856704345161],20,0.012225003852320776
650,-0.01552866309250015,0.0,4,10000,[118.6213207296033],[2072.1312392225864],[0.994856704345161],20,0.012225003852320776
651,0.0038920524950544163,0.0,4,10000,[118.6213207296033],[2072.1312392225864],[0.994856704345161],20,0.012225003852320776
652,-0.00750874493765735,0.0,4,10000,[118.6213207296033],[2072.1312392225864],[0.994856704345161],20,0.012225003852320776
653,0.036186749163228164,0.0,4,10000,[118.6213207296033],[2072.1312392225864],[0.994856704345161],20,0.012225003852320776
654,-0.0035217432918189092,0.0,4,10000,[118.6213207296033],[2072.1312392225864],[0.994856704345161],20,0.012225003852320776
655,-0.005753437566373812,0.0,4,10000,[118.6213207296033],[2072.1312392225864],[0.994856704345161],20,0.012225003852320776
656,0.015332192394237724,0.0,4,10000,[118.6213207296033],[2072.1312392225864],[0.994856704345161],20,0.012225003852320776
657,0.0014703377391841448,0.0,4,10000,[118.6213207296033],[2072.1312392225864],[0.994856704345161],20,0.012225003852320776
658,-0.013081716529139174,0.0,4,10000,[118.6213207296033],[2072.1312392225864],[0.994856704345161],20,0.012225003852320776
659,-0.006351490548778577,0.0,4,10000,[118.6213207296033],[2072.1312392225864],[0.994856704345161],20,0.012225003852320776
660,0.009069205724117709,0.0,4,10000,[118.6213207296033],[2072.1312392225864],[0.994856704345161],20,0.012225003852320776
661,0.007505152994196449,0.0,4,10000,[118.6213207296033],[2072.1312392225864],[0.994856704345161],20,0.012225003852320776
662,-0.009630928103358355,0.0,4,10000,[118.6213207296033],[2072.1312392225864],[0.994856704345161],20,0.012225003852320776
663,-0.013116201152325075,0.0,4,10000,[118.6213207296033],[2072.1312392225864],[0.994856704345161],20,0.012225003852320776
664,0.006098104766960785,0.0,4,10000,[118.6213207296033],[2072.1312392225864],[0.994856704345161],20,0.012225003852320776
665,0.004595426319635206,0.0,4,10000,[118.6213207296033],[2072.1312392225864],[0.994856704345161],20,0.012225003852320776
666,-0.007454751794168633,0.0,4,10000,[118.6213207296033],[2072.1312392225864],[0.994856704345161],20,0.012225003852320776
667,0.025357517249724345,0.0,4,10000,[118.6213207296033],[2072.1312392225864],[0.994856704345161],20,0.012225003852320776
668,-0.013319171934395349,0.0,4,10000,[118.6213207296033],[2072.1312392225864],[0.994856704345161],20,0.012225003852320776
669,0.012676874161961593,0.0,4,10000,[118.6213207296033],[2072.1312392225864],[0.994856704345161],20,0.012225003852320776
670,-0.026332237982013687,0.0,4,10000,[118.6213207296033],[2072.1312392225864],[0.994856704345161],20,0.012225003852320776
671,-0.004515775626065985,0.0,4,10000,[118.6213207296033],[2072.1312392225864],[0.994856704345161],20,0.012225003852320776
672,0.013416193238089534,0.0,4,10000,[118.6213207296033],[2072.1312392225864],[0.994856704345161],20,0.012225003852320776
673,0.020872451296693323,0.0,4,10000,[118.6213207296033],[2072.1312392225864],[0.994856704345161],20,0.012225003852320776
674,-0.004577319898935873,0.0,4,10000,[118.6213207296033],[2072.1312392225864],[0.994856704345161],20,0.012225003852320776
675,0.005805225751972836,0.0,4,10000,[118.6213207296033],[2072.1312392225864],[0.994856704345161],20,0.012225003852320776
676,-0.006815169167252911,0.0,4,10000,[118.6213207296033],[2072.1312392225864],[0.994856704345161],20,0.012225003852320776
677,-0.00039559211347115733,0.0,4,10000,[118.6213207296033],[2072.1312392225864],[0.994856704345161],20,0.012225003852320776
678,0.012046909610726814,0.0,4,10000,[118.6213207296033],[2072.1312392225864],[0.994856704345161],20,0.012225003852320776
679,-0.01662985411565462,0.0,4,10000,[118.6213207296033],[2072.1312392225864],[0.994856704345161],20,0.012225003852320776
680,-0.010270587958442734,0.0,4,10000,[118.6213207296033],[2072.1312392225864],[0.994856704345161],20,0.012225003852320776
681,-2.6444891078599562e-05,0.0,4,10000,[118.6213207296033],[2072.1312392225864],[0.994856704345161],20,0.012225003852320776
682,0.007260832936882288,0.0,4,10000,[118.6213207296033],[2072.1312392225864],[0.994856704345161],20,0.012225003852320776
683,-0.019664543256404377,0.0,4,10000,[118.6213207296033],[2072.1312392225864],[0.994856704345161],20,0.012225003852320776
684,0.020684066389964065,0.0,4,10000,[118.6213207296033],[2072.1312392225864],[0.994856704345161],20,0.012225003852320776
685,-0.003999620082668989,0.0,4,10000,[118.6213207296033],[2072.1312392225864],[0.994856704345161],20,0.012225003852320776
686,0.010980983595184506,0.0,4,10000,[118.6213207296033],[2072.1312392225864],[0.994856704345161],20,0.012225003852320776
687,-0.024906786600895573,0.0,4,10000,[118.6213207296033],[2072.1312392225864],[0.994856704345161],20,0.012225003852320776
688,0.011098641659795416,0.0,4,10000,[118.6213207296033],[2072.1312392225864],[0.994856704345161],20,0.012225003852320776
689,0.02434724708214564,0.0,4,10000,[118.6213207296033],[2072.1312392225864],[0.994856704345161],20,0.012225003852320776
690,-0.006439704374507834,0.0,4,10000,[118.6213207296033],[2072.1312392225864],[0.994856704345161],20,0.012225003852320776
691,-0.018566365810913945,0.0,4,10000,[118.6213207296033],[2072.1312392225864],[0.994856704345161],20,0.012225003852320776
692,-0.018783020061649426,0.0,4,10000,[118.6213207296033],[2072.1312392225864],[0.994856704345161],20,0.012225003852320776
693,-0.01706282871401306,0.0,4,10000,[118.6213207296033],[2072.1312392225864],[0.994856704345161],20,0.012225003852320776
694,0.015615117253825066,0.0,4,10000,[118.6213207296033],[2072.1312392225864],[0.994856704345161],20,0.012225003852320776
695,0.017008962743606672,0.0,4,10000,[118.6213207296033],[2072.1312392225864],[0.994856704345161],20,0.012225003852320776
696,0.006887096821745001,0.0,4,10000,[118.6213207296033],[2072.1312392225864],[0.994856704345161],20,0.012225003852320776
697,-0.017868740803909884,0.0,4,10000,[118.6213207296033],[2072.1312392225864],[0.994856704345161],20,0.012225003852320776
698,-0.004913792692662942,0.0,4,10000,[118.6213207296033],[2072.1312392225864],[0.994856704345161],20,0.012225003852320776
699,-0.008715666128540706,0.0,4,10000,[118.6213207296033],[2072.1312392225864],[0.994856704345161],20,0.012225003852320776
700,0.013503992578212371,0.0,4,10000,[118.6213207296033],[2072.1312392225864],[0.994856704345161],20,0.012225003852320776
701,-0.01201463507309052,0.0,4,10000,[118.6213207296033],[2072.1312392225864],[0.994856704345161],20,0.012225003852320776
702,-0.005687312673519151,0.0,4,10000,[118.6213207296033],[2072.1312392225864],[0.994856704345161],20,0.012225003852320776
703,0.023985482722889615,0.0,4,10000,[118.6213207296033],[2072.1312392225864],[0.994856704345161],20,0.012225003852320776
704,0.022133951533031136,0.0,4,10000,[118.6213207296033],[2072.1312392225864],[0.994856704345161],20,0.012225003852320776
705,-0.014564320450688903,0.0,4,10000,[118.6213207296033],[2072.1312392225864],[0.994856704345161],20,0.012225003852320776
706,-0.0009178834530202177,0.0,4,10000,[118.6213207296033],[2072.1312392225864],[0.994856704345161],20,0.012225003852320776
707,-0.0016904792072596816,0.0,4,10000,[118.6213207296033],[2072.1312392225864],[0.994856704345161],20,0.012225003852320776
708,-0.00841054789508726,0.0,4,10000,[118.6213207296033],[2072.1312392225864],[0.994856704345161],20,0.012225003852320776
709,-0.02352054564198624,0.0,4,10000,[118.6213207296033],[2072.1312392225864],[0.994856704345161],20,0.012225003852320776
710,0.032392901813354406,0.0,4,10000,[118.6213207296033],[2072.1312392225864],[0.994856704345161],20,0.012225003852320776
711,-0.0021923383519035495,0.0,4,10000,[118.6213207296033],[2072.1312392225864],[0.994856704345161],20,0.012225003852320776
712,0.004839496114608033,0.0,4,10000,[118.6213207296033],[2072.1312392225864],[0.994856704345161],20,0.012225003852320776
713,0.0075437021023084605,0.0,4,10000,[118.6213207296033],[2072.1312392225864],[0.994856704345161],20,0.012225003852320776
714,0.0002967472801223164,0.0,4,10000,[118.6213207296033],[2072.1312392225864],[0.994856704345161],20,0.012225003852320776
715,-0.005622591352083374,0.0,4,10000,[118.6213207296033],[2072.1312392225864],[0.994856704345161],20,0.012225003852320776
716,0.001265320563546983,0.0,4,10000,[118.6213207296033],[2072.1312392225864],[0.994856704345161],20,0.012225003852320776
717,0.00990033729781724,0.0,4,10000,[118.6213207296033],[2072.1312392225864],[0.994856704345161],20,0.012225003852320776
718,-0.00951167214967505,0.0,4,10000,[118.6213207296033],[2072.1312392225864],[0.994856704345161],20,0.012225003852320776
719,0.006492152878939367,0.0,4,10000,[118.6213207296033],[2072.1312392225864],[0.994856704345161],20,0.012225003852320776
720,0.0016241878533376302,0.0,4,10000,[118.6213207296033],[2072.1312392225864],[0.994856704345161],20,0.012225003852320776
721,0.025062357115710386,0.0,4,10000,[118.6213207296033],[2072.1312392225864],[0.994856704345161],20,0.012225003852320776
722,0.0029240010925379954,0.0,4,10000,[118.6213207296033],[2072.1312392225864],[0.994856704345161],20,0.012225003852320776
723,-0.005065780285858245,0.0,4,10000,[118.6213207296033],[2072.1312392225864],[0.994856704345161],20,0.012225003852320776
724,0.011913459209696754,0.0,4,10000,[118.6213207296033],[2072.1312392225864],[0.994856704345161],20,0.012225003852320776
725,-0.017308289087070734,0.0,4,10000,[118.6213207296033],[2072.1312392225864],[0.994856704345161],20,0.012225003852320776
726,-0.005067843512168435,0.0,4,10000,[118.6213207296033],[2072.1312392225864],[0.994856704345161],20,0.012225003852320776
727,-0.009443933199053492,0.0,4,10000,[118.6213207296033],[2072.1312392225864],[0.994856704345161],20,0.012225003852320776
728,0.012331806094379233,0.0,4,10000,[118.6213207296033],[2072.1312392225864],[0.994856704345161],20,0.012225003852320776
729,-0.008580873223951072,0.0,4,10000,[118.6213207296033],[2072.1312392225864],[0.994856704345161],20,0.012225003852320776
730,-0.014121145034387338,0.0,4,10000,[118.6213207296033],[2072.1312392225864],[0.994856704345161],20,0.012225003852320776
731,-0.013666348465170978,0.0,4,10000,[118.6213207296033],[2072.1312392225864],[0.994856704345161],20,0.012225003852320776
732,0.01475020887948385,0.0,4,10000,[118.6213207296033],[2072.1312392225864],[0.994856704345161],20,0.012225003852320776
733,-0.007178513398530299,0.0,4,10000,[118.6213207296033],[2072.1312392225864],[0.994856704345161],20,0.012225003852320776
734,0.0067242145302840685,0.0,4,10000,[118.6213207296033],[2072.1312392225864],[0.994856704345161],20,0.012225003852320776
735,-0.014190420537307789,0.0,4,10000,[118.6213207296033],[2072.1312392225864],[0.994856704345161],20,0.012225003852320776
736,-0.0018130063457016446,0.0,4,10000,[118.6213207296033],[2072.1312392225864],[0.994856704345161],20,0.012225003852320776
737,-0.0018306798236937614,0.0,4,10000,[118.6213207296033],[2072.1312392225864],[0.994856704345161],20,0.012225003852320776
738,-0.007630280565322556,0.0,4,10000,[118.6213207296033],[2072.1312392225864],[0.994856704345161],20,0.012225003852320776
739,0.001178999605098887,0.0,4,10000,[118.6213207296033],[2072.1312392225864],[0.994856704345161],20,0.012225003852320776
740,0.0016342879024902573,0.0,4,10000,[118.6213207296033],[2072.1312392225864],[0.994856704345161],20,0.012225003852320776
741,0.0072449930418313395,0.0,4,10000,[118.6213207296033],[2072.1312392225864],[0.994856704345161],20,0.012225003852320776
742,-0.0012087316363744512,0.0,4,10000,[118.6213207296033],[2072.1312392225864],[0.994856704345161],20,0.012225003852320776
743,-0.0069201051676879505,0.0,4,10000,[118.6213207296033],[2072.1312392225864],[0.994856704345161],20,0.012225003852320776
744,-0.009410068652809734,0.0,4,10000,[118.6213207296033],[2072.1312392225864],[0.994856704345161],20,0.012225003852320776
745,0.004458866177922104,0.0,4,10000,[118.6213207296033],[2072.1312392225864],[0.994856704345161],20,0.012225003852320776
746,0.008262336980388186,0.0,4,10000,[118.6213207296033],[2072.1312392225864],[0.994856704345161],20,0.012225003852320776
747,-0.00818691805534628,0.0,4,10000,[118.6213207296033],[2072.1312392225864],[0.994856704345161],20,0.012225003852320776
748,-0.007710273387169161,0.0,4,10000,[118.6213207296033],[2072.1312392225864],[0.994856704345161],20,0.012225003852320776
749,0.015447925512376767,0.0,4,10000,[118.6213207296033],[2072.1312392225864],[0.994856704345161],20,0.012225003852320776
750,0.025780329419989104,0.0,4,10000,[118.6213207296033],[2072.1312392225864],[0.994856704345161],20,0.012225003852320776
751,0.020820646441731205,0.0,4,10000,[118.6213207296033],[2072.1312392225864],[0.994856704345161],20,0.012225003852320776
752,-0.0028960186636504677,0.0,4,10000,[118.6213207296033],[2072.1312392225864],[0.994856704345161],20,0.012225003852320776
753,-0.007081357142739675,0.0,4,10000,[118.6213207296033],[2072.1312392225864],[0.994856704345161],20,0.012225003852320776
754,-0.011516973466620582,0.0,4,10000,[118.6213207296033],[2072.1312392225864],[0.994856704345161],20,0.012225003852320776
755,-0.0032510448843792138,0.0,4,10000,[118.6213207296033],[2072.1312392225864],[0.994856704345161],20,0.012225003852320776
756,0.008864164925451326,0.0,4,10000,[118.6213207296033],[2072.1312392225864],[0.994856704345161],20,0.012225003852320776
757,-0.022991193574815993,0.0,4,10000,[118.6213207296033],[2072.1312392225864],[0.994856704345161],20,0.012225003852320776
758,0.00809191608163525,0.0,4,10000,[118.6213207296033],[2072.1312392225864],[0.994856704345161],20,0.012225003852320776
759,0.01844221549729595,0.0,4,10000,[118.6213207296033],[2072.1312392225864],[0.994856704345161],20,0.012225003852320776
760,-3.036089236188799e-05,0.0,4,10000,[118.6213207296033],[2072.1312392225864],[0.994856704345161],20,0.012225003852320776
761,-0.003520174646805278,0.0,4,10000,[118.6213207296033],[2072.1312392225864],[0.994856704345161],20,0.012225003852320776
762,0.0016023048082095895,0.0,4,10000,[118.6213207296033],[2072.1312392225864],[0.994856704345161],20,0.012225003852320776
763,0.009475662825380735,0.0,4,10000,[118.6213207296033],[2072.1312392225864],[0.994856704345161],20,0.012225003852320776
764,0.011513886912195445,0.0,4,10000,[118.6213207296033],[2072.1312392225864],[0.994856704345161],20,0.012225003852320776
765,-0.01823132183740741,0.0,4,10000,[118.6213207296033],[2072.1312392225864],[0.994856704345161],20,0.012225003852320776
766,-0.0024550668595490393,0.0,4,10000,[118.6213207296033],[2072.1312392225864],[0.994856704345161],20,0.012225003852320776
767,0.017660188729269943,0.0,4,10000,[118.6213207296033],[2072.1312392225864],[0.994856704345161],20,0.012225003852320776
768,0.012130310978994335,0.0,4,10000,[118.6213207296033],[2072.1312392225864],[0.994856704345161],20,0.012225003852320776
769,-0.009039998916197362,0.0,4,10000,[118.6213207296033],[2072.1312392225864],[0.994856704345161],20,0.012225003852320776
770,-0.010522131460454009,0.0,4,10000,[118.6213207296033],[2072.1312392225864],[0.994856704345161],20,0.012225003852320776
771,0.02507165057745598,0.0,4,10000,[118.6213207296033],[2072.1312392225864],[0.994856704345161],20,0.012225003852320776
772,-0.010186461321131332,0.0,4,10000,[118.6213207296033],[2072.1312392225864],[0.994856704345161],20,0.012225003852320776
773,0.0008974146590821801,0.0,4,10000,[118.6213207296033],[2072.1312392225864],[0.994856704345161],20,0.012225003852320776
774,-0.013149826654822857,0.0,4,10000,[118.6213207296033],[2072.1312392225864],[0.994856704345161],20,0.012225003852320776
775,-0.0033030705057230055,0.0,4,10000,[118.6213207296033],[2072.1312392225864],[0.994856704345161],20,0.012225003852320776
776,0.01425992934378432,0.0,4,10000,[118.6213207296033],[2072.1312392225864],[0.994856704345161],20,0.012225003852320776
777,0.006290506085305218,0.0,4,10000,[118.6213207296033],[2072.1312392225864],[0.994856704345161],20,0.012225003852320776
778,-0.01818628802653664,0.0,4,10000,[118.6213207296033],[2072.1312392225864],[0.994856704345161],20,0.012225003852320776
779,-0.0058559773852426495,0.0,4,10000,[118.6213207296033],[2072.1312392225864],[0.994856704345161],20,0.012225003852320776
780,-0.00046176251248486564,0.0,4,10000,[118.6213207296033],[2072.1312392225864],[0.994856704345161],20,0.012225003852320776
781,-0.01976822160891708,0.0,4,10000,[118.6213207296033],[2072.1312392225864],[0.994856704345161],20,0.012225003852320776
782,0.001364941520181639,0.0,4,10000,[118.6213207296033],[2072.1312392225864],[0.994856704345161],20,0.012225003852320776
783,0.004288769123846601,0.0,4,10000,[118.6213207296033],[2072.1312392225864],[0.994856704345161],20,0.012225003852320776
784,-0.008683463489921857,0.0,4,10000,[118.6213207296033],[2072.1312392225864],[0.994856704345161],20,0.012225003852320776
785,0.020696891154416804,0.0,4,10000,[118.6213207296033],[2072.1312392225864],[0.994856704345161],20,0.012225003852320776
786,0.0162986128152086,0.0,4,10000,[118.6213207296033],[2072.1312392225864],[0.994856704345161],20,0.012225003852320776
787,-0.0017873305898415124,0.0,4,10000,[118.6213207296033],[2072.1312392225864],[0.994856704345161],20,0.012225003852320776
788,-0.0027130149362219864,0.0,4,10000,[118.6213207296033],[2072.1312392225864],[0.994856704345161],20,0.012225003852320776
789,0.01843673510137899,0.0,4,10000,[118.6213207296033],[2072.1312392225864],[0.994856704345161],20,0.012225003852320776
790,0.015107508722954226,0.0,4,10000,[118.6213207296033],[2072.1312392225864],[0.994856704345161],20,0.012225003852320776
791,-0.023010865818192186,0.0,4,10000,[118.6213207296033],[2072.1312392225864],[0.994856704345161],20,0.012225003852320776
792,0.011335200199592011,0.0,4,10000,[118.6213207296033],[2072.1312392225864],[0.994856704345161],20,0.012225003852320776
793,0.004945588403118217,0.0,4,10000,[118.6213207296033],[2072.1312392225864],[0.994856704345161],20,0.012225003852320776
794,0.00460683453826262,0.0,4,10000,[118.6213207296033],[2072.1312392225864],[0.994856704345161],20,0.012225003852320776
795,-0.011159114123429783,0.0,4,10000,[118.6213207296033],[2072.1312392225864],[0.994856704345161],20,0.012225003852320776
796,0.005262160488146009,0.0,4,10000,[118.6213207296033],[2072.1312392225864],[0.994856704345161],20,0.012225003852320776
797,-0.011398014645680186,0.0,4,10000,[118.6213207296033],[2072.1312392225864],[0.994856704345161],20,0.012225003852320776
798,0.007850424049806995,0.0,4,10000,[118.6213207296033],[2072.1312392225864],[0.994856704345161],20,0.012225003852320776
799,-0.007991873329490385,0.0,4,10000,[118.6213207296033],[2072.1312392225864],[0.994856704345161],20,0.012225003852320776
800,0.009029230526762652,0.0,4,10000,[118.6213207296033],[2072.1312392225864],[0.994856704345161],20,0.012225003852320776
801,0.0026011706164092954,0.0,4,10000,[118.6213207296033],[2072.1312392225864],[0.994856704345161],20,0.012225003852320776
802,0.017953572656169727,0.0,4,10000,[118.6213207296033],[2072.1312392225864],[0.994856704345161],20,0.012225003852320776
803,-0.03160078945529067,0.0,4,10000,[118.6213207296033],[2072.1312392225864],[0.994856704345161],20,0.012225003852320776
804,0.0010125551907741149,0.0,4,10000,[118.6213207296033],[2072.1312392225864],[0.994856704345161],20,0.012225003852320776
805,0.028684715356602077,0.0,4,10000,[118.6213207296033],[2072.1312392225864],[0.994856704345161],20,0.012225003852320776
806,0.01615589650202732,0.0,4,10000,[118.6213207296033],[2072.1312392225864],[0.994856704345161],20,0.012225003852320776
807,0.010159786525035805,0.0,4,10000,[118.6213207296033],[2072.1312392225864],[0.994856704345161],20,0.012225003852320776
808,-0.010752914129626895,0.0,4,10000,[118.6213207296033],[2072.1312392225864],[0.994856704345161],20,0.012225003852320776
809,-0.0007245487116179048,0.0,4,10000,[118.6213207296033],[2072.1312392225864],[0.994856704345161],20,0.012225003852320776
810,-0.006655698863486584,0.0,4,10000,[118.6213207296033],[2072.1312392225864],[0.994856704345161],20,0.012225003852320776
811,0.0007335171882134069,0.0,4,10000,[118.6213207296033],[2072.1312392225864],[0.994856704345161],20,0.012225003852320776
812,-0.004302602321040211,0.0,4,10000,[118.6213207296033],[2072.1312392225864],[0.994856704345161],20,0.012225003852320776
813,-0.006342346472505012,0.0,4,10000,[118.6213207296033],[2072.1312392225864],[0.994856704345161],20,0.012225003852320776
814,0.023333253762486968,0.0,4,10000,[118.6213207296033],[2072.1312392225864],[0.994856704345161],20,0.012225003852320776
815,-0.0006658068270751378,0.0,4,10000,[118.6213207296033],[2072.1312392225864],[0.994856704345161],20,0.012225003852320776
816,0.0192916970115556,0.0,4,10000,[118.6213207296033],[2072.1312392225864],[0.994856704345161],20,0.012225003852320776
817,0.019624257825339303,0.0,4,10000,[118.6213207296033],[2072.1312392225864],[0.994856704345161],20,0.012225003852320776
818,-0.012211490484496016,0.0,4,10000,[118.6213207296033],[2072.1312392225864],[0.994856704345161],20,0.012225003852320776
819,-0.006567070459352418,0.0,4,10000,[118.6213207296033],[2072.1312392225864],[0.994856704345161],20,0.012225003852320776
820,-0.010251799357923376,0.0,4,10000,[118.6213207296033],[2072.1312392225864],[0.994856704345161],20,0.012225003852320776
821,-0.0010654465010802579,0.0,4,10000,[118.6213207296033],[2072.1312392225864],[0.994856704345161],20,0.012225003852320776
822,-0.013338918907077914,0.0,4,10000,[118.6213207296033],[2072.1312392225864],[0.994856704345161],20,0.012225003852320776
823,0.029654928790857595,0.0,4,10000,[118.6213207296033],[2072.1312392225864],[0.994856704345161],20,0.012225003852320776
824,-0.029201498442526813,0.0,4,10000,[118.6213207296033],[2072.1312392225864],[0.994856704345161],20,0.012225003852320776
825,0.023559534412133418,0.0,4,10000,[118.6213207296033],[2072.1312392225864],[0.994856704345161],20,0.012225003852320776
826,-0.00821308883150746,0.0,4,10000,[118.6213207296033],[2072.1312392225864],[0.994856704345161],20,0.012225003852320776
827,-0.011507732100309734,0.0,4,10000,[118.6213207296033],[2072.1312392225864],[0.994856704345161],20,0.012225003852320776
828,-0.011315809098068114,0.0,4,10000,[118.6213207296033],[2072.1312392225864],[0.994856704345161],20,0.012225003852320776
829,-0.018258060392752545,0.0,4,10000,[118.6213207296033],[2072.1312392225864],[0.994856704345161],20,0.012225003852320776
830,0.01771541475684011,0.0,4,10000,[118.6213207296033],[2072.1312392225864],[0.994856704345161],20,0.012225003852320776
831,0.004865505767319974,0.0,4,10000,[118.6213207296033],[2072.1312392225864],[0.994856704345161],20,0.012225003852320776
832,0.01116924958990142,0.0,4,10000,[118.6213207296033],[2072.1312392225864],[0.994856704345161],20,0.012225003852320776
833,0.014148096183018682,0.0,4,10000,[118.6213207296033],[2072.1312392225864],[0.994856704345161],20,0.012225003852320776
834,-0.018420625012886677,0.0,4,10000,[118.6213207296033],[2072.1312392225864],[0.994856704345161],20,0.012225003852320776
835,-0.01481047773810728,0.0,4,10000,[118.6213207296033],[2072.1312392225864],[0.994856704345161],20,0.012225003852320776
836,0.0034635975296627764,0.0,4,10000,[118.6213207296033],[2072.1312392225864],[0.994856704345161],20,0.012225003852320776
837,-0.001695224715635052,0.0,4,10000,[118.6213207296033],[2072.1312392225864],[0.994856704345161],20,0.012225003852320776
838,0.0024767550888773293,0.0,4,10000,[118.6213207296033],[2072.1312392225864],[0.994856704345161],20,0.012225003852320776
839,0.006329142248714929,0.0,4,10000,[118.6213207296033],[2072.1312392225864],[0.994856704345161],20,0.012225003852320776
840,0.009514574752212282,0.0,4,10000,[118.6213207296033],[2072.1312392225864],[0.994856704345161],20,0.012225003852320776
841,-0.005647440382339758,0.0,4,10000,[118.6213207296033],[2072.1312392225864],[0.994856704345161],20,0.012225003852320776
842,-0.0009665751967177894,0.0,4,10000,[118.6213207296033],[2072.1312392225864],[0.994856704345161],20,0.012225003852320776
843,-0.008790771839250196,0.0,4,10000,[118.6213207296033],[2072.1312392225864],[0.994856704345161],20,0.012225003852320776
844,0.013270141267195832,0.0,4,10000,[118.6213207296033],[2072.1312392225864],[0.994856704345161],20,0.012225003852320776
845,-0.0010769829409253086,0.0,4,10000,[118.6213207296033],[2072.1312392225864],[0.994856704345161],20,0.012225003852320776
846,0.008460846607616958,0.0,4,10000,[118.6213207296033],[2072.1312392225864],[0.994856704345161],20,0.012225003852320776
847,-0.014781096523513853,0.0,4,10000,[118.6213207296033],[2072.1312392225864],[0.994856704345161],20,0.012225003852320776
848,0.0032756008048641628,0.0,4,10000,[118.6213207296033],[2072.1312392225864],[0.994856704345161],20,0.012225003852320776
849,-0.00567747808215852,0.0,4,10000,[118.6213207296033],[2072.1312392225864],[0.994856704345161],20,0.012225003852320776
850,0.004784029179192824,0.0,4,10000,[118.6213207296033],[2072.1312392225864],[0.994856704345161],20,0.012225003852320776
851,0.020789747357561717,0.0,4,10000,[118.6213207296033],[2072.1312392225864],[0.994856704345161],20,0.012225003852320776
852,0.03538472286248364,0.0,4,10000,[118.6213207296033],[2072.1312392225864],[0.994856704345161],20,0.012225003852320776
853,-0.015438890033949954,0.0,4,10000,[118.6213207296033],[2072.1312392225864],[0.994856704345161],20,0.012225003852320776
854,0.0020560056062004614,0.0,4,10000,[118.6213207296033],[2072.1312392225864],[0.994856704345161],20,0.012225003852320776
855,0.004535423848657981,0.0,4,10000,[118.6213207296033],[2072.1312392225864],[0.994856704345161],20,0.012225003852320776
856,0.00027326052996201394,0.0,4,10000,[118.6213207296033],[2072.1312392225864],[0.994856704345161],20,0.012225003852320776
857,-1.70982775610817e-05,0.0,4,10000,[118.6213207296033],[2072.1312392225864],[0.994856704345161],20,0.012225003852320776
858,-0.0026677672635760895,0.0,4,10000,[118.6213207296033],[2072.1312392225864],[0.994856704345161],20,0.012225003852320776
859,-0.006247986747943996,0.0,4,10000,[118.6213207296033],[2072.1312392225864],[0.994856704345161],20,0.012225003852320776
860,0.0027361328173382033,0.0,4,10000,[118.6213207296033],[2072.1312392225864],[0.994856704345161],20,0.012225003852320776
861,0.019011973617336347,0.0,4,10000,[118.6213207296033],[2072.1312392225864],[0.994856704345161],20,0.012225003852320776
862,-0.0014551382709310058,0.0,4,10000,[118.6213207296033],[2072.1312392225864],[0.994856704345161],20,0.012225003852320776
863,0.017494449622996403,0.0,4,10000,[118.6213207296033],[2072.1312392225864],[0.994856704345161],20,0.012225003852320776
864,0.0064923239487140435,0.0,4,10000,[118.6213207296033],[2072.1312392225864],[0.994856704345161],20,0.012225003852320776
865,0.01481348693444524,0.0,4,10000,[118.6213207296033],[2072.1312392225864],[0.994856704345161],20,0.012225003852320776
866,0.01882534500184068,0.0,4,10000,[118.6213207296033],[2072.1312392225864],[0.994856704345161],20,0.012225003852320776
867,0.022956776978756626,0.0,4,10000,[118.6213207296033],[2072.1312392225864],[0.994856704345161],20,0.012225003852320776
868,-0.007791860522169725,0.0,4,10000,[118.6213207296033],[2072.1312392225864],[0.994856704345161],20,0.012225003852320776
869,-0.013053110915009571,0.0,4,10000,[118.6213207296033],[2072.1312392225864],[0.994856704345161],20,0.012225003852320776
870,0.018986437488313045,0.0,4,10000,[118.6213207296033],[2072.1312392225864],[0.994856704345161],20,0.012225003852320776
871,-0.003810610725165834,0.0,4,10000,[118.6213207296033],[2072.1312392225864],[0.994856704345161],20,0.012225003852320776
872,0.004982292345331059,0.0,4,10000,[118.6213207296033],[2072.1312392225864],[0.994856704345161],20,0.012225003852320776
873,-0.0005730655057340381,0.0,4,10000,[118.6213207296033],[2072.1312392225864],[0.994856704345161],20,0.012225003852320776
874,-0.02219303020020153,0.0,4,10000,[118.6213207296033],[2072.1312392225864],[0.994856704345161],20,0.012225003852320776
875,-0.011476077485231136,0.0,4,10000,[118.6213207296033],[2072.1312392225864],[0.994856704345161],20,0.012225003852320776
876,-0.003052258324582128,0.0,4,10000,[118.6213207296033],[2072.1312392225864],[0.994856704345161],20,0.012225003852320776
877,0.010204006430213795,0.0,4,10000,[118.6213207296033],[2072.1312392225864],[0.994856704345161],20,0.012225003852320776
878,0.017348946929383994,0.0,4,10000,[118.6213207296033],[2072.1312392225864],[0.994856704345161],20,0.012225003852320776
879,0.008925586805434689,0.0,4,10000,[118.6213207296033],[2072.1312392225864],[0.994856704345161],20,0.012225003852320776
880,-0.012261757418141003,0.0,4,10000,[118.6213207296033],[2072.1312392225864],[0.994856704345161],20,0.012225003852320776
881,-0.005325953985821402,0.0,4,10000,[118.6213207296033],[2072.1312392225864],[0.994856704345161],20,0.012225003852320776
882,0.012698711016956101,0.0,4,10000,[118.6213207296033],[2072.1312392225864],[0.994856704345161],20,0.012225003852320776
883,-0.005805769449111008,0.0,4,10000,[118.6213207296033],[2072.1312392225864],[0.994856704345161],20,0.012225003852320776
884,-0.0021011704120091675,0.0,4,10000,[118.6213207296033],[2072.1312392225864],[0.994856704345161],20,0.012225003852320776
885,0.007241274561218926,0.0,4,10000,[118.6213207296033],[2072.1312392225864],[0.994856704345161],20,0.012225003852320776
886,0.0016891514577755523,0.0,4,10000,[118.6213207296033],[2072.1312392225864],[0.994856704345161],20,0.012225003852320776
887,-0.0009702295883103777,0.0,4,10000,[118.6213207296033],[2072.1312392225864],[0.994856704345161],20,0.012225003852320776
888,0.013010639146575822,0.0,4,10000,[118.6213207296033],[2072.1312392225864],[0.994856704345161],20,0.012225003852320776
889,-0.0035984535002125655,0.0,4,10000,[118.6213207296033],[2072.1312392225864],[0.994856704345161],20,0.012225003852320776
890,-0.012353504309281728,0.0,4,10000,[118.6213207296033],[2072.1312392225864],[0.994856704345161],20,0.012225003852320776
891,-0.008478070061022122,0.0,4,10000,[118.6213207296033],[2072.1312392225864],[0.994856704345161],20,0.012225003852320776
892,0.01507804489246485,0.0,4,10000,[118.6213207296033],[2072.1312392225864],[0.994856704345161],20,0.012225003852320776
893,0.010474957851100268,0.0,4,10000,[118.6213207296033],[2072.1312392225864],[0.994856704345161],20,0.012225003852320776
894,-0.0013888278114649417,0.0,4,10000,[118.6213207296033],[2072.1312392225864],[0.994856704345161],20,0.012225003852320776
895,-0.013360716118976108,0.0,4,10000,[118.6213207296033],[2072.1312392225864],[0.994856704345161],20,0.012225003852320776
896,-0.018450839173046654,0.0,4,10000,[118.6213207296033],[2072.1312392225864],[0.994856704345161],20,0.012225003852320776
897,0.0018798470434699618,0.0,4,10000,[118.6213207296033],[2072.1312392225864],[0.994856704345161],20,0.012225003852320776
898,-0.024017722236225204,0.0,4,10000,[118.6213207296033],[2072.1312392225864],[0.994856704345161],20,0.012225003852320776
899,0.00027966867257716096,0.0,4,10000,[118.6213207296033],[2072.1312392225864],[0.994856704345161],20,0.012225003852320776
900,-0.006067282244176259,0.0,4,10000,[118.6213207296033],[2072.1312392225864],[0.994856704345161],20,0.012225003852320776
901,4.6253855928257205e-05,0.0,4,10000,[118.6213207296033],[2072.1312392225864],[0.994856704345161],20,0.012225003852320776
902,0.014677767447010796,0.0,4,10000,[118.6213207296033],[2072.1312392225864],[0.994856704345161],20,0.012225003852320776
903,0.011493575360611593,0.0,4,10000,[118.6213207296033],[2072.1312392225864],[0.994856704345161],20,0.012225003852320776
904,0.015932296705237,0.0,4,10000,[118.6213207296033],[2072.1312392225864],[0.994856704345161],20,0.012225003852320776
905,0.00377660460443283,0.0,4,10000,[118.6213207296033],[2072.1312392225864],[0.994856704345161],20,0.012225003852320776
906,-0.001806974870872216,0.0,4,10000,[118.6213207296033],[2072.1312392225864],[0.994856704345161],20,0.012225003852320776
907,0.0004875165134940236,0.0,4,10000,[118.6213207296033],[2072.1312392225864],[0.994856704345161],20,0.012225003852320776
908,0.011712050243298465,0.0,4,10000,[118.6213207296033],[2072.1312392225864],[0.994856704345161],20,0.012225003852320776
909,0.000690149527587423,0.0,4,10000,[118.6213207296033],[2072.1312392225864],[0.994856704345161],20,0.012225003852320776
910,0.02094656584544945,0.0,4,10000,[118.6213207296033],[2072.1312392225864],[0.994856704345161],20,0.012225003852320776
911,0.01492542896614017,0.0,4,10000,[118.6213207296033],[2072.1312392225864],[0.994856704345161],20,0.012225003852320776
912,-0.002878261424859302,0.0,4,10000,[118.6213207296033],[2072.1312392225864],[0.994856704345161],20,0.012225003852320776
913,-0.0008515818439530187,0.0,4,10000,[118.6213207296033],[2072.1312392225864],[0.994856704345161],20,0.012225003852320776
914,0.005644238288919229,0.0,4,10000,[118.6213207296033],[2072.1312392225864],[0.994856704345161],20,0.012225003852320776
915,-0.011407923338112639,0.0,4,10000,[118.6213207296033],[2072.1312392225864],[0.994856704345161],20,0.012225003852320776
916,-0.028264124089392093,0.0,4,10000,[118.6213207296033],[2072.1312392225864],[0.994856704345161],20,0.012225003852320776
917,0.0032426789991103094,0.0,4,10000,[118.6213207296033],[2072.1312392225864],[0.994856704345161],20,0.012225003852320776
918,0.007789298829696388,0.0,4,10000,[118.6213207296033],[2072.1312392225864],[0.994856704345161],20,0.012225003852320776
919,-0.005237954171912458,0.0,4,10000,[118.6213207296033],[2072.1312392225864],[0.994856704345161],20,0.012225003852320776
920,0.003033751309601202,0.0,4,10000,[118.6213207296033],[2072.1312392225864],[0.994856704345161],20,0.012225003852320776
921,-0.0060118774236309095,0.0,4,10000,[118.6213207296033],[2072.1312392225864],[0.994856704345161],20,0.012225003852320776
922,0.005936756396007992,0.0,4,10000,[118.6213207296033],[2072.1312392225864],[0.994856704345161],20,0.012225003852320776
923,0.0029666143383811627,0.0,4,10000,[118.6213207296033],[2072.1312392225864],[0.994856704345161],20,0.012225003852320776
924,-0.014353698251807004,0.0,4,10000,[118.6213207296033],[2072.1312392225864],[0.994856704345161],20,0.012225003852320776
925,-0.002892497862769001,0.0,4,10000,[118.6213207296033],[2072.1312392225864],[0.994856704345161],20,0.012225003852320776
926,-0.0023673094102879826,0.0,4,10000,[118.6213207296033],[2072.1312392225864],[0.994856704345161],20,0.012225003852320776
927,-0.025049015513900225,0.0,4,10000,[118.6213207296033],[2072.1312392225864],[0.994856704345161],20,0.012225003852320776
928,-0.0006401210487957916,0.0,4,10000,[118.6213207296033],[2072.1312392225864],[0.994856704345161],20,0.012225003852320776
929,0.008051495528364419,0.0,4,10000,[118.6213207296033],[2072.1312392225864],[0.994856704345161],20,0.012225003852320776
930,0.013418136202599726,0.0,4,10000,[118.6213207296033],[2072.1312392225864],[0.994856704345161],20,0.012225003852320776
931,0.0037491405708253937,0.0,4,10000,[118.6213207296033],[2072.1312392225864],[0.994856704345161],20,0.012225003852320776
932,-0.02400676651287171,0.0,4,10000,[118.6213207296033],[2072.1312392225864],[0.994856704345161],20,0.012225003852320776
933,0.025320436617885474,0.0,4,10000,[118.6213207296033],[2072.1312392225864],[0.994856704345161],20,0.012225003852320776
934,-0.0018006760553919351,0.0,4,10000,[118.6213207296033],[2072.1312392225864],[0.994856704345161],20,0.012225003852320776
935,0.00713780628105868,0.0,4,10000,[118.6213207296033],[2072.1312392225864],[0.994856704345161],20,0.012225003852320776
936,-0.013272520795988497,0.0,4,10000,[118.6213207296033],[2072.1312392225864],[0.994856704345161],20,0.012225003852320776
937,-0.013541136472868883,0.0,4,10000,[118.6213207296033],[2072.1312392225864],[0.994856704345161],20,0.012225003852320776
938,-0.009818188032212181,0.0,4,10000,[118.6213207296033],[2072.1312392225864],[0.994856704345161],20,0.012225003852320776
939,-0.0030789200628845506,0.0,4,10000,[118.6213207296033],[2072.1312392225864],[0.994856704345161],20,0.012225003852320776
940,-0.0012333773519005802,0.0,4,10000,[118.6213207296033],[2072.1312392225864],[0.994856704345161],20,0.012225003852320776
941,0.0012545977897679657,0.0,4,10000,[118.6213207296033],[2072.1312392225864],[0.994856704345161],20,0.012225003852320776
942,0.01982434883389026,0.0,4,10000,[118.6213207296033],[2072.1312392225864],[0.994856704345161],20,0.012225003852320776
943,0.0001573836472334625,0.0,4,10000,[118.6213207296033],[2072.1312392225864],[0.994856704345161],20,0.012225003852320776
944,0.007892223957773373,0.0,4,10000,[118.6213207296033],[2072.1312392225864],[0.994856704345161],20,0.012225003852320776
945,0.016201571054254096,0.0,4,10000,[118.6213207296033],[2072.1312392225864],[0.994856704345161],20,0.012225003852320776
946,0.01974742701851851,0.0,4,10000,[118.6213207296033],[2072.1312392225864],[0.994856704345161],20,0.012225003852320776
947,0.010364062200614923,0.0,4,10000,[118.6213207296033],[2072.1312392225864],[0.994856704345161],20,0.012225003852320776
948,0.014024682345739241,0.0,4,10000,[118.6213207296033],[2072.1312392225864],[0.994856704345161],20,0.012225003852320776
949,-0.0024429273647052865,0.0,4,10000,[118.6213207296033],[2072.1312392225864],[0.994856704345161],20,0.012225003852320776
950,0.0039503790677880716,0.0,4,10000,[118.6213207296033],[2072.1312392225864],[0.994856704345161],20,0.012225003852320776
951,-0.011966059202244354,0.0,4,10000,[118.6213207296033],[2072.1312392225864],[0.994856704345161],20,0.012225003852320776
952,0.006168575392566527,0.0,4,10000,[118.6213207296033],[2072.1312392225864],[0.994856704345161],20,0.012225003852320776
953,-0.006391969213600292,0.0,4,10000,[118.6213207296033],[2072.1312392225864],[0.994856704345161],20,0.012225003852320776
954,0.01574423850448343,0.0,4,10000,[118.6213207296033],[2072.1312392225864],[0.994856704345161],20,0.012225003852320776
955,-0.014180947419966635,0.0,4,10000,[118.6213207296033],[2072.1312392225864],[0.994856704345161],20,0.012225003852320776
956,-0.011358699569565193,0.0,4,10000,[118.6213207296033],[2072.1312392225864],[0.994856704345161],20,0.012225003852320776
957,0.005027777990196858,0.0,4,10000,[118.6213207296033],[2072.1312392225864],[0.994856704345161],20,0.012225003852320776
958,-0.02004257633754986,0.0,4,10000,[118.6213207296033],[2072.1312392225864],[0.994856704345161],20,0.012225003852320776
959,-0.006595895119051555,0.0,4,10000,[118.6213207296033],[2072.1312392225864],[0.994856704345161],20,0.012225003852320776
960,-0.0015259347232698948,0.0,4,10000,[118.6213207296033],[2072.1312392225864],[0.994856704345161],20,0.012225003852320776
961,0.009890879555161795,0.0,4,10000,[118.6213207296033],[2072.1312392225864],[0.994856704345161],20,0.012225003852320776
962,-0.022571320847466023,0.0,4,10000,[118.6213207296033],[2072.1312392225864],[0.994856704345161],20,0.012225003852320776
963,-0.011550392291929295,0.0,4,10000,[118.6213207296033],[2072.1312392225864],[0.994856704345161],20,0.012225003852320776
964,-0.0024702896155104105,0.0,4,10000,[118.6213207296033],[2072.1312392225864],[0.994856704345161],20,0.012225003852320776
965,0.0012266896777146322,0.0,4,10000,[118.6213207296033],[2072.1312392225864],[0.994856704345161],20,0.012225003852320776
966,0.011362112407199483,0.0,4,10000,[118.6213207296033],[2072.1312392225864],[0.994856704345161],20,0.012225003852320776
967,0.009880908187837222,0.0,4,10000,[118.6213207296033],[2072.1312392225864],[0.994856704345161],20,0.012225003852320776
968,-0.00010260276028637406,0.0,4,10000,[118.6213207296033],[2072.1312392225864],[0.994856704345161],20,0.012225003852320776
969,-0.003747698031110528,0.0,4,10000,[118.6213207296033],[2072.1312392225864],[0.994856704345161],20,0.012225003852320776
970,-0.03351484169293858,0.0,4,10000,[118.6213207296033],[2072.1312392225864],[0.994856704345161],20,0.012225003852320776
971,-0.027989479482790534,0.0,4,10000,[118.6213207296033],[2072.1312392225864],[0.994856704345161],20,0.012225003852320776
972,-0.0010638343118484397,0.0,4,10000,[118.6213207296033],[2072.1312392225864],[0.994856704345161],20,0.012225003852320776
973,-0.013230870148934119,0.0,4,10000,[118.6213207296033],[2072.1312392225864],[0.994856704345161],20,0.012225003852320776
974,0.010945411731649871,0.0,4,10000,[118.6213207296033],[2072.1312392225864],[0.994856704345161],20,0.012225003852320776
975,0.003021845763703988,0.0,4,10000,[118.6213207296033],[2072.1312392225864],[0.994856704345161],20,0.012225003852320776
976,-0.012783986535655349,0.0,4,10000,[118.6213207296033],[2072.1312392225864],[0.994856704345161],20,0.012225003852320776
977,-0.00943166994367445,0.0,4,10000,[118.6213207296033],[2072.1312392225864],[0.994856704345161],20,0.012225003852320776
978,-0.010069139454143379,0.0,4,10000,[118.6213207296033],[2072.1312392225864],[0.994856704345161],20,0.012225003852320776
979,-0.0005036566540150447,0.0,4,10000,[118.6213207296033],[2072.1312392225864],[0.994856704345161],20,0.012225003852320776
980,-0.0034506695376958865,0.0,4,10000,[118.6213207296033],[2072.1312392225864],[0.994856704345161],20,0.012225003852320776
981,-0.018664004956974747,0.0,4,10000,[118.6213207296033],[2072.1312392225864],[0.994856704345161],20,0.012225003852320776
982,-0.0002634970951366047,0.0,4,10000,[118.6213207296033],[2072.1312392225864],[0.994856704345161],20,0.012225003852320776
983,0.010350655837985022,0.0,4,10000,[118.6213207296033],[2072.1312392225864],[0.994856704345161],20,0.012225003852320776
984,0.008285238414850522,0.0,4,10000,[118.6213207296033],[2072.1312392225864],[0.994856704345161],20,0.012225003852320776
985,-0.025084532331801974,0.0,4,10000,[118.6213207296033],[2072.1312392225864],[0.994856704345161],20,0.012225003852320776
986,-0.000683542054685529,0.0,4,10000,[118.6213207296033],[2072.1312392225864],[0.994856704345161],20,0.012225003852320776
987,0.003343884458205945,0.0,4,10000,[118.6213207296033],[2072.1312392225864],[0.994856704345161],20,0.012225003852320776
988,-0.0019312283551164912,0.0,4,10000,[118.6213207296033],[2072.1312392225864],[0.994856704345161],20,0.012225003852320776
989,0.0042648663628231795,0.0,4,10000,[118.6213207296033],[2072.1312392225864],[0.994856704345161],20,0.012225003852320776
990,-0.014907116800071998,0.0,4,10000,[118.6213207296033],[2072.1312392225864],[0.994856704345161],20,0.012225003852320776
991,0.009697920367584137,0.0,4,10000,[118.6213207296033],[2072.1312392225864],[0.994856704345161],20,0.012225003852320776
992,0.005914812875835906,0.0,4,10000,[118.6213207296033],[2072.1312392225864],[0.994856704345161],20,0.012225003852320776
993,0.01232353735105587,0.0,4,10000,[118.6213207296033],[2072.1312392225864],[0.994856704345161],20,0.012225003852320776
994,0.0036086810640759194,0.0,4,10000,[118.6213207296033],[2072.1312392225864],[0.994856704345161],20,0.012225003852320776
995,0.010403883601475128,0.0,4,10000,[118.6213207296033],[2072.1312392225864],[0.994856704345161],20,0.012225003852320776
996,0.0075454655724461785,0.0,4,10000,[118.6213207296033],[2072.1312392225864],[0.994856704345161],20,0.012225003852320776
997,0.0016528015040398493,0.0,4,10000,[118.6213207296033],[2072.1312392225864],[0.994856704345161],20,0.012225003852320776
998,-0.011916662798992414,0.0,4,10000,[118.6213207296033],[2072.1312392225864],[0.994856704345161],20,0.012225003852320776
999,0.011169446800470308,0.0,4,10000,[118.6213207296033],[2072.1312392225864],[0.994856704345161],20,0.012225003852320776
1000,-0.003061558773296821,0.0,4,10000,[118.6213207296033],[2072.1312392225864],[0.994856704345161],20,0.012225003852320776
1001,0.01936375020604391,0.0,4,10000,[118.6213207296033],[2072.1312392225864],[0.994856704345161],20,0.012225003852320776
1002,-0.00684142210712133,0.0,4,10000,[118.6213207296033],[2072.1312392225864],[0.994856704345161],20,0.012225003852320776
1003,-0.009481757867870285,0.0,4,10000,[118.6213207296033],[2072.1312392225864],[0.994856704345161],20,0.012225003852320776
1004,0.010385799190386891,0.0,4,10000,[118.6213207296033],[2072.1312392225864],[0.994856704345161],20,0.012225003852320776
1005,-0.002079179251387502,0.0,4,10000,[118.6213207296033],[2072.1312392225864],[0.994856704345161],20,0.012225003852320776
1006,-0.003069611261879971,0.0,4,10000,[118.6213207296033],[2072.1312392225864],[0.994856704345161],20,0.012225003852320776
1007,0.005742857495673024,0.0,4,10000,[118.6213207296033],[2072.1312392225864],[0.994856704345161],20,0.012225003852320776
1008,-0.006577285186642232,0.0,4,10000,[118.6213207296033],[2072.1312392225864],[0.994856704345161],20,0.012225003852320776
1009,-0.014526800482489846,0.0,4,10000,[118.6213207296033],[2072.1312392225864],[0.994856704345161],20,0.012225003852320776
1010,-0.013306585981198596,0.0,4,10000,[118.6213207296033],[2072.1312392225864],[0.994856704345161],20,0.012225003852320776
1011,-0.010284003741281746,0.0,4,10000,[118.6213207296033],[2072.1312392225864],[0.994856704345161],20,0.012225003852320776
1012,-0.008220051219911545,0.0,4,10000,[118.6213207296033],[2072.1312392225864],[0.994856704345161],20,0.012225003852320776
1013,0.007201384009522521,0.0,4,10000,[118.6213207296033],[2072.1312392225864],[0.994856704345161],20,0.012225003852320776
1014,-0.015681854786346653,0.0,4,10000,[118.6213207296033],[2072.1312392225864],[0.994856704345161],20,0.012225003852320776
1015,0.0029297546838043817,0.0,4,10000,[118.6213207296033],[2072.1312392225864],[0.994856704345161],20,0.012225003852320776
1016,0.005041010634666402,0.0,4,10000,[118.6213207296033],[2072.1312392225864],[0.994856704345161],20,0.012225003852320776
1017,-0.0031533012192452125,0.0,4,10000,[118.6213207296033],[2072.1312392225864],[0.994856704345161],20,0.012225003852320776
1018,0.0022786236777474146,0.0,4,10000,[118.6213207296033],[2072.1312392225864],[0.994856704345161],20,0.012225003852320776
1019,-0.02494359024017457,0.0,4,10000,[118.6213207296033],[2072.1312392225864],[0.994856704345161],20,0.012225003852320776
1020,-0.0035833006489789953,0.0,4,10000,[118.6213207296033],[2072.1312392225864],[0.994856704345161],20,0.012225003852320776
1021,0.02147829625110638,0.0,4,10000,[118.6213207296033],[2072.1312392225864],[0.994856704345161],20,0.012225003852320776
1022,-0.004343196865459783,0.0,4,10000,[118.6213207296033],[2072.1312392225864],[0.994856704345161],20,0.012225003852320776
1023,-0.019029943732243444,0.0,4,10000,[118.6213207296033],[2072.1312392225864],[0.994856704345161],20,0.012225003852320776
1024,-0.0023176207969875322,0.0,4,10000,[118.6213207296033],[2072.1312392225864],[0.994856704345161],20,0.012225003852320776
1025,-0.004635481241280028,0.0,4,10000,[118.6213207296033],[2072.1312392225864],[0.994856704345161],20,0.012225003852320776
1026,0.0014949379042729475,0.0,4,10000,[118.6213207296033],[2072.1312392225864],[0.994856704345161],20,0.012225003852320776
1027,-0.003453221332989964,0.0,4,10000,[118.6213207296033],[2072.1312392225864],[0.994856704345161],20,0.012225003852320776
1028,0.009393856057546413,0.0,4,10000,[118.6213207296033],[2072.1312392225864],[0.994856704345161],20,0.012225003852320776
1029,0.00714937946926948,0.0,4,10000,[118.6213207296033],[2072.1312392225864],[0.994856704345161],20,0.012225003852320776
1030,-0.007863769378508315,0.0,4,10000,[118.6213207296033],[2072.1312392225864],[0.994856704345161],20,0.012225003852320776
1031,-0.0031728048677722455,0.0,4,10000,[118.6213207296033],[2072.1312392225864],[0.994856704345161],20,0.012225003852320776
1032,-0.00020932761632554497,0.0,4,10000,[118.6213207296033],[2072.1312392225864],[0.994856704345161],20,0.012225003852320776
1033,0.0013952802242111542,0.0,4,10000,[118.6213207296033],[2072.1312392225864],[0.994856704345161],20,0.012225003852320776
1034,0.02472804171471603,0.0,4,10000,[118.6213207296033],[2072.1312392225864],[0.994856704345161],20,0.012225003852320776
1035,0.008681582898427397,0.0,4,10000,[118.6213207296033],[2072.1312392225864],[0.994856704345161],20,0.012225003852320776
1036,0.013612094136070353,0.0,4,10000,[118.6213207296033],[2072.1312392225864],[0.994856704345161],20,0.012225003852320776
1037,0.002230594863152363,0.0,4,10000,[118.6213207296033],[2072.1312392225864],[0.994856704345161],20,0.012225003852320776
1038,-0.00642074119806819,0.0,4,10000,[118.6213207296033],[2072.1312392225864],[0.994856704345161],20,0.012225003852320776
1039,0.01430289312473385,0.0,4,10000,[118.6213207296033],[2072.1312392225864],[0.994856704345161],20,0.012225003852320776
1040,-0.011146014231907796,0.0,4,10000,[118.6213207296033],[2072.1312392225864],[0.994856704345161],20,0.012225003852320776
1041,-0.01958999272031453,0.0,4,10000,[118.6213207296033],[2072.1312392225864],[0.994856704345161],20,0.012225003852320776
1042,-0.011088791234368896,0.0,4,10000,[118.6213207296033],[2072.1312392225864],[0.994856704345161],20,0.012225003852320776
1043,0.0010831422310848041,0.0,4,10000,[118.6213207296033],[2072.1312392225864],[0.994856704345161],20,0.012225003852320776
1044,0.007815590379705462,0.0,4,10000,[118.6213207296033],[2072.1312392225864],[0.994856704345161],20,0.012225003852320776
1045,-0.017484670890693402,0.0,4,10000,[118.6213207296033],[2072.1312392225864],[0.994856704345161],20,0.012225003852320776
1046,-0.01742716159640704,0.0,4,10000,[118.6213207296033],[2072.1312392225864],[0.994856704345161],20,0.012225003852320776
1047,0.01770633888789287,0.0,4,10000,[118.6213207296033],[2072.1312392225864],[0.994856704345161],20,0.012225003852320776
1048,0.017491428222495053,0.0,4,10000,[118.6213207296033],[2072.1312392225864],[0.994856704345161],20,0.012225003852320776
1049,-0.007848150859875967,0.0,4,10000,[118.6213207296033],[2072.1312392225864],[0.994856704345161],20,0.012225003852320776
1050,0.01136763887409728,0.0,4,10000,[118.6213207296033],[2072.1312392225864],[0.994856704345161],20,0.012225003852320776
1051,-0.012087736086476168,0.0,4,10000,[118.6213207296033],[2072.1312392225864],[0.994856704345161],20,0.012225003852320776
1052,-0.007090975153669404,0.0,4,10000,[118.6213207296033],[2072.1312392225864],[0.994856704345161],20,0.012225003852320776
1053,0.013093672831922497,0.0,4,10000,[118.6213207296033],[2072.1312392225864],[0.994856704345161],20,0.012225003852320776
1054,-0.0015718267418778711,0.0,4,10000,[118.6213207296033],[2072.1312392225864],[0.994856704345161],20,0.012225003852320776
1055,0.014887486243180367,0.0,4,10000,[118.6213207296033],[2072.1312392225864],[0.994856704345161],20,0.012225003852320776
1056,0.00016677505494300154,0.0,4,10000,[118.6213207296033],[2072.1312392225864],[0.994856704345161],20,0.012225003852320776
1057,-0.013929961998972165,0.0,4,10000,[118.6213207296033],[2072.1312392225864],[0.994856704345161],20,0.012225003852320776
1058,-0.011025388611696637,0.0,4,10000,[118.6213207296033],[2072.1312392225864],[0.994856704345161],20,0.012225003852320776
1059,-0.0077021942362138895,0.0,4,10000,[118.6213207296033],[2072.1312392225864],[0.994856704345161],20,0.012225003852320776
1060,0.002748742833400777,0.0,4,10000,[118.6213207296033],[2072.1312392225864],[0.994856704345161],20,0.012225003852320776
1061,-0.019828869050886048,0.0,4,10000,[118.6213207296033],[2072.1312392225864],[0.994856704345161],20,0.012225003852320776
1062,-0.004959936062360335,0.0,4,10000,[118.6213207296033],[2072.1312392225864],[0.994856704345161],20,0.012225003852320776
1063,0.01662803951261762,0.0,4,10000,[118.6213207296033],[2072.1312392225864],[0.994856704345161],20,0.012225003852320776
1064,0.001117008546740125,0.0,4,10000,[118.6213207296033],[2072.1312392225864],[0.994856704345161],20,0.012225003852320776
1065,0.004527293800520977,0.0,4,10000,[118.6213207296033],[2072.1312392225864],[0.994856704345161],20,0.012225003852320776
1066,0.00036247810094626096,0.0,4,10000,[118.6213207296033],[2072.1312392225864],[0.994856704345161],20,0.012225003852320776
1067,0.0001375531178505342,0.0,4,10000,[118.6213207296033],[2072.1312392225864],[0.994856704345161],20,0.012225003852320776
1068,0.0010109645664831974,0.0,4,10000,[118.6213207296033],[2072.1312392225864],[0.994856704345161],20,0.012225003852320776
1069,0.0022956865707383332,0.0,4,10000,[118.6213207296033],[2072.1312392225864],[0.994856704345161],20,0.012225003852320776
1070,-0.004480822503680123,0.0,4,10000,[118.6213207296033],[2072.1312392225864],[0.994856704345161],20,0.012225003852320776
1071,-0.014325485497443051,0.0,4,10000,[118.6213207296033],[2072.1312392225864],[0.994856704345161],20,0.012225003852320776
1072,0.0009681351854784562,0.0,4,10000,[118.6213207296033],[2072.1312392225864],[0.994856704345161],20,0.012225003852320776
1073,-0.008506488655886539,0.0,4,10000,[118.6213207296033],[2072.1312392225864],[0.994856704345161],20,0.012225003852320776
1074,0.01621221540024229,0.0,4,10000,[118.6213207296033],[2072.1312392225864],[0.994856704345161],20,0.012225003852320776
1075,0.012984829109229983,0.0,4,10000,[118.6213207296033],[2072.1312392225864],[0.994856704345161],20,0.012225003852320776
1076,-0.01299966395829444,0.0,4,10000,[118.6213207296033],[2072.1312392225864],[0.994856704345161],20,0.012225003852320776
1077,0.0020099377654214626,0.0,4,10000,[118.6213207296033],[2072.1312392225864],[0.994856704345161],20,0.012225003852320776
1078,0.007104273411055239,0.0,4,10000,[118.6213207296033],[2072.1312392225864],[0.994856704345161],20,0.012225003852320776
1079,-0.0011662402192943306,0.0,4,10000,[118.6213207296033],[2072.1312392225864],[0.994856704345161],20,0.012225003852320776
1080,0.002385513303555206,0.0,4,10000,[118.6213207296033],[2072.1312392225864],[0.994856704345161],20,0.012225003852320776
1081,0.0218130393336245,0.0,4,10000,[118.6213207296033],[2072.1312392225864],[0.994856704345161],20,0.012225003852320776
1082,-0.004843630606096477,0.0,4,10000,[118.6213207296033],[2072.1312392225864],[0.994856704345161],20,0.012225003852320776
1083,-0.0030408187504240613,0.0,4,10000,[118.6213207296033],[2072.1312392225864],[0.994856704345161],20,0.012225003852320776
1084,-0.02184587726702738,0.0,4,10000,[118.6213207296033],[2072.1312392225864],[0.994856704345161],20,0.012225003852320776
1085,-0.003192173272335632,0.0,4,10000,[118.6213207296033],[2072.1312392225864],[0.994856704345161],20,0.012225003852320776
1086,-0.0026223981241644623,0.0,4,10000,[118.6213207296033],[2072.1312392225864],[0.994856704345161],20,0.012225003852320776
1087,-0.020020318158243147,0.0,4,10000,[118.6213207296033],[2072.1312392225864],[0.994856704345161],20,0.012225003852320776
1088,-0.017040923395531885,0.0,4,10000,[118.6213207296033],[2072.1312392225864],[0.994856704345161],20,0.012225003852320776
1089,-0.010409126254552547,0.0,4,10000,[118.6213207296033],[2072.1312392225864],[0.994856704345161],20,0.012225003852320776
1090,0.036792539572737086,0.0,4,10000,[118.6213207296033],[2072.1312392225864],[0.994856704345161],20,0.012225003852320776
1091,-0.0014995453256583318,0.0,4,10000,[118.6213207296033],[2072.1312392225864],[0.994856704345161],20,0.012225003852320776
1092,0.015619212267389965,0.0,4,10000,[118.6213207296033],[2072.1312392225864],[0.994856704345161],20,0.012225003852320776
1093,-0.013075565998349152,0.0,4,10000,[118.6213207296033],[2072.1312392225864],[0.994856704345161],20,0.012225003852320776
1094,-0.011866703556390945,0.0,4,10000,[118.6213207296033],[2072.1312392225864],[0.994856704345161],20,0.012225003852320776
1095,0.015864646645992127,0.0,4,10000,[118.6213207296033],[2072.1312392225864],[0.994856704345161],20,0.012225003852320776
1096,-0.0027529290021707175,0.0,4,10000,[118.6213207296033],[2072.1312392225864],[0.994856704345161],20,0.012225003852320776
1097,0.011121735481447376,0.0,4,10000,[118.6213207296033],[2072.1312392225864],[0.994856704345161],20,0.012225003852320776
1098,-0.018728161365634346,0.0,4,10000,[118.6213207296033],[2072.1312392225864],[0.994856704345161],20,0.012225003852320776
1099,0.010654242361659115,0.0,4,10000,[118.6213207296033],[2072.1312392225864],[0.994856704345161],20,0.012225003852320776
1100,0.002279918955442311,0.0,4,10000,[118.6213207296033],[2072.1312392225864],[0.994856704345161],20,0.012225003852320776
1101,-0.02228771204595233,0.0,4,10000,[118.6213207296033],[2072.1312392225864],[0.994856704345161],20,0.012225003852320776
1102,0.002012155480043022,0.0,4,10000,[118.6213207296033],[2072.1312392225864],[0.994856704345161],20,0.012225003852320776
1103,-0.011823976656626493,0.0,4,10000,[118.6213207296033],[2072.1312392225864],[0.994856704345161],20,0.012225003852320776
1104,0.0007749233394294578,0.0,4,10000,[118.6213207296033],[2072.1312392225864],[0.994856704345161],20,0.012225003852320776
1105,0.019386823803646806,0.0,4,10000,[118.6213207296033],[2072.1312392225864],[0.994856704345161],20,0.012225003852320776
1106,-0.006640364340581582,0.0,4,10000,[118.6213207296033],[2072.1312392225864],[0.994856704345161],20,0.012225003852320776
1107,-0.012500531184889446,0.0,4,10000,[118.6213207296033],[2072.1312392225864],[0.994856704345161],20,0.012225003852320776
1108,0.006027535790506493,0.0,4,10000,[118.6213207296033],[2072.1312392225864],[0.994856704345161],20,0.012225003852320776
1109,0.009018961515111371,0.0,4,10000,[118.6213207296033],[2072.1312392225864],[0.994856704345161],20,0.012225003852320776
1110,0.007597505904587949,0.0,4,10000,[118.6213207296033],[2072.1312392225864],[0.994856704345161],20,0.012225003852320776
1111,-0.00896066644274634,0.0,4,10000,[118.6213207296033],[2072.1312392225864],[0.994856704345161],20,0.012225003852320776
1112,-2.3598528956632215e-05,0.0,4,10000,[118.6213207296033],[2072.1312392225864],[0.994856704345161],20,0.012225003852320776
1113,0.00840452307536509,0.0,4,10000,[118.6213207296033],[2072.1312392225864],[0.994856704345161],20,0.012225003852320776
1114,-0.011137266558903295,0.0,4,10000,[118.6213207296033],[2072.1312392225864],[0.994856704345161],20,0.012225003852320776
1115,-0.020024789750593634,0.0,4,10000,[118.6213207296033],[2072.1312392225864],[0.994856704345161],20,0.012225003852320776
1116,-0.0021265570804030486,0.0,4,10000,[118.6213207296033],[2072.1312392225864],[0.994856704345161],20,0.012225003852320776
1117,-0.018051900059682206,0.0,4,10000,[118.6213207296033],[2072.1312392225864],[0.994856704345161],20,0.012225003852320776
1118,-5.157656456441896e-05,0.0,4,10000,[118.6213207296033],[2072.1312392225864],[0.994856704345161],20,0.012225003852320776
1119,0.010038058806819647,0.0,4,10000,[118.6213207296033],[2072.1312392225864],[0.994856704345161],20,0.012225003852320776
1120,-0.0029537199896013584,0.0,4,10000,[118.6213207296033],[2072.1312392225864],[0.994856704345161],20,0.012225003852320776
1121,-0.018786477723613644,0.0,4,10000,[118.6213207296033],[2072.1312392225864],[0.994856704345161],20,0.012225003852320776
1122,-0.00534576040347504,0.0,4,10000,[118.6213207296033],[2072.1312392225864],[0.994856704345161],20,0.012225003852320776
1123,-0.005338969629575454,0.0,4,10000,[118.6213207296033],[2072.1312392225864],[0.994856704345161],20,0.012225003852320776
1124,-0.03142439701266067,0.0,4,10000,[118.6213207296033],[2072.1312392225864],[0.994856704345161],20,0.012225003852320776
1125,-0.006234875248986058,0.0,4,10000,[118.6213207296033],[2072.1312392225864],[0.994856704345161],20,0.012225003852320776
1126,0.005258070617778441,0.0,4,10000,[118.6213207296033],[2072.1312392225864],[0.994856704345161],20,0.012225003852320776
1127,0.005771057472469964,0.0,4,10000,[118.6213207296033],[2072.1312392225864],[0.994856704345161],20,0.012225003852320776
1128,0.015725573960319088,0.0,4,10000,[118.6213207296033],[2072.1312392225864],[0.994856704345161],20,0.012225003852320776
1129,-0.007484924152072434,0.0,4,10000,[118.6213207296033],[2072.1312392225864],[0.994856704345161],20,0.012225003852320776
1130,-0.0007590584943027592,0.0,4,10000,[118.6213207296033],[2072.1312392225864],[0.994856704345161],20,0.012225003852320776
1131,-0.018639238792573082,0.0,4,10000,[118.6213207296033],[2072.1312392225864],[0.994856704345161],20,0.012225003852320776
1132,0.015335904952450486,0.0,4,10000,[118.6213207296033],[2072.1312392225864],[0.994856704345161],20,0.012225003852320776
1133,-0.013408915494622111,0.0,4,10000,[118.6213207296033],[2072.1312392225864],[0.994856704345161],20,0.012225003852320776
1134,0.0003361124948879573,0.0,4,10000,[118.6213207296033],[2072.1312392225864],[0.994856704345161],20,0.012225003852320776
1135,-0.0021531792732169654,0.0,4,10000,[118.6213207296033],[2072.1312392225864],[0.994856704345161],20,0.012225003852320776
1136,0.0035922053997731744,0.0,4,10000,[118.6213207296033],[2072.1312392225864],[0.994856704345161],20,0.012225003852320776
1137,-0.003995711915593273,0.0,4,10000,[118.6213207296033],[2072.1312392225864],[0.994856704345161],20,0.012225003852320776
1138,-0.0002226939307642928,0.0,4,10000,[118.6213207296033],[2072.1312392225864],[0.994856704345161],20,0.012225003852320776
1139,-0.0143660496004635,0.0,4,10000,[118.6213207296033],[2072.1312392225864],[0.994856704345161],20,0.012225003852320776
1140,-0.0037980051101153653,0.0,4,10000,[118.6213207296033],[2072.1312392225864],[0.994856704345161],20,0.012225003852320776
1141,-0.011383746188322334,0.0,4,10000,[118.6213207296033],[2072.1312392225864],[0.994856704345161],20,0.012225003852320776
1142,-0.01299850240516132,0.0,4,10000,[118.6213207296033],[2072.1312392225864],[0.994856704345161],20,0.012225003852320776
1143,0.015377440742796488,0.0,4,10000,[118.6213207296033],[2072.1312392225864],[0.994856704345161],20,0.012225003852320776
1144,0.011292474763505185,0.0,4,10000,[118.6213207296033],[2072.1312392225864],[0.994856704345161],20,0.012225003852320776
1145,0.006789241636848143,0.0,4,10000,[118.6213207296033],[2072.1312392225864],[0.994856704345161],20,0.012225003852320776
1146,-0.007874398548083751,0.0,4,10000,[118.6213207296033],[2072.1312392225864],[0.994856704345161],20,0.012225003852320776
1147,0.010112094995208248,0.0,4,10000,[118.6213207296033],[2072.1312392225864],[0.994856704345161],20,0.012225003852320776
1148,0.01164943507437488,0.0,4,10000,[118.6213207296033],[2072.1312392225864],[0.994856704345161],20,0.012225003852320776
1149,0.01625966346554177,0.0,4,10000,[118.6213207296033],[2072.1312392225864],[0.994856704345161],20,0.012225003852320776
1150,-0.013159517297349925,0.0,4,10000,[118.6213207296033],[2072.1312392225864],[0.994856704345161],20,0.012225003852320776
1151,-0.01125787139778463,0.0,4,10000,[118.6213207296033],[2072.1312392225864],[0.994856704345161],20,0.012225003852320776
1152,-0.0325390866981876,0.0,4,10000,[118.6213207296033],[2072.1312392225864],[0.994856704345161],20,0.012225003852320776
1153,0.014269004623045752,0.0,4,10000,[118.6213207296033],[2072.1312392225864],[0.994856704345161],20,0.012225003852320776
1154,0.0010778834954888066,0.0,4,10000,[118.6213207296033],[2072.1312392225864],[0.994856704345161],20,0.012225003852320776
1155,-0.0058527461239144,0.0,4,10000,[118.6213207296033],[2072.1312392225864],[0.994856704345161],20,0.012225003852320776
1156,0.01720086207800263,0.0,4,10000,[118.6213207296033],[2072.1312392225864],[0.994856704345161],20,0.012225003852320776
1157,0.019264953317693387,0.0,4,10000,[118.6213207296033],[2072.1312392225864],[0.994856704345161],20,0.012225003852320776
1158,-0.003062696037703885,0.0,4,10000,[118.6213207296033],[2072.1312392225864],[0.994856704345161],20,0.012225003852320776
1159,-0.00046958033372041186,0.0,4,10000,[118.6213207296033],[2072.1312392225864],[0.994856704345161],20,0.012225003852320776
1160,0.007666612236669105,0.0,4,10000,[118.6213207296033],[2072.1312392225864],[0.994856704345161],20,0.012225003852320776
1161,-0.006056491664868078,0.0,4,10000,[118.6213207296033],[2072.1312392225864],[0.994856704345161],20,0.012225003852320776
1162,0.025889639642276176,0.0,4,10000,[118.6213207296033],[2072.1312392225864],[0.994856704345161],20,0.012225003852320776
1163,0.002721385316252002,0.0,4,10000,[118.6213207296033],[2072.1312392225864],[0.994856704345161],20,0.012225003852320776
1164,0.010511754657507475,0.0,4,10000,[118.6213207296033],[2072.1312392225864],[0.994856704345161],20,0.012225003852320776
1165,-0.0005921646899832738,0.0,4,10000,[118.6213207296033],[2072.1312392225864],[0.994856704345161],20,0.012225003852320776
1166,-0.010765992087426807,0.0,4,10000,[118.6213207296033],[2072.1312392225864],[0.994856704345161],20,0.012225003852320776
1167,-0.0008058598626396671,0.0,4,10000,[118.6213207296033],[2072.1312392225864],[0.994856704345161],20,0.012225003852320776
1168,-0.0004938985502400315,0.0,4,10000,[118.6213207296033],[2072.1312392225864],[0.994856704345161],20,0.012225003852320776
1169,-0.007353286079591833,0.0,4,10000,[118.6213207296033],[2072.1312392225864],[0.994856704345161],20,0.012225003852320776
1170,0.004315535230447437,0.0,4,10000,[118.6213207296033],[2072.1312392225864],[0.994856704345161],20,0.012225003852320776
1171,0.012865052886538858,0.0,4,10000,[118.6213207296033],[2072.1312392225864],[0.994856704345161],20,0.012225003852320776
1172,0.009961854101859378,0.0,4,10000,[118.6213207296033],[2072.1312392225864],[0.994856704345161],20,0.012225003852320776
1173,-0.0013521932990620952,0.0,4,10000,[118.6213207296033],[2072.1312392225864],[0.994856704345161],20,0.012225003852320776
1174,0.003568535514851408,0.0,4,10000,[118.6213207296033],[2072.1312392225864],[0.994856704345161],20,0.012225003852320776
1175,0.009865544555372181,0.0,4,10000,[118.6213207296033],[2072.1312392225864],[0.994856704345161],20,0.012225003852320776
1176,-0.015920708885148377,0.0,4,10000,[118.6213207296033],[2072.1312392225864],[0.994856704345161],20,0.012225003852320776
1177,0.0036103762930453556,0.0,4,10000,[118.6213207296033],[2072.1312392225864],[0.994856704345161],20,0.012225003852320776
1178,-0.006064009862027983,0.0,4,10000,[118.6213207296033],[2072.1312392225864],[0.994856704345161],20,0.012225003852320776
1179,-0.011416949896852826,0.0,4,10000,[118.6213207296033],[2072.1312392225864],[0.994856704345161],20,0.012225003852320776
1180,0.0002478758096137461,0.0,4,10000,[118.6213207296033],[2072.1312392225864],[0.994856704345161],20,0.012225003852320776
1181,-0.0014163484488470214,0.0,4,10000,[118.6213207296033],[2072.1312392225864],[0.994856704345161],20,0.012225003852320776
1182,0.02080273701240254,0.0,4,10000,[118.6213207296033],[2072.1312392225864],[0.994856704345161],20,0.012225003852320776
1183,0.007832542516362714,0.0,4,10000,[118.6213207296033],[2072.1312392225864],[0.994856704345161],20,0.012225003852320776
1184,-0.018803548233058395,0.0,4,10000,[118.6213207296033],[2072.1312392225864],[0.994856704345161],20,0.012225003852320776
1185,0.01663401209067468,0.0,4,10000,[118.6213207296033],[2072.1312392225864],[0.994856704345161],20,0.012225003852320776
1186,-0.009204206628745278,0.0,4,10000,[118.6213207296033],[2072.1312392225864],[0.994856704345161],20,0.012225003852320776
1187,-0.0026941522099556557,0.0,4,10000,[118.6213207296033],[2072.1312392225864],[0.994856704345161],20,0.012225003852320776
1188,-0.008153401647445992,0.0,4,10000,[118.6213207296033],[2072.1312392225864],[0.994856704345161],20,0.012225003852320776
1189,-0.0161901328287694,0.0,4,10000,[118.6213207296033],[2072.1312392225864],[0.994856704345161],20,0.012225003852320776
1190,-0.01861634924356664,0.0,4,10000,[118.6213207296033],[2072.1312392225864],[0.994856704345161],20,0.012225003852320776
1191,-0.022436542316481584,0.0,4,10000,[118.6213207296033],[2072.1312392225864],[0.994856704345161],20,0.012225003852320776
1192,0.003280188511028666,0.0,4,10000,[118.6213207296033],[2072.1312392225864],[0.994856704345161],20,0.012225003852320776
1193,-0.009291512344754786,0.0,4,10000,[118.6213207296033],[2072.1312392225864],[0.994856704345161],20,0.012225003852320776
1194,0.009455554541678363,0.0,4,10000,[118.6213207296033],[2072.1312392225864],[0.994856704345161],20,0.012225003852320776
1195,-0.011737375831209035,0.0,4,10000,[118.6213207296033],[2072.1312392225864],[0.994856704345161],20,0.012225003852320776
1196,-0.025236536150510882,0.0,4,10000,[118.6213207296033],[2072.1312392225864],[0.994856704345161],20,0.012225003852320776
1197,-0.005853115351415578,0.0,4,10000,[118.6213207296033],[2072.1312392225864],[0.994856704345161],20,0.012225003852320776
1198,0.004002270600731716,0.0,4,10000,[118.6213207296033],[2072.1312392225864],[0.994856704345161],20,0.012225003852320776
1199,-0.024627344346279834,0.0,4,10000,[118.6213207296033],[2072.1312392225864],[0.994856704345161],20,0.012225003852320776
1200,-0.002903472269766855,0.0,4,10000,[118.6213207296033],[2072.1312392225864],[0.994856704345161],20,0.012225003852320776
1201,0.007951335426260966,0.0,4,10000,[118.6213207296033],[2072.1312392225864],[0.994856704345161],20,0.012225003852320776
1202,0.014290092000961301,0.0,4,10000,[118.6213207296033],[2072.1312392225864],[0.994856704345161],20,0.012225003852320776
1203,-0.014821507519772573,0.0,4,10000,[118.6213207296033],[2072.1312392225864],[0.994856704345161],20,0.012225003852320776
1204,-0.008474382393624337,0.0,4,10000,[118.6213207296033],[2072.1312392225864],[0.994856704345161],20,0.012225003852320776
1205,-0.0005258007709426048,0.0,4,10000,[118.6213207296033],[2072.1312392225864],[0.994856704345161],20,0.012225003852320776
1206,-0.0016049058556692948,0.0,4,10000,[118.6213207296033],[2072.1312392225864],[0.994856704345161],20,0.012225003852320776
1207,0.012539372108395784,0.0,4,10000,[118.6213207296033],[2072.1312392225864],[0.994856704345161],20,0.012225003852320776
1208,0.015520809768991041,0.0,4,10000,[118.6213207296033],[2072.1312392225864],[0.994856704345161],20,0.012225003852320776
1209,0.00822682188073572,0.0,4,10000,[118.6213207296033],[2072.1312392225864],[0.994856704345161],20,0.012225003852320776
1210,0.00574440444697016,0.0,4,10000,[118.6213207296033],[2072.1312392225864],[0.994856704345161],20,0.012225003852320776
1211,-0.012663135882511186,0.0,4,10000,[118.6213207296033],[2072.1312392225864],[0.994856704345161],20,0.012225003852320776
1212,-0.008953328765268312,0.0,4,10000,[118.6213207296033],[2072.1312392225864],[0.994856704345161],20,0.012225003852320776
1213,0.01009414648987211,0.0,4,10000,[118.6213207296033],[2072.1312392225864],[0.994856704345161],20,0.012225003852320776
1214,-0.01566756234876065,0.0,4,10000,[118.6213207296033],[2072.1312392225864],[0.994856704345161],20,0.012225003852320776
1215,0.008508628598106827,0.0,4,10000,[118.6213207296033],[2072.1312392225864],[0.994856704345161],20,0.012225003852320776
1216,-0.01552110369567967,0.0,4,10000,[118.6213207296033],[2072.1312392225864],[0.994856704345161],20,0.012225003852320776
1217,-0.006569829589083426,0.0,4,10000,[118.6213207296033],[2072.1312392225864],[0.994856704345161],20,0.012225003852320776
1218,-0.0040659301573628,0.0,4,10000,[118.6213207296033],[2072.1312392225864],[0.994856704345161],20,0.012225003852320776
1219,-0.006781950100830747,0.0,4,10000,[118.6213207296033],[2072.1312392225864],[0.994856704345161],20,0.012225003852320776
1220,-0.0012383833387440944,0.0,4,10000,[118.6213207296033],[2072.1312392225864],[0.994856704345161],20,0.012225003852320776
1221,-0.01186820706050571,0.0,4,10000,[118.6213207296033],[2072.1312392225864],[0.994856704345161],20,0.012225003852320776
1222,-0.024763002851188064,0.0,4,10000,[118.6213207296033],[2072.1312392225864],[0.994856704345161],20,0.012225003852320776
1223,-0.006540991996563586,0.0,4,10000,[118.6213207296033],[2072.1312392225864],[0.994856704345161],20,0.012225003852320776
1224,-0.010309131159309811,0.0,4,10000,[118.6213207296033],[2072.1312392225864],[0.994856704345161],20,0.012225003852320776
1225,-0.006597073594750455,0.0,4,10000,[118.6213207296033],[2072.1312392225864],[0.994856704345161],20,0.012225003852320776
1226,0.013238048415217654,0.0,4,10000,[118.6213207296033],[2072.1312392225864],[0.994856704345161],20,0.012225003852320776
1227,-0.0069623265527404225,0.0,4,10000,[118.6213207296033],[2072.1312392225864],[0.994856704345161],20,0.012225003852320776
1228,0.027102205661369703,0.0,4,10000,[118.6213207296033],[2072.1312392225864],[0.994856704345161],20,0.012225003852320776
1229,-0.00221075216596591,0.0,4,10000,[118.6213207296033],[2072.1312392225864],[0.994856704345161],20,0.012225003852320776
1230,-0.013579675299116033,0.0,4,10000,[118.6213207296033],[2072.1312392225864],[0.994856704345161],20,0.012225003852320776
1231,-0.0073227848447971035,0.0,4,10000,[118.6213207296033],[2072.1312392225864],[0.994856704345161],20,0.012225003852320776
1232,-0.01735224726690745,0.0,4,10000,[118.6213207296033],[2072.1312392225864],[0.994856704345161],20,0.012225003852320776
1233,-0.006070982596207661,0.0,4,10000,[118.6213207296033],[2072.1312392225864],[0.994856704345161],20,0.012225003852320776
1234,0.002477826811192639,0.0,4,10000,[118.6213207296033],[2072.1312392225864],[0.994856704345161],20,0.012225003852320776
1235,0.004611141711937202,0.0,4,10000,[118.6213207296033],[2072.1312392225864],[0.994856704345161],20,0.012225003852320776
1236,-0.0007434786085975314,0.0,4,10000,[118.6213207296033],[2072.1312392225864],[0.994856704345161],20,0.012225003852320776
1237,-0.010219491879485825,0.0,4,10000,[118.6213207296033],[2072.1312392225864],[0.994856704345161],20,0.012225003852320776
1238,0.012553928921712558,0.0,4,10000,[118.6213207296033],[2072.1312392225864],[0.994856704345161],20,0.012225003852320776
1239,0.007986081533478519,0.0,4,10000,[118.6213207296033],[2072.1312392225864],[0.994856704345161],20,0.012225003852320776
1240,0.01439283474497904,0.0,4,10000,[118.6213207296033],[2072.1312392225864],[0.994856704345161],20,0.012225003852320776
1241,-0.006217059955232141,0.0,4,10000,[118.6213207296033],[2072.1312392225864],[0.994856704345161],20,0.012225003852320776
1242,-0.014353612923736747,0.0,4,10000,[118.6213207296033],[2072.1312392225864],[0.994856704345161],20,0.012225003852320776
1243,-0.004033075859659349,0.0,4,10000,[118.6213207296033],[2072.1312392225864],[0.994856704345161],20,0.012225003852320776
1244,-0.016940495568808774,0.0,4,10000,[118.6213207296033],[2072.1312392225864],[0.994856704345161],20,0.012225003852320776
1245,0.005194002871069715,0.0,4,10000,[118.6213207296033],[2072.1312392225864],[0.994856704345161],20,0.012225003852320776
1246,-0.04153920629201074,0.0,4,10000,[118.6213207296033],[2072.1312392225864],[0.994856704345161],20,0.012225003852320776
1247,0.0020536130595075995,0.0,4,10000,[118.6213207296033],[2072.1312392225864],[0.994856704345161],20,0.012225003852320776
1248,0.03087215487474762,0.0,4,10000,[118.6213207296033],[2072.1312392225864],[0.994856704345161],20,0.012225003852320776
1249,-0.0017468282156208415,0.0,4,10000,[118.6213207296033],[2072.1312392225864],[0.994856704345161],20,0.012225003852320776
1250,-0.010438916120140486,0.0,4,10000,[118.6213207296033],[2072.1312392225864],[0.994856704345161],20,0.012225003852320776
1251,0.0015411641986857135,0.0,4,10000,[118.6213207296033],[2072.1312392225864],[0.994856704345161],20,0.012225003852320776
1252,0.02269673566632214,0.0,4,10000,[118.6213207296033],[2072.1312392225864],[0.994856704345161],20,0.012225003852320776
1253,-0.02907265440237106,0.0,4,10000,[118.6213207296033],[2072.1312392225864],[0.994856704345161],20,0.012225003852320776
1254,0.008799769919510548,0.0,4,10000,[118.6213207296033],[2072.1312392225864],[0.994856704345161],20,0.012225003852320776
1255,-0.006914608946567595,0.0,4,10000,[118.6213207296033],[2072.1312392225864],[0.994856704345161],20,0.012225003852320776
1256,-0.004150237151157591,0.0,4,10000,[118.6213207296033],[2072.1312392225864],[0.994856704345161],20,0.012225003852320776
1257,0.005547960462568881,0.0,4,10000,[118.6213207296033],[2072.1312392225864],[0.994856704345161],20,0.012225003852320776
1258,-0.0023163562172315885,0.0,4,10000,[118.6213207296033],[2072.1312392225864],[0.994856704345161],20,0.012225003852320776
1259,-0.004357706909098341,0.0,4,10000,[118.6213207296033],[2072.1312392225864],[0.994856704345161],20,0.012225003852320776
1260,0.003291342494262403,0.0,4,10000,[118.6213207296033],[2072.1312392225864],[0.994856704345161],20,0.012225003852320776
1261,0.010316881309171395,0.0,4,10000,[118.6213207296033],[2072.1312392225864],[0.994856704345161],20,0.012225003852320776
1262,-0.015414481821082305,0.0,4,10000,[118.6213207296033],[2072.1312392225864],[0.994856704345161],20,0.012225003852320776
1263,0.0034197233711173694,0.0,4,10000,[118.6213207296033],[2072.1312392225864],[0.994856704345161],20,0.012225003852320776
1264,0.003924484181681932,0.0,4,10000,[118.6213207296033],[2072.1312392225864],[0.994856704345161],20,0.012225003852320776
1265,0.022952355119983815,0.0,4,10000,[118.6213207296033],[2072.1312392225864],[0.994856704345161],20,0.012225003852320776
1266,0.0027412476196461795,0.0,4,10000,[118.6213207296033],[2072.1312392225864],[0.994856704345161],20,0.012225003852320776
1267,0.003271898810568897,0.0,4,10000,[118.6213207296033],[2072.1312392225864],[0.994856704345161],20,0.012225003852320776
1268,-0.021045243096777154,0.0,4,10000,[118.6213207296033],[2072.1312392225864],[0.994856704345161],20,0.012225003852320776
1269,0.019037192886789164,0.0,4,10000,[118.6213207296033],[2072.1312392225864],[0.994856704345161],20,0.012225003852320776
1270,-0.00755959994059794,0.0,4,10000,[118.6213207296033],[2072.1312392225864],[0.994856704345161],20,0.012225003852320776
1271,0.0014771083133687318,0.0,4,10000,[118.6213207296033],[2072.1312392225864],[0.994856704345161],20,0.012225003852320776
1272,-0.0031889662329486626,0.0,4,10000,[118.6213207296033],[2072.1312392225864],[0.994856704345161],20,0.012225003852320776
1273,0.008646548215131264,0.0,4,10000,[118.6213207296033],[2072.1312392225864],[0.994856704345161],20,0.012225003852320776
1274,-0.006319137643770408,0.0,4,10000,[118.6213207296033],[2072.1312392225864],[0.994856704345161],20,0.012225003852320776
1275,0.009803769450294961,0.0,4,10000,[118.6213207296033],[2072.1312392225864],[0.994856704345161],20,0.012225003852320776
1276,-0.006911117189491544,0.0,4,10000,[118.6213207296033],[2072.1312392225864],[0.994856704345161],20,0.012225003852320776
1277,0.01285644368422377,0.0,4,10000,[118.6213207296033],[2072.1312392225864],[0.994856704345161],20,0.012225003852320776
1278,0.004366650214472632,0.0,4,10000,[118.6213207296033],[2072.1312392225864],[0.994856704345161],20,0.012225003852320776
1279,0.001005636016287557,0.0,4,10000,[118.6213207296033],[2072.1312392225864],[0.994856704345161],20,0.012225003852320776
1280,0.004219189941325028,0.0,4,10000,[118.6213207296033],[2072.1312392225864],[0.994856704345161],20,0.012225003852320776
1281,-0.0022804156397994027,0.0,4,10000,[118.6213207296033],[2072.1312392225864],[0.994856704345161],20,0.012225003852320776
1282,0.005517107315210812,0.0,4,10000,[118.6213207296033],[2072.1312392225864],[0.994856704345161],20,0.012225003852320776
1283,0.006075208804769123,0.0,4,10000,[118.6213207296033],[2072.1312392225864],[0.994856704345161],20,0.012225003852320776
1284,0.019647789516827163,0.0,4,10000,[118.6213207296033],[2072.1312392225864],[0.994856704345161],20,0.012225003852320776
1285,-0.00417632815250961,0.0,4,10000,[118.6213207296033],[2072.1312392225864],[0.994856704345161],20,0.012225003852320776
1286,-0.015956951010661167,0.0,4,10000,[118.6213207296033],[2072.1312392225864],[0.994856704345161],20,0.012225003852320776
1287,0.010217317273032898,0.0,4,10000,[118.6213207296033],[2072.1312392225864],[0.994856704345161],20,0.012225003852320776
1288,0.01742644362468437,0.0,4,10000,[118.6213207296033],[2072.1312392225864],[0.994856704345161],20,0.012225003852320776
1289,-0.014531858299513523,0.0,4,10000,[118.6213207296033],[2072.1312392225864],[0.994856704345161],20,0.012225003852320776
1290,-0.013592448543374115,0.0,4,10000,[118.6213207296033],[2072.1312392225864],[0.994856704345161],20,0.012225003852320776
1291,0.0038888618954929627,0.0,4,10000,[118.6213207296033],[2072.1312392225864],[0.994856704345161],20,0.012225003852320776
1292,0.011232270225813612,0.0,4,10000,[118.6213207296033],[2072.1312392225864],[0.994856704345161],20,0.012225003852320776
1293,-0.021980012039553416,0.0,4,10000,[118.6213207296033],[2072.1312392225864],[0.994856704345161],20,0.012225003852320776
1294,-0.012184484724759243,0.0,4,10000,[118.6213207296033],[2072.1312392225864],[0.994856704345161],20,0.012225003852320776
1295,0.009899337397382546,0.0,4,10000,[118.6213207296033],[2072.1312392225864],[0.994856704345161],20,0.012225003852320776
1296,0.018772568657987442,0.0,4,10000,[118.6213207296033],[2072.1312392225864],[0.994856704345161],20,0.012225003852320776
1297,0.012854781960762335,0.0,4,10000,[118.6213207296033],[2072.1312392225864],[0.994856704345161],20,0.012225003852320776
1298,-0.0021867884277828897,0.0,4,10000,[118.6213207296033],[2072.1312392225864],[0.994856704345161],20,0.012225003852320776
1299,-0.0010489150310989085,0.0,4,10000,[118.6213207296033],[2072.1312392225864],[0.994856704345161],20,0.012225003852320776
1300,-0.004126534609581841,0.0,4,10000,[118.6213207296033],[2072.1312392225864],[0.994856704345161],20,0.012225003852320776
1301,0.004061918018732536,0.0,4,10000,[118.6213207296033],[2072.1312392225864],[0.994856704345161],20,0.012225003852320776
1302,-0.006743906241596381,0.0,4,10000,[118.6213207296033],[2072.1312392225864],[0.994856704345161],20,0.012225003852320776
1303,0.0020530744184452283,0.0,4,10000,[118.6213207296033],[2072.1312392225864],[0.994856704345161],20,0.012225003852320776
1304,0.0070701185886420026,0.0,4,10000,[118.6213207296033],[2072.1312392225864],[0.994856704345161],20,0.012225003852320776
1305,0.013423567589177707,0.0,4,10000,[118.6213207296033],[2072.1312392225864],[0.994856704345161],20,0.012225003852320776
1306,0.009661348207678368,0.0,4,10000,[118.6213207296033],[2072.1312392225864],[0.994856704345161],20,0.012225003852320776
1307,0.01263565266053586,0.0,4,10000,[118.6213207296033],[2072.1312392225864],[0.994856704345161],20,0.012225003852320776
1308,-0.006181701101020317,0.0,4,10000,[118.6213207296033],[2072.1312392225864],[0.994856704345161],20,0.012225003852320776
1309,-0.017825859577998218,0.0,4,10000,[118.6213207296033],[2072.1312392225864],[0.994856704345161],20,0.012225003852320776
1310,0.005427911239176769,0.0,4,10000,[118.6213207296033],[2072.1312392225864],[0.994856704345161],20,0.012225003852320776
1311,0.008650043766273296,0.0,4,10000,[118.6213207296033],[2072.1312392225864],[0.994856704345161],20,0.012225003852320776
1312,-0.006993942929917309,0.0,4,10000,[118.6213207296033],[2072.1312392225864],[0.994856704345161],20,0.012225003852320776
1313,-0.014397415555680464,0.0,4,10000,[118.6213207296033],[2072.1312392225864],[0.994856704345161],20,0.012225003852320776
1314,-0.002202938378666286,0.0,4,10000,[118.6213207296033],[2072.1312392225864],[0.994856704345161],20,0.012225003852320776
1315,0.013309553406132033,0.0,4,10000,[118.6213207296033],[2072.1312392225864],[0.994856704345161],20,0.012225003852320776
1316,-0.014231276723038366,0.0,4,10000,[118.6213207296033],[2072.1312392225864],[0.994856704345161],20,0.012225003852320776
1317,-0.0016051117597253295,0.0,4,10000,[118.6213207296033],[2072.1312392225864],[0.994856704345161],20,0.012225003852320776
1318,-0.002193150568475532,0.0,4,10000,[118.6213207296033],[2072.1312392225864],[0.994856704345161],20,0.012225003852320776
1319,0.012464621558656372,0.0,4,10000,[118.6213207296033],[2072.1312392225864],[0.994856704345161],20,0.012225003852320776
1320,0.004016570350439496,0.0,4,10000,[118.6213207296033],[2072.1312392225864],[0.994856704345161],20,0.012225003852320776
1321,0.01311027050323135,0.0,4,10000,[118.6213207296033],[2072.1312392225864],[0.994856704345161],20,0.012225003852320776
1322,-0.004862976614872169,0.0,4,10000,[118.6213207296033],[2072.1312392225864],[0.994856704345161],20,0.012225003852320776
1323,-0.016417070261002704,0.0,4,10000,[118.6213207296033],[2072.1312392225864],[0.994856704345161],20,0.012225003852320776
1324,-0.008416024956072944,0.0,4,10000,[118.6213207296033],[2072.1312392225864],[0.994856704345161],20,0.012225003852320776
1325,-0.013980677214455776,0.0,4,10000,[118.6213207296033],[2072.1312392225864],[0.994856704345161],20,0.012225003852320776
1326,0.009283562230202868,0.0,4,10000,[118.6213207296033],[2072.1312392225864],[0.994856704345161],20,0.012225003852320776
1327,0.025979839554661318,0.0,4,10000,[118.6213207296033],[2072.1312392225864],[0.994856704345161],20,0.012225003852320776
1328,0.010356574111516317,0.0,4,10000,[118.6213207296033],[2072.1312392225864],[0.994856704345161],20,0.012225003852320776
1329,0.009850154251599312,0.0,4,10000,[118.6213207296033],[2072.1312392225864],[0.994856704345161],20,0.012225003852320776
1330,0.0011713352154706874,0.0,4,10000,[118.6213207296033],[2072.1312392225864],[0.994856704345161],20,0.012225003852320776
1331,-0.00038861166243053444,0.0,4,10000,[118.6213207296033],[2072.1312392225864],[0.994856704345161],20,0.012225003852320776
1332,0.016935354304062514,0.0,4,10000,[118.6213207296033],[2072.1312392225864],[0.994856704345161],20,0.012225003852320776
1333,-0.008345821542336348,0.0,4,10000,[118.6213207296033],[2072.1312392225864],[0.994856704345161],20,0.012225003852320776
1334,-0.001713104410262312,0.0,4,10000,[118.6213207296033],[2072.1312392225864],[0.994856704345161],20,0.012225003852320776
1335,0.001593218257332883,0.0,4,10000,[118.6213207296033],[2072.1312392225864],[0.994856704345161],20,0.012225003852320776
1336,-0.002762454006353848,0.0,4,10000,[118.6213207296033],[2072.1312392225864],[0.994856704345161],20,0.012225003852320776
1337,-0.0033558727219872055,0.0,4,10000,[118.6213207296033],[2072.1312392225864],[0.994856704345161],20,0.012225003852320776
1338,0.009701403194422527,0.0,4,10000,[118.6213207296033],[2072.1312392225864],[0.994856704345161],20,0.012225003852320776
1339,0.0034868970465489167,0.0,4,10000,[118.6213207296033],[2072.1312392225864],[0.994856704345161],20,0.012225003852320776
1340,-0.0026196880903916254,0.0,4,10000,[118.6213207296033],[2072.1312392225864],[0.994856704345161],20,0.012225003852320776
1341,0.0011639599032640445,0.0,4,10000,[118.6213207296033],[2072.1312392225864],[0.994856704345161],20,0.012225003852320776
1342,0.0038376444499139102,0.0,4,10000,[118.6213207296033],[2072.1312392225864],[0.994856704345161],20,0.012225003852320776
1343,0.00715231598920013,0.0,4,10000,[118.6213207296033],[2072.1312392225864],[0.994856704345161],20,0.012225003852320776
1344,-0.002840599375956619,0.0,4,10000,[118.6213207296033],[2072.1312392225864],[0.994856704345161],20,0.012225003852320776
1345,-0.02199565268248267,0.0,4,10000,[118.6213207296033],[2072.1312392225864],[0.994856704345161],20,0.012225003852320776
1346,0.015891748533694353,0.0,4,10000,[118.6213207296033],[2072.1312392225864],[0.994856704345161],20,0.012225003852320776
1347,-0.009514361262495896,0.0,4,10000,[118.6213207296033],[2072.1312392225864],[0.994856704345161],20,0.012225003852320776
1348,0.012619892379860605,0.0,4,10000,[118.6213207296033],[2072.1312392225864],[0.994856704345161],20,0.012225003852320776
1349,-0.018825207683154575,0.0,4,10000,[118.6213207296033],[2072.1312392225864],[0.994856704345161],20,0.012225003852320776
1350,0.0043900945677916225,0.0,4,10000,[118.6213207296033],[2072.1312392225864],[0.994856704345161],20,0.012225003852320776
1351,-0.004856338591409584,0.0,4,10000,[118.6213207296033],[2072.1312392225864],[0.994856704345161],20,0.012225003852320776
1352,0.0022836351363964393,0.0,4,10000,[118.6213207296033],[2072.1312392225864],[0.994856704345161],20,0.012225003852320776
1353,0.006243771452668355,0.0,4,10000,[118.6213207296033],[2072.1312392225864],[0.994856704345161],20,0.012225003852320776
1354,-0.0035058276814097953,0.0,4,10000,[118.6213207296033],[2072.1312392225864],[0.994856704345161],20,0.012225003852320776
1355,0.007405239184263271,0.0,4,10000,[118.6213207296033],[2072.1312392225864],[0.994856704345161],20,0.012225003852320776
1356,0.0215495629066245,0.0,4,10000,[118.6213207296033],[2072.1312392225864],[0.994856704345161],20,0.012225003852320776
1357,0.006177672076101228,0.0,4,10000,[118.6213207296033],[2072.1312392225864],[0.994856704345161],20,0.012225003852320776
1358,0.0015044327952747753,0.0,4,10000,[118.6213207296033],[2072.1312392225864],[0.994856704345161],20,0.012225003852320776
1359,0.017946752097907772,0.0,4,10000,[118.6213207296033],[2072.1312392225864],[0.994856704345161],20,0.012225003852320776
1360,-0.008703868781359496,0.0,4,10000,[118.6213207296033],[2072.1312392225864],[0.994856704345161],20,0.012225003852320776
1361,-0.030289297387176055,0.0,4,10000,[118.6213207296033],[2072.1312392225864],[0.994856704345161],20,0.012225003852320776
1362,-0.004079393188108626,0.0,4,10000,[118.6213207296033],[2072.1312392225864],[0.994856704345161],20,0.012225003852320776
1363,-0.008988960517802793,0.0,4,10000,[118.6213207296033],[2072.1312392225864],[0.994856704345161],20,0.012225003852320776
1364,0.00720979703840117,0.0,4,10000,[118.6213207296033],[2072.1312392225864],[0.994856704345161],20,0.012225003852320776
1365,-0.015927327833769503,0.0,4,10000,[118.6213207296033],[2072.1312392225864],[0.994856704345161],20,0.012225003852320776
1366,0.008547539191723748,0.0,4,10000,[118.6213207296033],[2072.1312392225864],[0.994856704345161],20,0.012225003852320776
1367,-0.0007608886937648697,0.0,4,10000,[118.6213207296033],[2072.1312392225864],[0.994856704345161],20,0.012225003852320776
1368,-0.02222513807514851,0.0,4,10000,[118.6213207296033],[2072.1312392225864],[0.994856704345161],20,0.012225003852320776
1369,0.004524770310683711,0.0,4,10000,[118.6213207296033],[2072.1312392225864],[0.994856704345161],20,0.012225003852320776
1370,0.01549291749517963,0.0,4,10000,[118.6213207296033],[2072.1312392225864],[0.994856704345161],20,0.012225003852320776
1371,-0.029782039741094075,0.0,4,10000,[118.6213207296033],[2072.1312392225864],[0.994856704345161],20,0.012225003852320776
1372,0.009957696968539289,0.0,4,10000,[118.6213207296033],[2072.1312392225864],[0.994856704345161],20,0.012225003852320776
1373,-0.011312131890563203,0.0,4,10000,[118.6213207296033],[2072.1312392225864],[0.994856704345161],20,0.012225003852320776
1374,0.033469589853802974,0.0,4,10000,[118.6213207296033],[2072.1312392225864],[0.994856704345161],20,0.012225003852320776
1375,0.027451845329932143,0.0,4,10000,[118.6213207296033],[2072.1312392225864],[0.994856704345161],20,0.012225003852320776
1376,-0.010146341243194783,0.0,4,10000,[118.6213207296033],[2072.1312392225864],[0.994856704345161],20,0.012225003852320776
1377,-0.01377632345194998,0.0,4,10000,[118.6213207296033],[2072.1312392225864],[0.994856704345161],20,0.012225003852320776
1378,-0.0015673878613460053,0.0,4,10000,[118.6213207296033],[2072.1312392225864],[0.994856704345161],20,0.012225003852320776
1379,0.008278210260319383,0.0,4,10000,[118.6213207296033],[2072.1312392225864],[0.994856704345161],20,0.012225003852320776
1380,0.018093758390866983,0.0,4,10000,[118.6213207296033],[2072.1312392225864],[0.994856704345161],20,0.012225003852320776
1381,-0.004298529365451031,0.0,4,10000,[118.6213207296033],[2072.1312392225864],[0.994856704345161],20,0.012225003852320776
1382,-0.013658210635506788,0.0,4,10000,[118.6213207296033],[2072.1312392225864],[0.994856704345161],20,0.012225003852320776
1383,-0.0021577268032597022,0.0,4,10000,[118.6213207296033],[2072.1312392225864],[0.994856704345161],20,0.012225003852320776
1384,0.013376861691580285,0.0,4,10000,[118.6213207296033],[2072.1312392225864],[0.994856704345161],20,0.012225003852320776
1385,0.019187549030631336,0.0,4,10000,[118.6213207296033],[2072.1312392225864],[0.994856704345161],20,0.012225003852320776
1386,0.0063424376807119254,0.0,4,10000,[118.6213207296033],[2072.1312392225864],[0.994856704345161],20,0.012225003852320776
1387,-0.016943689219705602,0.0,4,10000,[118.6213207296033],[2072.1312392225864],[0.994856704345161],20,0.012225003852320776
1388,0.006473359851823655,0.0,4,10000,[118.6213207296033],[2072.1312392225864],[0.994856704345161],20,0.012225003852320776
1389,0.001531977930016162,0.0,4,10000,[118.6213207296033],[2072.1312392225864],[0.994856704345161],20,0.012225003852320776
1390,-0.022340273719606413,0.0,4,10000,[118.6213207296033],[2072.1312392225864],[0.994856704345161],20,0.012225003852320776
1391,-0.0033162085728629023,0.0,4,10000,[118.6213207296033],[2072.1312392225864],[0.994856704345161],20,0.012225003852320776
1392,-0.0018731518411465116,0.0,4,10000,[118.6213207296033],[2072.1312392225864],[0.994856704345161],20,0.012225003852320776
1393,-0.025280443628032685,0.0,4,10000,[118.6213207296033],[2072.1312392225864],[0.994856704345161],20,0.012225003852320776
1394,-0.009342350790660179,0.0,4,10000,[118.6213207296033],[2072.1312392225864],[0.994856704345161],20,0.012225003852320776
1395,0.007354928462035492,0.0,4,10000,[118.6213207296033],[2072.1312392225864],[0.994856704345161],20,0.012225003852320776
1396,0.005078357307352167,0.0,4,10000,[118.6213207296033],[2072.1312392225864],[0.994856704345161],20,0.012225003852320776
1397,-0.0036605797425568586,0.0,4,10000,[118.6213207296033],[2072.1312392225864],[0.994856704345161],20,0.012225003852320776
1398,-0.008125576926984334,0.0,4,10000,[118.6213207296033],[2072.1312392225864],[0.994856704345161],20,0.012225003852320776
1399,-0.007685862559178784,0.0,4,10000,[118.6213207296033],[2072.1312392225864],[0.994856704345161],20,0.012225003852320776
1400,0.01211734467152889,0.0,4,10000,[118.6213207296033],[2072.1312392225864],[0.994856704345161],20,0.012225003852320776
1401,-0.010838167810510588,0.0,4,10000,[118.6213207296033],[2072.1312392225864],[0.994856704345161],20,0.012225003852320776
1402,0.011123884528808187,0.0,4,10000,[118.6213207296033],[2072.1312392225864],[0.994856704345161],20,0.012225003852320776
1403,-0.010314915937395086,0.0,4,10000,[118.6213207296033],[2072.1312392225864],[0.994856704345161],20,0.012225003852320776
1404,0.008696703659356991,0.0,4,10000,[118.6213207296033],[2072.1312392225864],[0.994856704345161],20,0.012225003852320776
1405,-0.022440190673219194,0.0,4,10000,[118.6213207296033],[2072.1312392225864],[0.994856704345161],20,0.012225003852320776
1406,0.010251205499114993,0.0,4,10000,[118.6213207296033],[2072.1312392225864],[0.994856704345161],20,0.012225003852320776
1407,0.008866079270568263,0.0,4,10000,[118.6213207296033],[2072.1312392225864],[0.994856704345161],20,0.012225003852320776
1408,-0.014395362840537546,0.0,4,10000,[118.6213207296033],[2072.1312392225864],[0.994856704345161],20,0.012225003852320776
1409,0.017574065870845593,0.0,4,10000,[118.6213207296033],[2072.1312392225864],[0.994856704345161],20,0.012225003852320776
1410,-0.016739418012606807,0.0,4,10000,[118.6213207296033],[2072.1312392225864],[0.994856704345161],20,0.012225003852320776
1411,0.022094669228598474,0.0,4,10000,[118.6213207296033],[2072.1312392225864],[0.994856704345161],20,0.012225003852320776
1412,-0.001311609801615304,0.0,4,10000,[118.6213207296033],[2072.1312392225864],[0.994856704345161],20,0.012225003852320776
1413,0.0013337006565844977,0.0,4,10000,[118.6213207296033],[2072.1312392225864],[0.994856704345161],20,0.012225003852320776
1414,0.018016980634691298,0.0,4,10000,[118.6213207296033],[2072.1312392225864],[0.994856704345161],20,0.012225003852320776
1415,0.010379658052977768,0.0,4,10000,[118.6213207296033],[2072.1312392225864],[0.994856704345161],20,0.012225003852320776
1416,-0.0057326861624786415,0.0,4,10000,[118.6213207296033],[2072.1312392225864],[0.994856704345161],20,0.012225003852320776
1417,0.003828509976775681,0.0,4,10000,[118.6213207296033],[2072.1312392225864],[0.994856704345161],20,0.012225003852320776
1418,0.01129709250799646,0.0,4,10000,[118.6213207296033],[2072.1312392225864],[0.994856704345161],20,0.012225003852320776
1419,0.0044499730414544,0.0,4,10000,[118.6213207296033],[2072.1312392225864],[0.994856704345161],20,0.012225003852320776
1420,-0.023960132753823932,0.0,4,10000,[118.6213207296033],[2072.1312392225864],[0.994856704345161],20,0.012225003852320776
1421,-0.018781798771321034,0.0,4,10000,[118.6213207296033],[2072.1312392225864],[0.994856704345161],20,0.012225003852320776
1422,0.015035615288415061,0.0,4,10000,[118.6213207296033],[2072.1312392225864],[0.994856704345161],20,0.012225003852320776
1423,0.01455503251793118,0.0,4,10000,[118.6213207296033],[2072.1312392225864],[0.994856704345161],20,0.012225003852320776
1424,0.005366535028688814,0.0,4,10000,[118.6213207296033],[2072.1312392225864],[0.994856704345161],20,0.012225003852320776
1425,0.009423924543249234,0.0,4,10000,[118.6213207296033],[2072.1312392225864],[0.994856704345161],20,0.012225003852320776
1426,0.008706872152852084,0.0,4,10000,[118.6213207296033],[2072.1312392225864],[0.994856704345161],20,0.012225003852320776
1427,0.014557265859461292,0.0,4,10000,[118.6213207296033],[2072.1312392225864],[0.994856704345161],20,0.012225003852320776
1428,-0.007880056738140653,0.0,4,10000,[118.6213207296033],[2072.1312392225864],[0.994856704345161],20,0.012225003852320776
1429,-0.004528225859839027,0.0,4,10000,[118.6213207296033],[2072.1312392225864],[0.994856704345161],20,0.012225003852320776
1430,0.013833864484318411,0.0,4,10000,[118.6213207296033],[2072.1312392225864],[0.994856704345161],20,0.012225003852320776
1431,-0.010016139262504928,0.0,4,10000,[118.6213207296033],[2072.1312392225864],[0.994856704345161],20,0.012225003852320776
1432,-0.028793641706698948,0.0,4,10000,[118.6213207296033],[2072.1312392225864],[0.994856704345161],20,0.012225003852320776
1433,0.0025026461135435585,0.0,4,10000,[118.6213207296033],[2072.1312392225864],[0.994856704345161],20,0.012225003852320776
1434,0.02824364601988472,0.0,4,10000,[118.6213207296033],[2072.1312392225864],[0.994856704345161],20,0.012225003852320776
1435,0.003682155714341592,0.0,4,10000,[118.6213207296033],[2072.1312392225864],[0.994856704345161],20,0.012225003852320776
1436,0.004515166020724852,0.0,4,10000,[118.6213207296033],[2072.1312392225864],[0.994856704345161],20,0.012225003852320776
1437,0.006063791288549918,0.0,4,10000,[118.6213207296033],[2072.1312392225864],[0.994856704345161],20,0.012225003852320776
1438,-0.002957310651327475,0.0,4,10000,[118.6213207296033],[2072.1312392225864],[0.994856704345161],20,0.012225003852320776
1439,0.011461912851424562,0.0,4,10000,[118.6213207296033],[2072.1312392225864],[0.994856704345161],20,0.012225003852320776
1440,-0.004829362655547669,0.0,4,10000,[118.6213207296033],[2072.1312392225864],[0.994856704345161],20,0.012225003852320776
1441,0.011412752272130889,0.0,4,10000,[118.6213207296033],[2072.1312392225864],[0.994856704345161],20,0.012225003852320776
1442,-0.017888055538539074,0.0,4,10000,[118.6213207296033],[2072.1312392225864],[0.994856704345161],20,0.012225003852320776
1443,0.007556955562470093,0.0,4,10000,[118.6213207296033],[2072.1312392225864],[0.994856704345161],20,0.012225003852320776
1444,0.007138864432773495,0.0,4,10000,[118.6213207296033],[2072.1312392225864],[0.994856704345161],20,0.012225003852320776
1445,-0.011908921702070748,0.0,4,10000,[118.6213207296033],[2072.1312392225864],[0.994856704345161],20,0.012225003852320776
1446,0.019477620321024413,0.0,4,10000,[118.6213207296033],[2072.1312392225864],[0.994856704345161],20,0.012225003852320776
1447,0.030401128487162334,0.0,4,10000,[118.6213207296033],[2072.1312392225864],[0.994856704345161],20,0.012225003852320776
1448,0.012963622614200082,0.0,4,10000,[118.6213207296033],[2072.1312392225864],[0.994856704345161],20,0.012225003852320776
1449,-0.01835345880526531,0.0,4,10000,[118.6213207296033],[2072.1312392225864],[0.994856704345161],20,0.012225003852320776
1450,0.006681087720937799,0.0,4,10000,[118.6213207296033],[2072.1312392225864],[0.994856704345161],20,0.012225003852320776
1451,0.00868297748034117,0.0,4,10000,[118.6213207296033],[2072.1312392225864],[0.994856704345161],20,0.012225003852320776
1452,-0.0006562923499971403,0.0,4,10000,[118.6213207296033],[2072.1312392225864],[0.994856704345161],20,0.012225003852320776
1453,-0.012362996677200595,0.0,4,10000,[118.6213207296033],[2072.1312392225864],[0.994856704345161],20,0.012225003852320776
1454,0.0071987194962267985,0.0,4,10000,[118.6213207296033],[2072.1312392225864],[0.994856704345161],20,0.012225003852320776
1455,0.011151956039092989,0.0,4,10000,[118.6213207296033],[2072.1312392225864],[0.994856704345161],20,0.012225003852320776
1456,-0.012448389214931944,0.0,4,10000,[118.6213207296033],[2072.1312392225864],[0.994856704345161],20,0.012225003852320776
1457,-8.762104007213973e-06,0.0,4,10000,[118.6213207296033],[2072.1312392225864],[0.994856704345161],20,0.012225003852320776
1458,0.009970483351838703,0.0,4,10000,[118.6213207296033],[2072.1312392225864],[0.994856704345161],20,0.012225003852320776
1459,-0.007093929459690493,0.0,4,10000,[118.6213207296033],[2072.1312392225864],[0.994856704345161],20,0.012225003852320776
1460,0.022088063217769738,0.0,4,10000,[118.6213207296033],[2072.1312392225864],[0.994856704345161],20,0.012225003852320776
1461,-0.0176004234914316,0.0,4,10000,[118.6213207296033],[2072.1312392225864],[0.994856704345161],20,0.012225003852320776
1462,0.010722476769160653,0.0,4,10000,[118.6213207296033],[2072.1312392225864],[0.994856704345161],20,0.012225003852320776
1463,-0.008863686887685832,0.0,4,10000,[118.6213207296033],[2072.1312392225864],[0.994856704345161],20,0.012225003852320776
1464,0.011300500168165506,0.0,4,10000,[118.6213207296033],[2072.1312392225864],[0.994856704345161],20,0.012225003852320776
1465,-0.0030753747773225835,0.0,4,10000,[118.6213207296033],[2072.1312392225864],[0.994856704345161],20,0.012225003852320776
1466,-0.013583707998796385,0.0,4,10000,[118.6213207296033],[2072.1312392225864],[0.994856704345161],20,0.012225003852320776
1467,-0.0019954686725697736,0.0,4,10000,[118.6213207296033],[2072.1312392225864],[0.994856704345161],20,0.012225003852320776
1468,0.006259570133286765,0.0,4,10000,[118.6213207296033],[2072.1312392225864],[0.994856704345161],20,0.012225003852320776
1469,-0.00418562055889524,0.0,4,10000,[118.6213207296033],[2072.1312392225864],[0.994856704345161],20,0.012225003852320776
1470,0.01261750143239459,0.0,4,10000,[118.6213207296033],[2072.1312392225864],[0.994856704345161],20,0.012225003852320776
1471,-0.0038165022608220595,0.0,4,10000,[118.6213207296033],[2072.1312392225864],[0.994856704345161],20,0.012225003852320776
1472,-0.013463928873562578,0.0,4,10000,[118.6213207296033],[2072.1312392225864],[0.994856704345161],20,0.012225003852320776
1473,-0.019266456220860505,0.0,4,10000,[118.6213207296033],[2072.1312392225864],[0.994856704345161],20,0.012225003852320776
1474,-0.016663671226279732,0.0,4,10000,[118.6213207296033],[2072.1312392225864],[0.994856704345161],20,0.012225003852320776
1475,0.003995690902444232,0.0,4,10000,[118.6213207296033],[2072.1312392225864],[0.994856704345161],20,0.012225003852320776
1476,0.00023843905949580074,0.0,4,10000,[118.6213207296033],[2072.1312392225864],[0.994856704345161],20,0.012225003852320776
1477,0.0036375168000408603,0.0,4,10000,[118.6213207296033],[2072.1312392225864],[0.994856704345161],20,0.012225003852320776
1478,0.004326369866839418,0.0,4,10000,[118.6213207296033],[2072.1312392225864],[0.994856704345161],20,0.012225003852320776
1479,0.00485643978541797,0.0,4,10000,[118.6213207296033],[2072.1312392225864],[0.994856704345161],20,0.012225003852320776
1480,-0.0021725374923884677,0.0,4,10000,[118.6213207296033],[2072.1312392225864],[0.994856704345161],20,0.012225003852320776
1481,0.0006809917822096225,0.0,4,10000,[118.6213207296033],[2072.1312392225864],[0.994856704345161],20,0.012225003852320776
1482,-0.01280808810041076,0.0,4,10000,[118.6213207296033],[2072.1312392225864],[0.994856704345161],20,0.012225003852320776
1483,-0.0009156964586526646,0.0,4,10000,[118.6213207296033],[2072.1312392225864],[0.994856704345161],20,0.012225003852320776
1484,-0.004626428492091762,0.0,4,10000,[118.6213207296033],[2072.1312392225864],[0.994856704345161],20,0.012225003852320776
1485,0.0077950985861808845,0.0,4,10000,[118.6213207296033],[2072.1312392225864],[0.994856704345161],20,0.012225003852320776
1486,-0.02340884218852232,0.0,4,10000,[118.6213207296033],[2072.1312392225864],[0.994856704345161],20,0.012225003852320776
1487,-0.009664487369649772,0.0,4,10000,[118.6213207296033],[2072.1312392225864],[0.994856704345161],20,0.012225003852320776
1488,-0.019597059222223805,0.0,4,10000,[118.6213207296033],[2072.1312392225864],[0.994856704345161],20,0.012225003852320776
1489,-0.014313251123751172,0.0,4,10000,[118.6213207296033],[2072.1312392225864],[0.994856704345161],20,0.012225003852320776
1490,0.0017507152319478762,0.0,4,10000,[118.6213207296033],[2072.1312392225864],[0.994856704345161],20,0.012225003852320776
1491,0.009304846307549733,0.0,4,10000,[118.6213207296033],[2072.1312392225864],[0.994856704345161],20,0.012225003852320776
1492,-0.009022580285058781,0.0,4,10000,[118.6213207296033],[2072.1312392225864],[0.994856704345161],20,0.012225003852320776
1493,0.010576186694178239,0.0,4,10000,[118.6213207296033],[2072.1312392225864],[0.994856704345161],20,0.012225003852320776
1494,-0.014081282890561606,0.0,4,10000,[118.6213207296033],[2072.1312392225864],[0.994856704345161],20,0.012225003852320776
1495,-0.005578736761797026,0.0,4,10000,[118.6213207296033],[2072.1312392225864],[0.994856704345161],20,0.012225003852320776
1496,0.010511116880466853,0.0,4,10000,[118.6213207296033],[2072.1312392225864],[0.994856704345161],20,0.012225003852320776
1497,0.006592367769647164,0.0,4,10000,[118.6213207296033],[2072.1312392225864],[0.994856704345161],20,0.012225003852320776
1498,0.00038537289293989795,0.0,4,10000,[118.6213207296033],[2072.1312392225864],[0.994856704345161],20,0.012225003852320776
1499,-0.011985800698471334,0.0,4,10000,[118.6213207296033],[2072.1312392225864],[0.994856704345161],20,0.012225003852320776
1500,-0.008699406614548716,0.0,4,10000,[118.6213207296033],[2072.1312392225864],[0.994856704345161],20,0.012225003852320776
1501,-0.026436288784758028,0.0,4,10000,[118.6213207296033],[2072.1312392225864],[0.994856704345161],20,0.012225003852320776
1502,-0.00869037332430899,0.0,4,10000,[118.6213207296033],[2072.1312392225864],[0.994856704345161],20,0.012225003852320776
1503,0.01842503594616856,0.0,4,10000,[118.6213207296033],[2072.1312392225864],[0.994856704345161],20,0.012225003852320776
1504,0.009313598164403806,0.0,4,10000,[118.6213207296033],[2072.1312392225864],[0.994856704345161],20,0.012225003852320776
1505,0.0011708661980102122,0.0,4,10000,[118.6213207296033],[2072.1312392225864],[0.994856704345161],20,0.012225003852320776
1506,-0.0075121121514397276,0.0,4,10000,[118.6213207296033],[2072.1312392225864],[0.994856704345161],20,0.012225003852320776
1507,-0.015600885822866423,0.0,4,10000,[118.6213207296033],[2072.1312392225864],[0.994856704345161],20,0.012225003852320776
1508,-0.012159744476218206,0.0,4,10000,[118.6213207296033],[2072.1312392225864],[0.994856704345161],20,0.012225003852320776
1509,-0.009896608794608708,0.0,4,10000,[118.6213207296033],[2072.1312392225864],[0.994856704345161],20,0.012225003852320776
1510,0.030773124094143414,0.0,4,10000,[118.6213207296033],[2072.1312392225864],[0.994856704345161],20,0.012225003852320776
1511,-0.016660774939380188,0.0,4,10000,[118.6213207296033],[2072.1312392225864],[0.994856704345161],20,0.012225003852320776
1512,3.2775262625072965e-05,0.0,4,10000,[118.6213207296033],[2072.1312392225864],[0.994856704345161],20,0.012225003852320776
1513,-0.00385073406820564,0.0,4,10000,[118.6213207296033],[2072.1312392225864],[0.994856704345161],20,0.012225003852320776
1514,0.019887378589824135,0.0,4,10000,[118.6213207296033],[2072.1312392225864],[0.994856704345161],20,0.012225003852320776
1515,-0.0065391229577478685,0.0,4,10000,[118.6213207296033],[2072.1312392225864],[0.994856704345161],20,0.012225003852320776
1516,0.012870657760085625,0.0,4,10000,[118.6213207296033],[2072.1312392225864],[0.994856704345161],20,0.012225003852320776
1517,-0.013651922179631631,0.0,4,10000,[118.6213207296033],[2072.1312392225864],[0.994856704345161],20,0.012225003852320776
1518,0.013454811893226493,0.0,4,10000,[118.6213207296033],[2072.1312392225864],[0.994856704345161],20,0.012225003852320776
1519,0.0018301741030495617,0.0,4,10000,[118.6213207296033],[2072.1312392225864],[0.994856704345161],20,0.012225003852320776
1520,0.0005153248454522881,0.0,4,10000,[118.6213207296033],[2072.1312392225864],[0.994856704345161],20,0.012225003852320776
1521,0.004901955299253318,0.0,4,10000,[118.6213207296033],[2072.1312392225864],[0.994856704345161],20,0.012225003852320776
1522,0.01850086667553809,0.0,4,10000,[118.6213207296033],[2072.1312392225864],[0.994856704345161],20,0.012225003852320776
1523,-0.00018481058671231327,0.0,4,10000,[118.6213207296033],[2072.1312392225864],[0.994856704345161],20,0.012225003852320776
1524,0.003062952392716993,0.0,4,10000,[118.6213207296033],[2072.1312392225864],[0.994856704345161],20,0.012225003852320776
1525,0.007863393959679985,0.0,4,10000,[118.6213207296033],[2072.1312392225864],[0.994856704345161],20,0.012225003852320776
1526,0.003987239801436435,0.0,4,10000,[118.6213207296033],[2072.1312392225864],[0.994856704345161],20,0.012225003852320776
1527,-0.012621373160832665,0.0,4,10000,[118.6213207296033],[2072.1312392225864],[0.994856704345161],20,0.012225003852320776
1528,0.0035471275760446323,0.0,4,10000,[118.6213207296033],[2072.1312392225864],[0.994856704345161],20,0.012225003852320776
1529,0.0003774482483308296,0.0,4,10000,[118.6213207296033],[2072.1312392225864],[0.994856704345161],20,0.012225003852320776
1530,-0.014581271943394241,0.0,4,10000,[118.6213207296033],[2072.1312392225864],[0.994856704345161],20,0.012225003852320776
1531,-0.02121312981331751,0.0,4,10000,[118.6213207296033],[2072.1312392225864],[0.994856704345161],20,0.012225003852320776
1532,0.0021476751177526266,0.0,4,10000,[118.6213207296033],[2072.1312392225864],[0.994856704345161],20,0.012225003852320776
1533,-0.0159459963457156,0.0,4,10000,[118.6213207296033],[2072.1312392225864],[0.994856704345161],20,0.012225003852320776
1534,0.010267564135059006,0.0,4,10000,[118.6213207296033],[2072.1312392225864],[0.994856704345161],20,0.012225003852320776
1535,0.028256530338886646,0.0,4,10000,[118.6213207296033],[2072.1312392225864],[0.994856704345161],20,0.012225003852320776
1536,-0.014052920444170917,0.0,4,10000,[118.6213207296033],[2072.1312392225864],[0.994856704345161],20,0.012225003852320776
1537,0.00036076327230295465,0.0,4,10000,[118.6213207296033],[2072.1312392225864],[0.994856704345161],20,0.012225003852320776
1538,-0.01606485329874511,0.0,4,10000,[118.6213207296033],[2072.1312392225864],[0.994856704345161],20,0.012225003852320776
1539,0.014125607297519435,0.0,4,10000,[118.6213207296033],[2072.1312392225864],[0.994856704345161],20,0.012225003852320776
1540,-0.031094051314219995,0.0,4,10000,[118.6213207296033],[2072.1312392225864],[0.994856704345161],20,0.012225003852320776
1541,0.005653577881900646,0.0,4,10000,[118.6213207296033],[2072.1312392225864],[0.994856704345161],20,0.012225003852320776
1542,-0.0034393926008921567,0.0,4,10000,[118.6213207296033],[2072.1312392225864],[0.994856704345161],20,0.012225003852320776
1543,-0.010972863230369249,0.0,4,10000,[118.6213207296033],[2072.1312392225864],[0.994856704345161],20,0.012225003852320776
1544,-0.012563948068795744,0.0,4,10000,[118.6213207296033],[2072.1312392225864],[0.994856704345161],20,0.012225003852320776
1545,0.013119777581450791,0.0,4,10000,[118.6213207296033],[2072.1312392225864],[0.994856704345161],20,0.012225003852320776
1546,0.027077921299822234,0.0,4,10000,[118.6213207296033],[2072.1312392225864],[0.994856704345161],20,0.012225003852320776
1547,0.006108426305003954,0.0,4,10000,[118.6213207296033],[2072.1312392225864],[0.994856704345161],20,0.012225003852320776
1548,0.017839756193029258,0.0,4,10000,[118.6213207296033],[2072.1312392225864],[0.994856704345161],20,0.012225003852320776
1549,0.004167017561973239,0.0,4,10000,[118.6213207296033],[2072.1312392225864],[0.994856704345161],20,0.012225003852320776
1550,0.017724743557948428,0.0,4,10000,[118.6213207296033],[2072.1312392225864],[0.994856704345161],20,0.012225003852320776
1551,0.0009429369776131341,0.0,4,10000,[118.6213207296033],[2072.1312392225864],[0.994856704345161],20,0.012225003852320776
1552,0.0054492761600524985,0.0,4,10000,[118.6213207296033],[2072.1312392225864],[0.994856704345161],20,0.012225003852320776
1553,0.0008139055066658745,0.0,4,10000,[118.6213207296033],[2072.1312392225864],[0.994856704345161],20,0.012225003852320776
1554,-0.022229872912133897,0.0,4,10000,[118.6213207296033],[2072.1312392225864],[0.994856704345161],20,0.012225003852320776
1555,-0.0030960831288762074,0.0,4,10000,[118.6213207296033],[2072.1312392225864],[0.994856704345161],20,0.012225003852320776
1556,0.018082396896726728,0.0,4,10000,[118.6213207296033],[2072.1312392225864],[0.994856704345161],20,0.012225003852320776
1557,0.017178438742732432,0.0,4,10000,[118.6213207296033],[2072.1312392225864],[0.994856704345161],20,0.012225003852320776
1558,-0.014335554153303303,0.0,4,10000,[118.6213207296033],[2072.1312392225864],[0.994856704345161],20,0.012225003852320776
1559,-0.0009984305004037384,0.0,4,10000,[118.6213207296033],[2072.1312392225864],[0.994856704345161],20,0.012225003852320776
1560,-0.010832363686209547,0.0,4,10000,[118.6213207296033],[2072.1312392225864],[0.994856704345161],20,0.012225003852320776
1561,0.011487435478646751,0.0,4,10000,[118.6213207296033],[2072.1312392225864],[0.994856704345161],20,0.012225003852320776
1562,0.006779929450804587,0.0,4,10000,[118.6213207296033],[2072.1312392225864],[0.994856704345161],20,0.012225003852320776
1563,-0.009669661678485025,0.0,4,10000,[118.6213207296033],[2072.1312392225864],[0.994856704345161],20,0.012225003852320776
1564,0.02893486810300499,0.0,4,10000,[118.6213207296033],[2072.1312392225864],[0.994856704345161],20,0.012225003852320776
1565,-0.0060709715096457055,0.0,4,10000,[118.6213207296033],[2072.1312392225864],[0.994856704345161],20,0.012225003852320776
1566,-0.014730456678429283,0.0,4,10000,[118.6213207296033],[2072.1312392225864],[0.994856704345161],20,0.012225003852320776
1567,0.016945575610556696,0.0,4,10000,[118.6213207296033],[2072.1312392225864],[0.994856704345161],20,0.012225003852320776
1568,-0.009783931857606004,0.0,4,10000,[118.6213207296033],[2072.1312392225864],[0.994856704345161],20,0.012225003852320776
1569,0.0020013014066317517,0.0,4,10000,[118.6213207296033],[2072.1312392225864],[0.994856704345161],20,0.012225003852320776
1570,-0.000991818311749471,0.0,4,10000,[118.6213207296033],[2072.1312392225864],[0.994856704345161],20,0.012225003852320776
1571,-0.004891679152098191,0.0,4,10000,[118.6213207296033],[2072.1312392225864],[0.994856704345161],20,0.012225003852320776
1572,-0.03081125996459346,0.0,4,10000,[118.6213207296033],[2072.1312392225864],[0.994856704345161],20,0.012225003852320776
1573,0.015883640072567953,0.0,4,10000,[118.6213207296033],[2072.1312392225864],[0.994856704345161],20,0.012225003852320776
1574,-0.012698345247241352,0.0,4,10000,[118.6213207296033],[2072.1312392225864],[0.994856704345161],20,0.012225003852320776
1575,-0.022381423991880367,0.0,4,10000,[118.6213207296033],[2072.1312392225864],[0.994856704345161],20,0.012225003852320776
1576,0.009698274019018651,0.0,4,10000,[118.6213207296033],[2072.1312392225864],[0.994856704345161],20,0.012225003852320776
1577,0.000903563765574813,0.0,4,10000,[118.6213207296033],[2072.1312392225864],[0.994856704345161],20,0.012225003852320776
1578,-0.009466092264445608,0.0,4,10000,[118.6213207296033],[2072.1312392225864],[0.994856704345161],20,0.012225003852320776
1579,0.032119899427545964,0.0,4,10000,[118.6213207296033],[2072.1312392225864],[0.994856704345161],20,0.012225003852320776
1580,0.004607212528762937,0.0,4,10000,[118.6213207296033],[2072.1312392225864],[0.994856704345161],20,0.012225003852320776
1581,-7.70625022577869e-05,0.0,4,10000,[118.6213207296033],[2072.1312392225864],[0.994856704345161],20,0.012225003852320776
1582,0.0037399840259494757,0.0,4,10000,[118.6213207296033],[2072.1312392225864],[0.994856704345161],20,0.012225003852320776
1583,0.00975049151815817,0.0,4,10000,[118.6213207296033],[2072.1312392225864],[0.994856704345161],20,0.012225003852320776
1584,0.002508732952218305,0.0,4,10000,[118.6213207296033],[2072.1312392225864],[0.994856704345161],20,0.012225003852320776
1585,0.007203752694020855,0.0,4,10000,[118.6213207296033],[2072.1312392225864],[0.994856704345161],20,0.012225003852320776
1586,0.009195282269517175,0.0,4,10000,[118.6213207296033],[2072.1312392225864],[0.994856704345161],20,0.012225003852320776
1587,0.015726556737696417,0.0,4,10000,[118.6213207296033],[2072.1312392225864],[0.994856704345161],20,0.012225003852320776
1588,0.0023698497042330016,0.0,4,10000,[118.6213207296033],[2072.1312392225864],[0.994856704345161],20,0.012225003852320776
1589,0.008814985307432065,0.0,4,10000,[118.6213207296033],[2072.1312392225864],[0.994856704345161],20,0.012225003852320776
1590,0.010780871090286553,0.0,4,10000,[118.6213207296033],[2072.1312392225864],[0.994856704345161],20,0.012225003852320776
1591,-0.005420134642365944,0.0,4,10000,[118.6213207296033],[2072.1312392225864],[0.994856704345161],20,0.012225003852320776
1592,-0.009311753505620695,0.0,4,10000,[118.6213207296033],[2072.1312392225864],[0.994856704345161],20,0.012225003852320776
1593,0.011642267286410404,0.0,4,10000,[118.6213207296033],[2072.1312392225864],[0.994856704345161],20,0.012225003852320776
1594,-0.008494668248803855,0.0,4,10000,[118.6213207296033],[2072.1312392225864],[0.994856704345161],20,0.012225003852320776
1595,-0.009367361737878948,0.0,4,10000,[118.6213207296033],[2072.1312392225864],[0.994856704345161],20,0.012225003852320776
1596,-0.012318309404915585,0.0,4,10000,[118.6213207296033],[2072.1312392225864],[0.994856704345161],20,0.012225003852320776
1597,0.03507182029738401,0.0,4,10000,[118.6213207296033],[2072.1312392225864],[0.994856704345161],20,0.012225003852320776
1598,0.008836180490158939,0.0,4,10000,[118.6213207296033],[2072.1312392225864],[0.994856704345161],20,0.012225003852320776
1599,-0.0064749981377503745,0.0,4,10000,[118.6213207296033],[2072.1312392225864],[0.994856704345161],20,0.012225003852320776
1600,0.01252841429139507,0.0,4,10000,[118.6213207296033],[2072.1312392225864],[0.994856704345161],20,0.012225003852320776
1601,0.020392574971444345,0.0,4,10000,[118.6213207296033],[2072.1312392225864],[0.994856704345161],20,0.012225003852320776
1602,-0.011496784390013936,0.0,4,10000,[118.6213207296033],[2072.1312392225864],[0.994856704345161],20,0.012225003852320776
1603,0.009029713056419971,0.0,4,10000,[118.6213207296033],[2072.1312392225864],[0.994856704345161],20,0.012225003852320776
1604,0.0033298617334228966,0.0,4,10000,[118.6213207296033],[2072.1312392225864],[0.994856704345161],20,0.012225003852320776
1605,0.02226992334095682,0.0,4,10000,[118.6213207296033],[2072.1312392225864],[0.994856704345161],20,0.012225003852320776
1606,0.001482048073040772,0.0,4,10000,[118.6213207296033],[2072.1312392225864],[0.994856704345161],20,0.012225003852320776
1607,0.012469115563628508,0.0,4,10000,[118.6213207296033],[2072.1312392225864],[0.994856704345161],20,0.012225003852320776
1608,0.013058253987242521,0.0,4,10000,[118.6213207296033],[2072.1312392225864],[0.994856704345161],20,0.012225003852320776
1609,-0.0043749215275547685,0.0,4,10000,[118.6213207296033],[2072.1312392225864],[0.994856704345161],20,0.012225003852320776
1610,0.005842489718544071,0.0,4,10000,[118.6213207296033],[2072.1312392225864],[0.994856704345161],20,0.012225003852320776
1611,-0.018240700042464912,0.0,4,10000,[118.6213207296033],[2072.1312392225864],[0.994856704345161],20,0.012225003852320776
1612,-4.004659586835528e-05,0.0,4,10000,[118.6213207296033],[2072.1312392225864],[0.994856704345161],20,0.012225003852320776
1613,0.01330548922961598,0.0,4,10000,[118.6213207296033],[2072.1312392225864],[0.994856704345161],20,0.012225003852320776
1614,-0.016848814284460042,0.0,4,10000,[118.6213207296033],[2072.1312392225864],[0.994856704345161],20,0.012225003852320776
1615,0.009057004479157868,0.0,4,10000,[118.6213207296033],[2072.1312392225864],[0.994856704345161],20,0.012225003852320776
1616,-0.0032070651741579904,0.0,4,10000,[118.6213207296033],[2072.1312392225864],[0.994856704345161],20,0.012225003852320776
1617,0.0014123253249553617,0.0,4,10000,[118.6213207296033],[2072.1312392225864],[0.994856704345161],20,0.012225003852320776
1618,0.005800271494937533,0.0,4,10000,[118.6213207296033],[2072.1312392225864],[0.994856704345161],20,0.012225003852320776
1619,-0.005098180501103353,0.0,4,10000,[118.6213207296033],[2072.1312392225864],[0.994856704345161],20,0.012225003852320776
1620,-0.00908957503691171,0.0,4,10000,[118.6213207296033],[2072.1312392225864],[0.994856704345161],20,0.012225003852320776
1621,0.013660370477980062,0.0,4,10000,[118.6213207296033],[2072.1312392225864],[0.994856704345161],20,0.012225003852320776
1622,0.014884867713954343,0.0,4,10000,[118.6213207296033],[2072.1312392225864],[0.994856704345161],20,0.012225003852320776
1623,-0.004856634181752997,0.0,4,10000,[118.6213207296033],[2072.1312392225864],[0.994856704345161],20,0.012225003852320776
1624,0.009342596021496568,0.0,4,10000,[118.6213207296033],[2072.1312392225864],[0.994856704345161],20,0.012225003852320776
1625,0.0010973446621542176,0.0,4,10000,[118.6213207296033],[2072.1312392225864],[0.994856704345161],20,0.012225003852320776
1626,-0.012477133018500796,0.0,4,10000,[118.6213207296033],[2072.1312392225864],[0.994856704345161],20,0.012225003852320776
1627,0.005618078773131577,0.0,4,10000,[118.6213207296033],[2072.1312392225864],[0.994856704345161],20,0.012225003852320776
1628,-0.010590933412532269,0.0,4,10000,[118.6213207296033],[2072.1312392225864],[0.994856704345161],20,0.012225003852320776
1629,0.023866011560776227,0.0,4,10000,[118.6213207296033],[2072.1312392225864],[0.994856704345161],20,0.012225003852320776
1630,0.0008694847549333317,0.0,4,10000,[118.6213207296033],[2072.1312392225864],[0.994856704345161],20,0.012225003852320776
1631,-0.021568895625045235,0.0,4,10000,[118.6213207296033],[2072.1312392225864],[0.994856704345161],20,0.012225003852320776
1632,0.005115280568990457,0.0,4,10000,[118.6213207296033],[2072.1312392225864],[0.994856704345161],20,0.012225003852320776
1633,0.0063918145399724825,0.0,4,10000,[118.6213207296033],[2072.1312392225864],[0.994856704345161],20,0.012225003852320776
1634,0.003422881147806426,0.0,4,10000,[118.6213207296033],[2072.1312392225864],[0.994856704345161],20,0.012225003852320776
1635,-0.004279937047769859,0.0,4,10000,[118.6213207296033],[2072.1312392225864],[0.994856704345161],20,0.012225003852320776
1636,0.009210800736278169,0.0,4,10000,[118.6213207296033],[2072.1312392225864],[0.994856704345161],20,0.012225003852320776
1637,0.0021666200617929585,0.0,4,10000,[118.6213207296033],[2072.1312392225864],[0.994856704345161],20,0.012225003852320776
1638,-0.002199724129980681,0.0,4,10000,[118.6213207296033],[2072.1312392225864],[0.994856704345161],20,0.012225003852320776
1639,-7.679583181252505e-05,0.0,4,10000,[118.6213207296033],[2072.1312392225864],[0.994856704345161],20,0.012225003852320776
1640,0.0037682657334529284,0.0,4,10000,[118.6213207296033],[2072.1312392225864],[0.994856704345161],20,0.012225003852320776
1641,0.00039884207841566193,0.0,4,10000,[118.6213207296033],[2072.1312392225864],[0.994856704345161],20,0.012225003852320776
1642,0.004694575760600319,0.0,4,10000,[118.6213207296033],[2072.1312392225864],[0.994856704345161],20,0.012225003852320776
1643,0.004810684617881668,0.0,4,10000,[118.6213207296033],[2072.1312392225864],[0.994856704345161],20,0.012225003852320776
1644,-0.014658276924362928,0.0,4,10000,[118.6213207296033],[2072.1312392225864],[0.994856704345161],20,0.012225003852320776
1645,-0.0045000487371489395,0.0,4,10000,[118.6213207296033],[2072.1312392225864],[0.994856704345161],20,0.012225003852320776
1646,-0.021687783322175882,0.0,4,10000,[118.6213207296033],[2072.1312392225864],[0.994856704345161],20,0.012225003852320776
1647,0.0036108118485874497,0.0,4,10000,[118.6213207296033],[2072.1312392225864],[0.994856704345161],20,0.012225003852320776
1648,0.016673392912723704,0.0,4,10000,[118.6213207296033],[2072.1312392225864],[0.994856704345161],20,0.012225003852320776
1649,-0.011310282753768075,0.0,4,10000,[118.6213207296033],[2072.1312392225864],[0.994856704345161],20,0.012225003852320776
1650,-0.002374349915688123,0.0,4,10000,[118.6213207296033],[2072.1312392225864],[0.994856704345161],20,0.012225003852320776
1651,-0.015357884368074204,0.0,4,10000,[118.6213207296033],[2072.1312392225864],[0.994856704345161],20,0.012225003852320776
1652,-0.018104273604004552,0.0,4,10000,[118.6213207296033],[2072.1312392225864],[0.994856704345161],20,0.012225003852320776
1653,-0.007615134812206499,0.0,4,10000,[118.6213207296033],[2072.1312392225864],[0.994856704345161],20,0.012225003852320776
1654,0.0036207755804877656,0.0,4,10000,[118.6213207296033],[2072.1312392225864],[0.994856704345161],20,0.012225003852320776
1655,-0.02100428763133399,0.0,4,10000,[118.6213207296033],[2072.1312392225864],[0.994856704345161],20,0.012225003852320776
1656,0.0035122580143474437,0.0,4,10000,[118.6213207296033],[2072.1312392225864],[0.994856704345161],20,0.012225003852320776
1657,0.029124151527318284,0.0,4,10000,[118.6213207296033],[2072.1312392225864],[0.994856704345161],20,0.012225003852320776
1658,0.00561630988589698,0.0,4,10000,[118.6213207296033],[2072.1312392225864],[0.994856704345161],20,0.012225003852320776
1659,0.02111545677390105,0.0,4,10000,[118.6213207296033],[2072.1312392225864],[0.994856704345161],20,0.012225003852320776
1660,0.01566521158829806,0.0,4,10000,[118.6213207296033],[2072.1312392225864],[0.994856704345161],20,0.012225003852320776
1661,-0.004720274805975788,0.0,4,10000,[118.6213207296033],[2072.1312392225864],[0.994856704345161],20,0.012225003852320776
1662,0.005213961729330618,0.0,4,10000,[118.6213207296033],[2072.1312392225864],[0.994856704345161],20,0.012225003852320776
1663,0.0008524617505876836,0.0,4,10000,[118.6213207296033],[2072.1312392225864],[0.994856704345161],20,0.012225003852320776
1664,0.02004596133698339,0.0,4,10000,[118.6213207296033],[2072.1312392225864],[0.994856704345161],20,0.012225003852320776
1665,0.012006140718753071,0.0,4,10000,[118.6213207296033],[2072.1312392225864],[0.994856704345161],20,0.012225003852320776
1666,0.0015727285160141396,0.0,4,10000,[118.6213207296033],[2072.1312392225864],[0.994856704345161],20,0.012225003852320776
1667,-0.0010100753731189535,0.0,4,10000,[118.6213207296033],[2072.1312392225864],[0.994856704345161],20,0.012225003852320776
1668,-0.009445854084237317,0.0,4,10000,[118.6213207296033],[2072.1312392225864],[0.994856704345161],20,0.012225003852320776
1669,-0.0018782424705301795,0.0,4,10000,[118.6213207296033],[2072.1312392225864],[0.994856704345161],20,0.012225003852320776
1670,-0.006213833819950846,0.0,4,10000,[118.6213207296033],[2072.1312392225864],[0.994856704345161],20,0.012225003852320776
1671,0.00018879118002105517,0.0,4,10000,[118.6213207296033],[2072.1312392225864],[0.994856704345161],20,0.012225003852320776
1672,0.005441806945581605,0.0,4,10000,[118.6213207296033],[2072.1312392225864],[0.994856704345161],20,0.012225003852320776
1673,-0.002767973589502467,0.0,4,10000,[118.6213207296033],[2072.1312392225864],[0.994856704345161],20,0.012225003852320776
1674,-0.01003446343952548,0.0,4,10000,[118.6213207296033],[2072.1312392225864],[0.994856704345161],20,0.012225003852320776
1675,-0.013319005634516837,0.0,4,10000,[118.6213207296033],[2072.1312392225864],[0.994856704345161],20,0.012225003852320776
1676,-0.0034531034815362726,0.0,4,10000,[118.6213207296033],[2072.1312392225864],[0.994856704345161],20,0.012225003852320776
1677,0.010243334428965639,0.0,4,10000,[118.6213207296033],[2072.1312392225864],[0.994856704345161],20,0.012225003852320776
1678,0.01007860028145599,0.0,4,10000,[118.6213207296033],[2072.1312392225864],[0.994856704345161],20,0.012225003852320776
1679,0.027164106950697386,0.0,4,10000,[118.6213207296033],[2072.1312392225864],[0.994856704345161],20,0.012225003852320776
1680,0.016130275189146306,0.0,4,10000,[118.6213207296033],[2072.1312392225864],[0.994856704345161],20,0.012225003852320776
1681,-0.005601355329382605,0.0,4,10000,[118.6213207296033],[2072.1312392225864],[0.994856704345161],20,0.012225003852320776
1682,0.0020653430123274787,0.0,4,10000,[118.6213207296033],[2072.1312392225864],[0.994856704345161],20,0.012225003852320776
1683,0.028524362774670752,0.0,4,10000,[118.6213207296033],[2072.1312392225864],[0.994856704345161],20,0.012225003852320776
1684,0.011161941704641454,0.0,4,10000,[118.6213207296033],[2072.1312392225864],[0.994856704345161],20,0.012225003852320776
1685,-0.019439756682419047,0.0,4,10000,[118.6213207296033],[2072.1312392225864],[0.994856704345161],20,0.012225003852320776
1686,0.0034759301470273945,0.0,4,10000,[118.6213207296033],[2072.1312392225864],[0.994856704345161],20,0.012225003852320776
1687,-0.026017599020057812,0.0,4,10000,[118.6213207296033],[2072.1312392225864],[0.994856704345161],20,0.012225003852320776
1688,-0.009094744021265628,0.0,4,10000,[118.6213207296033],[2072.1312392225864],[0.994856704345161],20,0.012225003852320776
1689,-0.004434076270832405,0.0,4,10000,[118.6213207296033],[2072.1312392225864],[0.994856704345161],20,0.012225003852320776
1690,0.0006202224988070287,0.0,4,10000,[118.6213207296033],[2072.1312392225864],[0.994856704345161],20,0.012225003852320776
1691,0.01063356027014254,0.0,4,10000,[118.6213207296033],[2072.1312392225864],[0.994856704345161],20,0.012225003852320776
1692,-0.023369675862706867,0.0,4,10000,[118.6213207296033],[2072.1312392225864],[0.994856704345161],20,0.012225003852320776
1693,0.009208616463986328,0.0,4,10000,[118.6213207296033],[2072.1312392225864],[0.994856704345161],20,0.012225003852320776
1694,0.00951016930208317,0.0,4,10000,[118.6213207296033],[2072.1312392225864],[0.994856704345161],20,0.012225003852320776
1695,-0.005378558805212536,0.0,4,10000,[118.6213207296033],[2072.1312392225864],[0.994856704345161],20,0.012225003852320776
1696,0.004086260276715984,0.0,4,10000,[118.6213207296033],[2072.1312392225864],[0.994856704345161],20,0.012225003852320776
1697,-0.009111941178324033,0.0,4,10000,[118.6213207296033],[2072.1312392225864],[0.994856704345161],20,0.012225003852320776
1698,-0.007381321171148298,0.0,4,10000,[118.6213207296033],[2072.1312392225864],[0.994856704345161],20,0.012225003852320776
1699,-0.006302222708507286,0.0,4,10000,[118.6213207296033],[2072.1312392225864],[0.994856704345161],20,0.012225003852320776
1700,0.01714870397435004,0.0,4,10000,[118.6213207296033],[2072.1312392225864],[0.994856704345161],20,0.012225003852320776
1701,-0.007455693360554319,0.0,4,10000,[118.6213207296033],[2072.1312392225864],[0.994856704345161],20,0.012225003852320776
1702,-0.014229144321406317,0.0,4,10000,[118.6213207296033],[2072.1312392225864],[0.994856704345161],20,0.012225003852320776
1703,-0.0013122344486023554,0.0,4,10000,[118.6213207296033],[2072.1312392225864],[0.994856704345161],20,0.012225003852320776
1704,0.011992944321105021,0.0,4,10000,[118.6213207296033],[2072.1312392225864],[0.994856704345161],20,0.012225003852320776
1705,-0.005601490917065466,0.0,4,10000,[118.6213207296033],[2072.1312392225864],[0.994856704345161],20,0.012225003852320776
1706,-0.0040062074285792055,0.0,4,10000,[118.6213207296033],[2072.1312392225864],[0.994856704345161],20,0.012225003852320776
1707,-0.005022360788805178,0.0,4,10000,[118.6213207296033],[2072.1312392225864],[0.994856704345161],20,0.012225003852320776
1708,-0.005689085874554096,0.0,4,10000,[118.6213207296033],[2072.1312392225864],[0.994856704345161],20,0.012225003852320776
1709,0.007833030917726613,0.0,4,10000,[118.6213207296033],[2072.1312392225864],[0.994856704345161],20,0.012225003852320776
1710,0.011620979167684583,0.0,4,10000,[118.6213207296033],[2072.1312392225864],[0.994856704345161],20,0.012225003852320776
1711,-0.002791393790751406,0.0,4,10000,[118.6213207296033],[2072.1312392225864],[0.994856704345161],20,0.012225003852320776
1712,0.024909245957852644,0.0,4,10000,[118.6213207296033],[2072.1312392225864],[0.994856704345161],20,0.012225003852320776
1713,-0.01085215551027584,0.0,4,10000,[118.6213207296033],[2072.1312392225864],[0.994856704345161],20,0.012225003852320776
1714,0.009109577050873743,0.0,4,10000,[118.6213207296033],[2072.1312392225864],[0.994856704345161],20,0.012225003852320776
1715,-0.011677911307131934,0.0,4,10000,[118.6213207296033],[2072.1312392225864],[0.994856704345161],20,0.012225003852320776
1716,0.006922588277953882,0.0,4,10000,[118.6213207296033],[2072.1312392225864],[0.994856704345161],20,0.012225003852320776
1717,0.011294120533423215,0.0,4,10000,[118.6213207296033],[2072.1312392225864],[0.994856704345161],20,0.012225003852320776
1718,-0.011172521712704398,0.0,4,10000,[118.6213207296033],[2072.1312392225864],[0.994856704345161],20,0.012225003852320776
1719,-0.01540855844071537,0.0,4,10000,[118.6213207296033],[2072.1312392225864],[0.994856704345161],20,0.012225003852320776
1720,0.0031826971730700704,0.0,4,10000,[118.6213207296033],[2072.1312392225864],[0.994856704345161],20,0.012225003852320776
1721,-0.0006379707846042472,0.0,4,10000,[118.6213207296033],[2072.1312392225864],[0.994856704345161],20,0.012225003852320776
1722,-0.015527420078970943,0.0,4,10000,[118.6213207296033],[2072.1312392225864],[0.994856704345161],20,0.012225003852320776
1723,0.010478251719266264,0.0,4,10000,[118.6213207296033],[2072.1312392225864],[0.994856704345161],20,0.012225003852320776
1724,0.013600670042759014,0.0,4,10000,[118.6213207296033],[2072.1312392225864],[0.994856704345161],20,0.012225003852320776
1725,-0.01121070555088177,0.0,4,10000,[118.6213207296033],[2072.1312392225864],[0.994856704345161],20,0.012225003852320776
1726,-0.0057254001121957105,0.0,4,10000,[118.6213207296033],[2072.1312392225864],[0.994856704345161],20,0.012225003852320776
1727,-0.008796661484355215,0.0,4,10000,[118.6213207296033],[2072.1312392225864],[0.994856704345161],20,0.012225003852320776
1728,0.006276410407043328,0.0,4,10000,[118.6213207296033],[2072.1312392225864],[0.994856704345161],20,0.012225003852320776
1729,0.0061295233573493025,0.0,4,10000,[118.6213207296033],[2072.1312392225864],[0.994856704345161],20,0.012225003852320776
1730,0.003709467605450087,0.0,4,10000,[118.6213207296033],[2072.1312392225864],[0.994856704345161],20,0.012225003852320776
1731,-0.0008258485424679435,0.0,4,10000,[118.6213207296033],[2072.1312392225864],[0.994856704345161],20,0.012225003852320776
1732,-0.004634408698664558,0.0,4,10000,[118.6213207296033],[2072.1312392225864],[0.994856704345161],20,0.012225003852320776
1733,0.004115460476270996,0.0,4,10000,[118.6213207296033],[2072.1312392225864],[0.994856704345161],20,0.012225003852320776
1734,-0.0006775311863969335,0.0,4,10000,[118.6213207296033],[2072.1312392225864],[0.994856704345161],20,0.012225003852320776
1735,-0.006145759898147054,0.0,4,10000,[118.6213207296033],[2072.1312392225864],[0.994856704345161],20,0.012225003852320776
1736,0.004038603346194334,0.0,4,10000,[118.6213207296033],[2072.1312392225864],[0.994856704345161],20,0.012225003852320776
1737,-0.0006853321501590514,0.0,4,10000,[118.6213207296033],[2072.1312392225864],[0.994856704345161],20,0.012225003852320776
1738,-0.019776142110742977,0.0,4,10000,[118.6213207296033],[2072.1312392225864],[0.994856704345161],20,0.012225003852320776
1739,0.0031181781819588066,0.0,4,10000,[118.6213207296033],[2072.1312392225864],[0.994856704345161],20,0.012225003852320776
1740,0.010791651126223071,0.0,4,10000,[118.6213207296033],[2072.1312392225864],[0.994856704345161],20,0.012225003852320776
1741,-0.0033819496906763225,0.0,4,10000,[118.6213207296033],[2072.1312392225864],[0.994856704345161],20,0.012225003852320776
1742,-0.007252931543083408,0.0,4,10000,[118.6213207296033],[2072.1312392225864],[0.994856704345161],20,0.012225003852320776
1743,-0.01999617485036548,0.0,4,10000,[118.6213207296033],[2072.1312392225864],[0.994856704345161],20,0.012225003852320776
1744,-0.0199715503824342,0.0,4,10000,[118.6213207296033],[2072.1312392225864],[0.994856704345161],20,0.012225003852320776
1745,0.01238918556226258,0.0,4,10000,[118.6213207296033],[2072.1312392225864],[0.994856704345161],20,0.012225003852320776
1746,0.01536365230293124,0.0,4,10000,[118.6213207296033],[2072.1312392225864],[0.994856704345161],20,0.012225003852320776
1747,0.00823465736585169,0.0,4,10000,[118.6213207296033],[2072.1312392225864],[0.994856704345161],20,0.012225003852320776
1748,-0.011465704342939448,0.0,4,10000,[118.6213207296033],[2072.1312392225864],[0.994856704345161],20,0.012225003852320776
1749,0.012606028666673624,0.0,4,10000,[118.6213207296033],[2072.1312392225864],[0.994856704345161],20,0.012225003852320776
1750,0.0011997276199098034,0.0,4,10000,[118.6213207296033],[2072.1312392225864],[0.994856704345161],20,0.012225003852320776
1751,-0.0122214656606594,0.0,4,10000,[118.6213207296033],[2072.1312392225864],[0.994856704345161],20,0.012225003852320776
1752,0.014542079081552606,0.0,4,10000,[118.6213207296033],[2072.1312392225864],[0.994856704345161],20,0.012225003852320776
1753,-0.0008663410600171535,0.0,4,10000,[118.6213207296033],[2072.1312392225864],[0.994856704345161],20,0.012225003852320776
1754,0.006149575850429856,0.0,4,10000,[118.6213207296033],[2072.1312392225864],[0.994856704345161],20,0.012225003852320776
1755,-0.031366388062499855,0.0,4,10000,[118.6213207296033],[2072.1312392225864],[0.994856704345161],20,0.012225003852320776
1756,0.008083925834652105,0.0,4,10000,[118.6213207296033],[2072.1312392225864],[0.994856704345161],20,0.012225003852320776
1757,0.008498573349551324,0.0,4,10000,[118.6213207296033],[2072.1312392225864],[0.994856704345161],20,0.012225003852320776
1758,-0.006003076882330833,0.0,4,10000,[118.6213207296033],[2072.1312392225864],[0.994856704345161],20,0.012225003852320776
1759,-0.0022004302000419784,0.0,4,10000,[118.6213207296033],[2072.1312392225864],[0.994856704345161],20,0.012225003852320776
1760,-0.009962089725783147,0.0,4,10000,[118.6213207296033],[2072.1312392225864],[0.994856704345161],20,0.012225003852320776
1761,0.0068730316613226155,0.0,4,10000,[118.6213207296033],[2072.1312392225864],[0.994856704345161],20,0.012225003852320776
1762,-0.007332948289180924,0.0,4,10000,[118.6213207296033],[2072.1312392225864],[0.994856704345161],20,0.012225003852320776
1763,-0.0006171588096468223,0.0,4,10000,[118.6213207296033],[2072.1312392225864],[0.994856704345161],20,0.012225003852320776
1764,-0.02816076224882505,0.0,4,10000,[118.6213207296033],[2072.1312392225864],[0.994856704345161],20,0.012225003852320776
1765,-0.008828018330085176,0.0,4,10000,[118.6213207296033],[2072.1312392225864],[0.994856704345161],20,0.012225003852320776
1766,-0.011991354352810934,0.0,4,10000,[118.6213207296033],[2072.1312392225864],[0.994856704345161],20,0.012225003852320776
1767,0.017401410859490065,0.0,4,10000,[118.6213207296033],[2072.1312392225864],[0.994856704345161],20,0.012225003852320776
1768,0.02121816217649113,0.0,4,10000,[118.6213207296033],[2072.1312392225864],[0.994856704345161],20,0.012225003852320776
1769,-0.009735478480488322,0.0,4,10000,[118.6213207296033],[2072.1312392225864],[0.994856704345161],20,0.012225003852320776
1770,0.02536239402169085,0.0,4,10000,[118.6213207296033],[2072.1312392225864],[0.994856704345161],20,0.012225003852320776
1771,0.02161966067807923,0.0,4,10000,[118.6213207296033],[2072.1312392225864],[0.994856704345161],20,0.012225003852320776
1772,0.013977141918924624,0.0,4,10000,[118.6213207296033],[2072.1312392225864],[0.994856704345161],20,0.012225003852320776
1773,0.007765330877556627,0.0,4,10000,[118.6213207296033],[2072.1312392225864],[0.994856704345161],20,0.012225003852320776
1774,0.014394508715970157,0.0,4,10000,[118.6213207296033],[2072.1312392225864],[0.994856704345161],20,0.012225003852320776
1775,-0.00935072046350486,0.0,4,10000,[118.6213207296033],[2072.1312392225864],[0.994856704345161],20,0.012225003852320776
1776,0.0025816360999172294,0.0,4,10000,[118.6213207296033],[2072.1312392225864],[0.994856704345161],20,0.012225003852320776
1777,-0.010625047434287539,0.0,4,10000,[118.6213207296033],[2072.1312392225864],[0.994856704345161],20,0.012225003852320776
1778,0.0011583692556248108,0.0,4,10000,[118.6213207296033],[2072.1312392225864],[0.994856704345161],20,0.012225003852320776
1779,-0.01916543483280288,0.0,4,10000,[118.6213207296033],[2072.1312392225864],[0.994856704345161],20,0.012225003852320776
1780,-0.005356262649769614,0.0,4,10000,[118.6213207296033],[2072.1312392225864],[0.994856704345161],20,0.012225003852320776
1781,-0.008793473005531044,0.0,4,10000,[118.6213207296033],[2072.1312392225864],[0.994856704345161],20,0.012225003852320776
1782,-0.00026301201192579176,0.0,4,10000,[118.6213207296033],[2072.1312392225864],[0.994856704345161],20,0.012225003852320776
1783,0.022680068381031128,0.0,4,10000,[118.6213207296033],[2072.1312392225864],[0.994856704345161],20,0.012225003852320776
1784,-0.02090156017593334,0.0,4,10000,[118.6213207296033],[2072.1312392225864],[0.994856704345161],20,0.012225003852320776
1785,0.01850978266208054,0.0,4,10000,[118.6213207296033],[2072.1312392225864],[0.994856704345161],20,0.012225003852320776
1786,-0.0020331009812312086,0.0,4,10000,[118.6213207296033],[2072.1312392225864],[0.994856704345161],20,0.012225003852320776
1787,-0.012450147444927794,0.0,4,10000,[118.6213207296033],[2072.1312392225864],[0.994856704345161],20,0.012225003852320776
1788,-0.009539191416068939,0.0,4,10000,[118.6213207296033],[2072.1312392225864],[0.994856704345161],20,0.012225003852320776
1789,0.002054862160768707,0.0,4,10000,[118.6213207296033],[2072.1312392225864],[0.994856704345161],20,0.012225003852320776
1790,-0.004843813420048403,0.0,4,10000,[118.6213207296033],[2072.1312392225864],[0.994856704345161],20,0.012225003852320776
1791,-0.007217116469796398,0.0,4,10000,[118.6213207296033],[2072.1312392225864],[0.994856704345161],20,0.012225003852320776
1792,0.008254388201131706,0.0,4,10000,[118.6213207296033],[2072.1312392225864],[0.994856704345161],20,0.012225003852320776
1793,-0.009701778450221833,0.0,4,10000,[118.6213207296033],[2072.1312392225864],[0.994856704345161],20,0.012225003852320776
1794,0.0075771655970403775,0.0,4,10000,[118.6213207296033],[2072.1312392225864],[0.994856704345161],20,0.012225003852320776
1795,0.007607827685153003,0.0,4,10000,[118.6213207296033],[2072.1312392225864],[0.994856704345161],20,0.012225003852320776
1796,0.0036042122923039075,0.0,4,10000,[118.6213207296033],[2072.1312392225864],[0.994856704345161],20,0.012225003852320776
1797,0.0020734426248620657,0.0,4,10000,[118.6213207296033],[2072.1312392225864],[0.994856704345161],20,0.012225003852320776
1798,-0.01659052863114851,0.0,4,10000,[118.6213207296033],[2072.1312392225864],[0.994856704345161],20,0.012225003852320776
1799,0.009953398074868103,0.0,4,10000,[118.6213207296033],[2072.1312392225864],[0.994856704345161],20,0.012225003852320776
1800,0.003344141852036838,0.0,4,10000,[118.6213207296033],[2072.1312392225864],[0.994856704345161],20,0.012225003852320776
1801,-0.003577958171961248,0.0,4,10000,[118.6213207296033],[2072.1312392225864],[0.994856704345161],20,0.012225003852320776
1802,0.005870537140296771,0.0,4,10000,[118.6213207296033],[2072.1312392225864],[0.994856704345161],20,0.012225003852320776
1803,0.00659413192150316,0.0,4,10000,[118.6213207296033],[2072.1312392225864],[0.994856704345161],20,0.012225003852320776
1804,0.0032942796831466055,0.0,4,10000,[118.6213207296033],[2072.1312392225864],[0.994856704345161],20,0.012225003852320776
1805,-0.008352052696563313,0.0,4,10000,[118.6213207296033],[2072.1312392225864],[0.994856704345161],20,0.012225003852320776
1806,0.016568095223009557,0.0,4,10000,[118.6213207296033],[2072.1312392225864],[0.994856704345161],20,0.012225003852320776
1807,0.00660981038592353,0.0,4,10000,[118.6213207296033],[2072.1312392225864],[0.994856704345161],20,0.012225003852320776
1808,0.0017697908163660763,0.0,4,10000,[118.6213207296033],[2072.1312392225864],[0.994856704345161],20,0.012225003852320776
1809,-0.0001227674124342703,0.0,4,10000,[118.6213207296033],[2072.1312392225864],[0.994856704345161],20,0.012225003852320776
1810,-0.000979227442742787,0.0,4,10000,[118.6213207296033],[2072.1312392225864],[0.994856704345161],20,0.012225003852320776
1811,-0.0160525131589899,0.0,4,10000,[118.6213207296033],[2072.1312392225864],[0.994856704345161],20,0.012225003852320776
1812,-0.006630768499459741,0.0,4,10000,[118.6213207296033],[2072.1312392225864],[0.994856704345161],20,0.012225003852320776
1813,0.0035849726201126406,0.0,4,10000,[118.6213207296033],[2072.1312392225864],[0.994856704345161],20,0.012225003852320776
1814,-0.014903379856902618,0.0,4,10000,[118.6213207296033],[2072.1312392225864],[0.994856704345161],20,0.012225003852320776
1815,-0.012225479347572787,0.0,4,10000,[118.6213207296033],[2072.1312392225864],[0.994856704345161],20,0.012225003852320776
1816,0.019438636692583645,0.0,4,10000,[118.6213207296033],[2072.1312392225864],[0.994856704345161],20,0.012225003852320776
1817,-0.0051936087471646745,0.0,4,10000,[118.6213207296033],[2072.1312392225864],[0.994856704345161],20,0.012225003852320776
1818,-5.4580928249188183e-05,0.0,4,10000,[118.6213207296033],[2072.1312392225864],[0.994856704345161],20,0.012225003852320776
1819,0.0014461951573183627,0.0,4,10000,[118.6213207296033],[2072.1312392225864],[0.994856704345161],20,0.012225003852320776
1820,0.00328200332432134,0.0,4,10000,[118.6213207296033],[2072.1312392225864],[0.994856704345161],20,0.012225003852320776
1821,0.002134385107712467,0.0,4,10000,[118.6213207296033],[2072.1312392225864],[0.994856704345161],20,0.012225003852320776
1822,-0.0002789994557037775,0.0,4,10000,[118.6213207296033],[2072.1312392225864],[0.994856704345161],20,0.012225003852320776
1823,0.0051995810847155766,0.0,4,10000,[118.6213207296033],[2072.1312392225864],[0.994856704345161],20,0.012225003852320776
1824,-0.01718918772761427,0.0,4,10000,[118.6213207296033],[2072.1312392225864],[0.994856704345161],20,0.012225003852320776
1825,0.00465674742968737,0.0,4,10000,[118.6213207296033],[2072.1312392225864],[0.994856704345161],20,0.012225003852320776
1826,0.006966970534741485,0.0,4,10000,[118.6213207296033],[2072.1312392225864],[0.994856704345161],20,0.012225003852320776
1827,0.005537469736828291,0.0,4,10000,[118.6213207296033],[2072.1312392225864],[0.994856704345161],20,0.012225003852320776
1828,0.0025013404905191447,0.0,4,10000,[118.6213207296033],[2072.1312392225864],[0.994856704345161],20,0.012225003852320776
1829,0.01620094849018558,0.0,4,10000,[118.6213207296033],[2072.1312392225864],[0.994856704345161],20,0.012225003852320776
1830,0.008692451176256565,0.0,4,10000,[118.6213207296033],[2072.1312392225864],[0.994856704345161],20,0.012225003852320776
1831,-0.0012778050861679269,0.0,4,10000,[118.6213207296033],[2072.1312392225864],[0.994856704345161],20,0.012225003852320776
1832,0.0011368633492627048,0.0,4,10000,[118.6213207296033],[2072.1312392225864],[0.994856704345161],20,0.012225003852320776
1833,-0.01596519083184234,0.0,4,10000,[118.6213207296033],[2072.1312392225864],[0.994856704345161],20,0.012225003852320776
1834,0.00898777810752099,0.0,4,10000,[118.6213207296033],[2072.1312392225864],[0.994856704345161],20,0.012225003852320776
1835,-0.0024571761251437553,0.0,4,10000,[118.6213207296033],[2072.1312392225864],[0.994856704345161],20,0.012225003852320776
1836,0.012731185194974886,0.0,4,10000,[118.6213207296033],[2072.1312392225864],[0.994856704345161],20,0.012225003852320776
1837,0.021574343712402175,0.0,4,10000,[118.6213207296033],[2072.1312392225864],[0.994856704345161],20,0.012225003852320776
1838,-0.005840335565603601,0.0,4,10000,[118.6213207296033],[2072.1312392225864],[0.994856704345161],20,0.012225003852320776
1839,0.008777717282969149,0.0,4,10000,[118.6213207296033],[2072.1312392225864],[0.994856704345161],20,0.012225003852320776
1840,-0.002426678535229948,0.0,4,10000,[118.6213207296033],[2072.1312392225864],[0.994856704345161],20,0.012225003852320776
1841,-0.0035989867771630516,0.0,4,10000,[118.6213207296033],[2072.1312392225864],[0.994856704345161],20,0.012225003852320776
1842,0.02218505186256081,0.0,4,10000,[118.6213207296033],[2072.1312392225864],[0.994856704345161],20,0.012225003852320776
1843,-0.02171086831250773,0.0,4,10000,[118.6213207296033],[2072.1312392225864],[0.994856704345161],20,0.012225003852320776
1844,-0.007262738049395565,0.0,4,10000,[118.6213207296033],[2072.1312392225864],[0.994856704345161],20,0.012225003852320776
1845,-0.0019214694364911404,0.0,4,10000,[118.6213207296033],[2072.1312392225864],[0.994856704345161],20,0.012225003852320776
1846,-0.018657885740187806,0.0,4,10000,[118.6213207296033],[2072.1312392225864],[0.994856704345161],20,0.012225003852320776
1847,-0.02028175080506092,0.0,4,10000,[118.6213207296033],[2072.1312392225864],[0.994856704345161],20,0.012225003852320776
1848,0.013606086461359107,0.0,4,10000,[118.6213207296033],[2072.1312392225864],[0.994856704345161],20,0.012225003852320776
1849,0.008666659331455164,0.0,4,10000,[118.6213207296033],[2072.1312392225864],[0.994856704345161],20,0.012225003852320776
1850,0.0007436597820773742,0.0,4,10000,[118.6213207296033],[2072.1312392225864],[0.994856704345161],20,0.012225003852320776
1851,-0.026965163153281294,0.0,4,10000,[118.6213207296033],[2072.1312392225864],[0.994856704345161],20,0.012225003852320776
1852,-0.010254607935543893,0.0,4,10000,[118.6213207296033],[2072.1312392225864],[0.994856704345161],20,0.012225003852320776
1853,0.005308858030309542,0.0,4,10000,[118.6213207296033],[2072.1312392225864],[0.994856704345161],20,0.012225003852320776
1854,-0.03267414283634377,0.0,4,10000,[118.6213207296033],[2072.1312392225864],[0.994856704345161],20,0.012225003852320776
1855,-0.005392464948942687,0.0,4,10000,[118.6213207296033],[2072.1312392225864],[0.994856704345161],20,0.012225003852320776
1856,0.006937544475472553,0.0,4,10000,[118.6213207296033],[2072.1312392225864],[0.994856704345161],20,0.012225003852320776
1857,-0.018210168938073198,0.0,4,10000,[118.6213207296033],[2072.1312392225864],[0.994856704345161],20,0.012225003852320776
1858,0.007506321938303925,0.0,4,10000,[118.6213207296033],[2072.1312392225864],[0.994856704345161],20,0.012225003852320776
1859,0.012068241690857937,0.0,4,10000,[118.6213207296033],[2072.1312392225864],[0.994856704345161],20,0.012225003852320776
1860,0.00012192615893333265,0.0,4,10000,[118.6213207296033],[2072.1312392225864],[0.994856704345161],20,0.012225003852320776
1861,-0.013470718311444488,0.0,4,10000,[118.6213207296033],[2072.1312392225864],[0.994856704345161],20,0.012225003852320776
1862,-0.012745012372199105,0.0,4,10000,[118.6213207296033],[2072.1312392225864],[0.994856704345161],20,0.012225003852320776
1863,0.011261679231466568,0.0,4,10000,[118.6213207296033],[2072.1312392225864],[0.994856704345161],20,0.012225003852320776
1864,-0.0021171913726872526,0.0,4,10000,[118.6213207296033],[2072.1312392225864],[0.994856704345161],20,0.012225003852320776
1865,0.0053300170113181064,0.0,4,10000,[118.6213207296033],[2072.1312392225864],[0.994856704345161],20,0.012225003852320776
1866,0.03631352278978123,0.0,4,10000,[118.6213207296033],[2072.1312392225864],[0.994856704345161],20,0.012225003852320776
1867,0.0035436374060685096,0.0,4,10000,[118.6213207296033],[2072.1312392225864],[0.994856704345161],20,0.012225003852320776
1868,0.006964517302868905,0.0,4,10000,[118.6213207296033],[2072.1312392225864],[0.994856704345161],20,0.012225003852320776
1869,-0.0070150166086459095,0.0,4,10000,[118.6213207296033],[2072.1312392225864],[0.994856704345161],20,0.012225003852320776
1870,-0.003932252132896677,0.0,4,10000,[118.6213207296033],[2072.1312392225864],[0.994856704345161],20,0.012225003852320776
1871,-0.02131761984870273,0.0,4,10000,[118.6213207296033],[2072.1312392225864],[0.994856704345161],20,0.012225003852320776
1872,-0.00908152185439674,0.0,4,10000,[118.6213207296033],[2072.1312392225864],[0.994856704345161],20,0.012225003852320776
1873,-0.002095557382412,0.0,4,10000,[118.6213207296033],[2072.1312392225864],[0.994856704345161],20,0.012225003852320776
1874,0.015241522900469748,0.0,4,10000,[118.6213207296033],[2072.1312392225864],[0.994856704345161],20,0.012225003852320776
1875,0.007612412646897088,0.0,4,10000,[118.6213207296033],[2072.1312392225864],[0.994856704345161],20,0.012225003852320776
1876,-0.025959549740813964,0.0,4,10000,[118.6213207296033],[2072.1312392225864],[0.994856704345161],20,0.012225003852320776
1877,-0.019864907050587025,0.0,4,10000,[118.6213207296033],[2072.1312392225864],[0.994856704345161],20,0.012225003852320776
1878,-0.00376716109608482,0.0,4,10000,[118.6213207296033],[2072.1312392225864],[0.994856704345161],20,0.012225003852320776
1879,-0.0006461969167711416,0.0,4,10000,[118.6213207296033],[2072.1312392225864],[0.994856704345161],20,0.012225003852320776
1880,0.01824183553652571,0.0,4,10000,[118.6213207296033],[2072.1312392225864],[0.994856704345161],20,0.012225003852320776
1881,-0.008953453434365564,0.0,4,10000,[118.6213207296033],[2072.1312392225864],[0.994856704345161],20,0.012225003852320776
1882,-0.0013169735184391982,0.0,4,10000,[118.6213207296033],[2072.1312392225864],[0.994856704345161],20,0.012225003852320776
1883,-0.015229932358202072,0.0,4,10000,[118.6213207296033],[2072.1312392225864],[0.994856704345161],20,0.012225003852320776
1884,0.015474112779528546,0.0,4,10000,[118.6213207296033],[2072.1312392225864],[0.994856704345161],20,0.012225003852320776
1885,0.001612042574992008,0.0,4,10000,[118.6213207296033],[2072.1312392225864],[0.994856704345161],20,0.012225003852320776
1886,-0.016123321411722246,0.0,4,10000,[118.6213207296033],[2072.1312392225864],[0.994856704345161],20,0.012225003852320776
1887,-0.016295684771921778,0.0,4,10000,[118.6213207296033],[2072.1312392225864],[0.994856704345161],20,0.012225003852320776
1888,-0.009047888228429404,0.0,4,10000,[118.6213207296033],[2072.1312392225864],[0.994856704345161],20,0.012225003852320776
1889,0.002273190229456485,0.0,4,10000,[118.6213207296033],[2072.1312392225864],[0.994856704345161],20,0.012225003852320776
1890,0.03243861942638479,0.0,4,10000,[118.6213207296033],[2072.1312392225864],[0.994856704345161],20,0.012225003852320776
1891,0.003969545958627473,0.0,4,10000,[118.6213207296033],[2072.1312392225864],[0.994856704345161],20,0.012225003852320776
1892,0.0028578989903810313,0.0,4,10000,[118.6213207296033],[2072.1312392225864],[0.994856704345161],20,0.012225003852320776
1893,-0.01689706763426255,0.0,4,10000,[118.6213207296033],[2072.1312392225864],[0.994856704345161],20,0.012225003852320776
1894,0.0018967604784900106,0.0,4,10000,[118.6213207296033],[2072.1312392225864],[0.994856704345161],20,0.012225003852320776
1895,-0.007881854428146392,0.0,4,10000,[118.6213207296033],[2072.1312392225864],[0.994856704345161],20,0.012225003852320776
1896,-0.006414803638352509,0.0,4,10000,[118.6213207296033],[2072.1312392225864],[0.994856704345161],20,0.012225003852320776
1897,0.0056177732629239885,0.0,4,10000,[118.6213207296033],[2072.1312392225864],[0.994856704345161],20,0.012225003852320776
1898,0.008660002402694256,0.0,4,10000,[118.6213207296033],[2072.1312392225864],[0.994856704345161],20,0.012225003852320776
1899,0.01414712295164822,0.0,4,10000,[118.6213207296033],[2072.1312392225864],[0.994856704345161],20,0.012225003852320776
1900,0.01328839795861268,0.0,4,10000,[118.6213207296033],[2072.1312392225864],[0.994856704345161],20,0.012225003852320776
1901,0.000960561025547427,0.0,4,10000,[118.6213207296033],[2072.1312392225864],[0.994856704345161],20,0.012225003852320776
1902,-0.008303077269445298,0.0,4,10000,[118.6213207296033],[2072.1312392225864],[0.994856704345161],20,0.012225003852320776
1903,0.0001331547954014876,0.0,4,10000,[118.6213207296033],[2072.1312392225864],[0.994856704345161],20,0.012225003852320776
1904,-0.021029042557919552,0.0,4,10000,[118.6213207296033],[2072.1312392225864],[0.994856704345161],20,0.012225003852320776
1905,-0.023012678766848774,0.0,4,10000,[118.6213207296033],[2072.1312392225864],[0.994856704345161],20,0.012225003852320776
1906,-0.0006128301546027246,0.0,4,10000,[118.6213207296033],[2072.1312392225864],[0.994856704345161],20,0.012225003852320776
1907,-0.005841175571753013,0.0,4,10000,[118.6213207296033],[2072.1312392225864],[0.994856704345161],20,0.012225003852320776
1908,-0.010295718271236069,0.0,4,10000,[118.6213207296033],[2072.1312392225864],[0.994856704345161],20,0.012225003852320776
1909,0.005424468567806489,0.0,4,10000,[118.6213207296033],[2072.1312392225864],[0.994856704345161],20,0.012225003852320776
1910,0.018471038734641003,0.0,4,10000,[118.6213207296033],[2072.1312392225864],[0.994856704345161],20,0.012225003852320776
1911,-0.0018060194112892224,0.0,4,10000,[118.6213207296033],[2072.1312392225864],[0.994856704345161],20,0.012225003852320776
1912,0.024755021278561027,0.0,4,10000,[118.6213207296033],[2072.1312392225864],[0.994856704345161],20,0.012225003852320776
1913,0.008020006678496906,0.0,4,10000,[118.6213207296033],[2072.1312392225864],[0.994856704345161],20,0.012225003852320776
1914,0.0078597632217607,0.0,4,10000,[118.6213207296033],[2072.1312392225864],[0.994856704345161],20,0.012225003852320776
1915,-0.0013152743049902498,0.0,4,10000,[118.6213207296033],[2072.1312392225864],[0.994856704345161],20,0.012225003852320776
1916,-0.023148450484101496,0.0,4,10000,[118.6213207296033],[2072.1312392225864],[0.994856704345161],20,0.012225003852320776
1917,0.019857193771705122,0.0,4,10000,[118.6213207296033],[2072.1312392225864],[0.994856704345161],20,0.012225003852320776
1918,-0.013184502461730729,0.0,4,10000,[118.6213207296033],[2072.1312392225864],[0.994856704345161],20,0.012225003852320776
1919,0.015774600489858803,0.0,4,10000,[118.6213207296033],[2072.1312392225864],[0.994856704345161],20,0.012225003852320776
1920,0.014762731155492396,0.0,4,10000,[118.6213207296033],[2072.1312392225864],[0.994856704345161],20,0.012225003852320776
1921,-0.021876961426187783,0.0,4,10000,[118.6213207296033],[2072.1312392225864],[0.994856704345161],20,0.012225003852320776
1922,0.004164372630575177,0.0,4,10000,[118.6213207296033],[2072.1312392225864],[0.994856704345161],20,0.012225003852320776
1923,-0.02493933831411175,0.0,4,10000,[118.6213207296033],[2072.1312392225864],[0.994856704345161],20,0.012225003852320776
1924,0.010904721914800818,0.0,4,10000,[118.6213207296033],[2072.1312392225864],[0.994856704345161],20,0.012225003852320776
1925,0.016496980257138128,0.0,4,10000,[118.6213207296033],[2072.1312392225864],[0.994856704345161],20,0.012225003852320776
1926,0.009014111354483233,0.0,4,10000,[118.6213207296033],[2072.1312392225864],[0.994856704345161],20,0.012225003852320776
1927,-0.001409639289366257,0.0,4,10000,[118.6213207296033],[2072.1312392225864],[0.994856704345161],20,0.012225003852320776
1928,0.0021937599902052923,0.0,4,10000,[118.6213207296033],[2072.1312392225864],[0.994856704345161],20,0.012225003852320776
1929,0.01734387485386842,0.0,4,10000,[118.6213207296033],[2072.1312392225864],[0.994856704345161],20,0.012225003852320776
1930,0.019440036888756746,0.0,4,10000,[118.6213207296033],[2072.1312392225864],[0.994856704345161],20,0.012225003852320776
1931,0.008748123762762452,0.0,4,10000,[118.6213207296033],[2072.1312392225864],[0.994856704345161],20,0.012225003852320776
1932,-0.015530253242474448,0.0,4,10000,[118.6213207296033],[2072.1312392225864],[0.994856704345161],20,0.012225003852320776
1933,-0.013101721930544308,0.0,4,10000,[118.6213207296033],[2072.1312392225864],[0.994856704345161],20,0.012225003852320776
1934,0.0037308279012025027,0.0,4,10000,[118.6213207296033],[2072.1312392225864],[0.994856704345161],20,0.012225003852320776
1935,0.006292258043304026,0.0,4,10000,[118.6213207296033],[2072.1312392225864],[0.994856704345161],20,0.012225003852320776
1936,0.01842487458416158,0.0,4,10000,[118.6213207296033],[2072.1312392225864],[0.994856704345161],20,0.012225003852320776
1937,-0.025647919993685802,0.0,4,10000,[118.6213207296033],[2072.1312392225864],[0.994856704345161],20,0.012225003852320776
1938,-0.018377438566111397,0.0,4,10000,[118.6213207296033],[2072.1312392225864],[0.994856704345161],20,0.012225003852320776
1939,-0.004316830902427884,0.0,4,10000,[118.6213207296033],[2072.1312392225864],[0.994856704345161],20,0.012225003852320776
1940,-0.0038085061237515113,0.0,4,10000,[118.6213207296033],[2072.1312392225864],[0.994856704345161],20,0.012225003852320776
1941,0.016298193314295627,0.0,4,10000,[118.6213207296033],[2072.1312392225864],[0.994856704345161],20,0.012225003852320776
1942,0.007564558233195643,0.0,4,10000,[118.6213207296033],[2072.1312392225864],[0.994856704345161],20,0.012225003852320776
1943,-0.00572454787180742,0.0,4,10000,[118.6213207296033],[2072.1312392225864],[0.994856704345161],20,0.012225003852320776
1944,0.004677169302560383,0.0,4,10000,[118.6213207296033],[2072.1312392225864],[0.994856704345161],20,0.012225003852320776
1945,-0.004510387370376377,0.0,4,10000,[118.6213207296033],[2072.1312392225864],[0.994856704345161],20,0.012225003852320776
1946,0.016852016850929564,0.0,4,10000,[118.6213207296033],[2072.1312392225864],[0.994856704345161],20,0.012225003852320776
1947,-0.025918139733441793,0.0,4,10000,[118.6213207296033],[2072.1312392225864],[0.994856704345161],20,0.012225003852320776
1948,0.005825371004986855,0.0,4,10000,[118.6213207296033],[2072.1312392225864],[0.994856704345161],20,0.012225003852320776
1949,0.0031248937554929647,0.0,4,10000,[118.6213207296033],[2072.1312392225864],[0.994856704345161],20,0.012225003852320776
1950,0.003900212172830504,0.0,4,10000,[118.6213207296033],[2072.1312392225864],[0.994856704345161],20,0.012225003852320776
1951,-0.02466651219635301,0.0,4,10000,[118.6213207296033],[2072.1312392225864],[0.994856704345161],20,0.012225003852320776
1952,-0.01132039106653774,0.0,4,10000,[118.6213207296033],[2072.1312392225864],[0.994856704345161],20,0.012225003852320776
1953,-0.012130250052001707,0.0,4,10000,[118.6213207296033],[2072.1312392225864],[0.994856704345161],20,0.012225003852320776
1954,0.007153862256786564,0.0,4,10000,[118.6213207296033],[2072.1312392225864],[0.994856704345161],20,0.012225003852320776
1955,-0.0172969477862597,0.0,4,10000,[118.6213207296033],[2072.1312392225864],[0.994856704345161],20,0.012225003852320776
1956,-0.010291639011316104,0.0,4,10000,[118.6213207296033],[2072.1312392225864],[0.994856704345161],20,0.012225003852320776
1957,0.0038165806867064053,0.0,4,10000,[118.6213207296033],[2072.1312392225864],[0.994856704345161],20,0.012225003852320776
1958,-0.00337094401380412,0.0,4,10000,[118.6213207296033],[2072.1312392225864],[0.994856704345161],20,0.012225003852320776
1959,-0.021293508835301483,0.0,4,10000,[118.6213207296033],[2072.1312392225864],[0.994856704345161],20,0.012225003852320776
1960,0.009806143424169723,0.0,4,10000,[118.6213207296033],[2072.1312392225864],[0.994856704345161],20,0.012225003852320776
1961,-0.009671302146408295,0.0,4,10000,[118.6213207296033],[2072.1312392225864],[0.994856704345161],20,0.012225003852320776
1962,0.006306919793135304,0.0,4,10000,[118.6213207296033],[2072.1312392225864],[0.994856704345161],20,0.012225003852320776
1963,0.007890843610233364,0.0,4,10000,[118.6213207296033],[2072.1312392225864],[0.994856704345161],20,0.012225003852320776
1964,-0.01621932180093445,0.0,4,10000,[118.6213207296033],[2072.1312392225864],[0.994856704345161],20,0.012225003852320776
1965,0.0277253363607385,0.0,4,10000,[118.6213207296033],[2072.1312392225864],[0.994856704345161],20,0.012225003852320776
1966,0.017010024522614263,0.0,4,10000,[118.6213207296033],[2072.1312392225864],[0.994856704345161],20,0.012225003852320776
1967,0.006476719036097996,0.0,4,10000,[118.6213207296033],[2072.1312392225864],[0.994856704345161],20,0.012225003852320776
1968,0.001595443424183578,0.0,4,10000,[118.6213207296033],[2072.1312392225864],[0.994856704345161],20,0.012225003852320776
1969,0.011551087588482412,0.0,4,10000,[118.6213207296033],[2072.1312392225864],[0.994856704345161],20,0.012225003852320776
1970,-0.0009318051614464084,0.0,4,10000,[118.6213207296033],[2072.1312392225864],[0.994856704345161],20,0.012225003852320776
1971,-0.01862933119259262,0.0,4,10000,[118.6213207296033],[2072.1312392225864],[0.994856704345161],20,0.012225003852320776
1972,0.02939808514950078,0.0,4,10000,[118.6213207296033],[2072.1312392225864],[0.994856704345161],20,0.012225003852320776
1973,0.0025351210764424335,0.0,4,10000,[118.6213207296033],[2072.1312392225864],[0.994856704345161],20,0.012225003852320776
1974,0.010044961529487252,0.0,4,10000,[118.6213207296033],[2072.1312392225864],[0.994856704345161],20,0.012225003852320776
1975,0.005927599519790456,0.0,4,10000,[118.6213207296033],[2072.1312392225864],[0.994856704345161],20,0.012225003852320776
1976,-0.00558526123743419,0.0,4,10000,[118.6213207296033],[2072.1312392225864],[0.994856704345161],20,0.012225003852320776
1977,0.0032695337327605764,0.0,4,10000,[118.6213207296033],[2072.1312392225864],[0.994856704345161],20,0.012225003852320776
1978,-0.009824357174348401,0.0,4,10000,[118.6213207296033],[2072.1312392225864],[0.994856704345161],20,0.012225003852320776
1979,-0.016577594505974215,0.0,4,10000,[118.6213207296033],[2072.1312392225864],[0.994856704345161],20,0.012225003852320776
1980,0.01333913465559538,0.0,4,10000,[118.6213207296033],[2072.1312392225864],[0.994856704345161],20,0.012225003852320776
1981,-0.01511346406471913,0.0,4,10000,[118.6213207296033],[2072.1312392225864],[0.994856704345161],20,0.012225003852320776
1982,0.012806095100451432,0.0,4,10000,[118.6213207296033],[2072.1312392225864],[0.994856704345161],20,0.012225003852320776
1983,0.013744955680047717,0.0,4,10000,[118.6213207296033],[2072.1312392225864],[0.994856704345161],20,0.012225003852320776
1984,0.021641426763892507,0.0,4,10000,[118.6213207296033],[2072.1312392225864],[0.994856704345161],20,0.012225003852320776
1985,-0.0019685454654300777,0.0,4,10000,[118.6213207296033],[2072.1312392225864],[0.994856704345161],20,0.012225003852320776
1986,-0.00936936263717889,0.0,4,10000,[118.6213207296033],[2072.1312392225864],[0.994856704345161],20,0.012225003852320776
1987,-0.016788726535017742,0.0,4,10000,[118.6213207296033],[2072.1312392225864],[0.994856704345161],20,0.012225003852320776
1988,-0.008716675166172113,0.0,4,10000,[118.6213207296033],[2072.1312392225864],[0.994856704345161],20,0.012225003852320776
1989,0.0015644543537942672,0.0,4,10000,[118.6213207296033],[2072.1312392225864],[0.994856704345161],20,0.012225003852320776
1990,0.018228965698654155,0.0,4,10000,[118.6213207296033],[2072.1312392225864],[0.994856704345161],20,0.012225003852320776
1991,-0.0004230193648743969,0.0,4,10000,[118.6213207296033],[2072.1312392225864],[0.994856704345161],20,0.012225003852320776
1992,0.012436878863952738,0.0,4,10000,[118.6213207296033],[2072.1312392225864],[0.994856704345161],20,0.012225003852320776
1993,0.00444294494138391,0.0,4,10000,[118.6213207296033],[2072.1312392225864],[0.994856704345161],20,0.012225003852320776
1994,0.005649077489406068,0.0,4,10000,[118.6213207296033],[2072.1312392225864],[0.994856704345161],20,0.012225003852320776
1995,0.009350582246993417,0.0,4,10000,[118.6213207296033],[2072.1312392225864],[0.994856704345161],20,0.012225003852320776
1996,-0.00011825537258515462,0.0,4,10000,[118.6213207296033],[2072.1312392225864],[0.994856704345161],20,0.012225003852320776
1997,-0.01707579123820366,0.0,4,10000,[118.6213207296033],[2072.1312392225864],[0.994856704345161],20,0.012225003852320776
1998,0.02318834747208951,0.0,4,10000,[118.6213207296033],[2072.1312392225864],[0.994856704345161],20,0.012225003852320776
1999,0.005833958799659506,0.0,4,10000,[118.6213207296033],[2072.1312392225864],[0.994856704345161],20,0.012225003852320776
2000,0.004945545119634998,0.0,4,10000,[118.6213207296033],[2072.1312392225864],[0.994856704345161],20,0.012225003852320776
2001,-0.005215814182204555,0.0,4,10000,[118.6213207296033],[2072.1312392225864],[0.994856704345161],20,0.012225003852320776
2002,-0.00036566756170909045,0.0,4,10000,[118.6213207296033],[2072.1312392225864],[0.994856704345161],20,0.012225003852320776
2003,0.0010397339756827077,0.0,4,10000,[118.6213207296033],[2072.1312392225864],[0.994856704345161],20,0.012225003852320776
2004,-0.00868824129092438,0.0,4,10000,[118.6213207296033],[2072.1312392225864],[0.994856704345161],20,0.012225003852320776
2005,0.004931387784748846,0.0,4,10000,[118.6213207296033],[2072.1312392225864],[0.994856704345161],20,0.012225003852320776
2006,-0.006850133959251817,0.0,4,10000,[118.6213207296033],[2072.1312392225864],[0.994856704345161],20,0.012225003852320776
2007,-0.004679993070785284,0.0,4,10000,[118.6213207296033],[2072.1312392225864],[0.994856704345161],20,0.012225003852320776
2008,-0.002893066388370124,0.0,4,10000,[118.6213207296033],[2072.1312392225864],[0.994856704345161],20,0.012225003852320776
2009,0.010154902364598307,0.0,4,10000,[118.6213207296033],[2072.1312392225864],[0.994856704345161],20,0.012225003852320776
2010,0.001464902547670734,0.0,4,10000,[118.6213207296033],[2072.1312392225864],[0.994856704345161],20,0.012225003852320776
2011,0.01233085419199439,0.0,4,10000,[118.6213207296033],[2072.1312392225864],[0.994856704345161],20,0.012225003852320776
2012,-0.011976692007205754,0.0,4,10000,[118.6213207296033],[2072.1312392225864],[0.994856704345161],20,0.012225003852320776
2013,-0.012245472125702638,0.0,4,10000,[118.6213207296033],[2072.1312392225864],[0.994856704345161],20,0.012225003852320776
2014,-0.001009018886153336,0.0,4,10000,[118.6213207296033],[2072.1312392225864],[0.994856704345161],20,0.012225003852320776
2015,-0.004494382651053874,0.0,4,10000,[118.6213207296033],[2072.1312392225864],[0.994856704345161],20,0.012225003852320776
2016,-0.014354534943848243,0.0,4,10000,[118.6213207296033],[2072.1312392225864],[0.994856704345161],20,0.012225003852320776
2017,0.0035183628621888296,0.0,4,10000,[118.6213207296033],[2072.1312392225864],[0.994856704345161],20,0.012225003852320776
2018,0.001767325742679544,0.0,4,10000,[118.6213207296033],[2072.1312392225864],[0.994856704345161],20,0.012225003852320776
2019,-0.006028185581705089,0.0,4,10000,[118.6213207296033],[2072.1312392225864],[0.994856704345161],20,0.012225003852320776
2020,-0.0018144040424062852,0.0,4,10000,[118.6213207296033],[2072.1312392225864],[0.994856704345161],20,0.012225003852320776
2021,0.004265119803004924,0.0,4,10000,[118.6213207296033],[2072.1312392225864],[0.994856704345161],20,0.012225003852320776
2022,-0.007909770895377546,0.0,4,10000,[118.6213207296033],[2072.1312392225864],[0.994856704345161],20,0.012225003852320776
2023,-0.0014648920825466333,0.0,4,10000,[118.6213207296033],[2072.1312392225864],[0.994856704345161],20,0.012225003852320776
2024,-0.015998130052411276,0.0,4,10000,[118.6213207296033],[2072.1312392225864],[0.994856704345161],20,0.012225003852320776
2025,0.005075848695855708,0.0,4,10000,[118.6213207296033],[2072.1312392225864],[0.994856704345161],20,0.012225003852320776
2026,-0.012322989685633357,0.0,4,10000,[118.6213207296033],[2072.1312392225864],[0.994856704345161],20,0.012225003852320776
2027,0.014352337961592982,0.0,4,10000,[118.6213207296033],[2072.1312392225864],[0.994856704345161],20,0.012225003852320776
2028,0.00014306414776953558,0.0,4,10000,[118.6213207296033],[2072.1312392225864],[0.994856704345161],20,0.012225003852320776
2029,-0.011136287703472308,0.0,4,10000,[118.6213207296033],[2072.1312392225864],[0.994856704345161],20,0.012225003852320776
2030,0.010814953343200059,0.0,4,10000,[118.6213207296033],[2072.1312392225864],[0.994856704345161],20,0.012225003852320776
2031,-0.010289968738350613,0.0,4,10000,[118.6213207296033],[2072.1312392225864],[0.994856704345161],20,0.012225003852320776
2032,0.0011524354246891804,0.0,4,10000,[118.6213207296033],[2072.1312392225864],[0.994856704345161],20,0.012225003852320776
2033,0.014172442000248387,0.0,4,10000,[118.6213207296033],[2072.1312392225864],[0.994856704345161],20,0.012225003852320776
2034,-0.0017441839850738427,0.0,4,10000,[118.6213207296033],[2072.1312392225864],[0.994856704345161],20,0.012225003852320776
2035,0.013978427229988094,0.0,4,10000,[118.6213207296033],[2072.1312392225864],[0.994856704345161],20,0.012225003852320776
2036,0.0050844168811754065,0.0,4,10000,[118.6213207296033],[2072.1312392225864],[0.994856704345161],20,0.012225003852320776
2037,0.00046928894141857504,0.0,4,10000,[118.6213207296033],[2072.1312392225864],[0.994856704345161],20,0.012225003852320776
2038,-0.00847729141318251,0.0,4,10000,[118.6213207296033],[2072.1312392225864],[0.994856704345161],20,0.012225003852320776
2039,0.016403031898397022,0.0,4,10000,[118.6213207296033],[2072.1312392225864],[0.994856704345161],20,0.012225003852320776
2040,0.0014513655481102597,0.0,4,10000,[118.6213207296033],[2072.1312392225864],[0.994856704345161],20,0.012225003852320776
2041,0.004491269978930346,0.0,4,10000,[118.6213207296033],[2072.1312392225864],[0.994856704345161],20,0.012225003852320776
2042,0.012516994004393885,0.0,4,10000,[118.6213207296033],[2072.1312392225864],[0.994856704345161],20,0.012225003852320776
2043,-0.0030583564795628793,0.0,4,10000,[118.6213207296033],[2072.1312392225864],[0.994856704345161],20,0.012225003852320776
2044,0.005518719615083082,0.0,4,10000,[118.6213207296033],[2072.1312392225864],[0.994856704345161],20,0.012225003852320776
2045,0.01093115284865302,0.0,4,10000,[118.6213207296033],[2072.1312392225864],[0.994856704345161],20,0.012225003852320776
2046,-0.009292972138904867,0.0,4,10000,[118.6213207296033],[2072.1312392225864],[0.994856704345161],20,0.012225003852320776
2047,0.027957462762784407,0.0,4,10000,[118.6213207296033],[2072.1312392225864],[0.994856704345161],20,0.012225003852320776
2048,0.00042586896815221886,0.0,4,10000,[118.6213207296033],[2072.1312392225864],[0.994856704345161],20,0.012225003852320776
2049,-0.0015669679782720324,0.0,4,10000,[118.6213207296033],[2072.1312392225864],[0.994856704345161],20,0.012225003852320776
2050,0.011552597606996068,0.0,4,10000,[118.6213207296033],[2072.1312392225864],[0.994856704345161],20,0.012225003852320776
2051,0.00016586628715643676,0.0,4,10000,[118.6213207296033],[2072.1312392225864],[0.994856704345161],20,0.012225003852320776
2052,0.01637976237638112,0.0,4,10000,[118.6213207296033],[2072.1312392225864],[0.994856704345161],20,0.012225003852320776
2053,0.005631934858927881,0.0,4,10000,[118.6213207296033],[2072.1312392225864],[0.994856704345161],20,0.012225003852320776
2054,0.022629713873682997,0.0,4,10000,[118.6213207296033],[2072.1312392225864],[0.994856704345161],20,0.012225003852320776
2055,0.010780126618608152,0.0,4,10000,[118.6213207296033],[2072.1312392225864],[0.994856704345161],20,0.012225003852320776
2056,-0.006780612822298212,0.0,4,10000,[118.6213207296033],[2072.1312392225864],[0.994856704345161],20,0.012225003852320776
2057,-0.004453826744993083,0.0,4,10000,[118.6213207296033],[2072.1312392225864],[0.994856704345161],20,0.012225003852320776
2058,0.0034123751832420162,0.0,4,10000,[118.6213207296033],[2072.1312392225864],[0.994856704345161],20,0.012225003852320776
2059,-0.006116616850256094,0.0,4,10000,[118.6213207296033],[2072.1312392225864],[0.994856704345161],20,0.012225003852320776
2060,0.007219885684567118,0.0,4,10000,[118.6213207296033],[2072.1312392225864],[0.994856704345161],20,0.012225003852320776
2061,0.00329925085177793,0.0,4,10000,[118.6213207296033],[2072.1312392225864],[0.994856704345161],20,0.012225003852320776
2062,-9.582547910344154e-05,0.0,4,10000,[118.6213207296033],[2072.1312392225864],[0.994856704345161],20,0.012225003852320776
2063,-0.007870195258897776,0.0,4,10000,[118.6213207296033],[2072.1312392225864],[0.994856704345161],20,0.012225003852320776
2064,-0.008377653320615809,0.0,4,10000,[118.6213207296033],[2072.1312392225864],[0.994856704345161],20,0.012225003852320776
2065,-0.006532565154495321,0.0,4,10000,[118.6213207296033],[2072.1312392225864],[0.994856704345161],20,0.012225003852320776
2066,-0.008790163441497073,0.0,4,10000,[118.6213207296033],[2072.1312392225864],[0.994856704345161],20,0.012225003852320776
2067,0.011076146654976872,0.0,4,10000,[118.6213207296033],[2072.1312392225864],[0.994856704345161],20,0.012225003852320776
2068,0.0033117517341229767,0.0,4,10000,[118.6213207296033],[2072.1312392225864],[0.994856704345161],20,0.012225003852320776
2069,-0.00017294459817080552,0.0,4,10000,[118.6213207296033],[2072.1312392225864],[0.994856704345161],20,0.012225003852320776
2070,-0.00935247334907174,0.0,4,10000,[118.6213207296033],[2072.1312392225864],[0.994856704345161],20,0.012225003852320776
2071,0.024180924113034685,0.0,4,10000,[118.6213207296033],[2072.1312392225864],[0.994856704345161],20,0.012225003852320776
2072,0.01342818213517722,0.0,4,10000,[118.6213207296033],[2072.1312392225864],[0.994856704345161],20,0.012225003852320776
2073,0.0005270000851283508,0.0,4,10000,[118.6213207296033],[2072.1312392225864],[0.994856704345161],20,0.012225003852320776
2074,0.016451326576202324,0.0,4,10000,[118.6213207296033],[2072.1312392225864],[0.994856704345161],20,0.012225003852320776
2075,-0.0003991264074656621,0.0,4,10000,[118.6213207296033],[2072.1312392225864],[0.994856704345161],20,0.012225003852320776
2076,-0.010857820973758207,0.0,4,10000,[118.6213207296033],[2072.1312392225864],[0.994856704345161],20,0.012225003852320776
2077,0.0018249928269081976,0.0,4,10000,[118.6213207296033],[2072.1312392225864],[0.994856704345161],20,0.012225003852320776
2078,0.021342111623759003,0.0,4,10000,[118.6213207296033],[2072.1312392225864],[0.994856704345161],20,0.012225003852320776
2079,-0.007308333085977673,0.0,4,10000,[118.6213207296033],[2072.1312392225864],[0.994856704345161],20,0.012225003852320776
2080,0.020313688364170225,0.0,4,10000,[118.6213207296033],[2072.1312392225864],[0.994856704345161],20,0.012225003852320776
2081,0.012924377983148385,0.0,4,10000,[118.6213207296033],[2072.1312392225864],[0.994856704345161],20,0.012225003852320776
2082,-0.00893708148050134,0.0,4,10000,[118.6213207296033],[2072.1312392225864],[0.994856704345161],20,0.012225003852320776
2083,-0.01797649326616685,0.0,4,10000,[118.6213207296033],[2072.1312392225864],[0.994856704345161],20,0.012225003852320776
2084,0.00586113239759812,0.0,4,10000,[118.6213207296033],[2072.1312392225864],[0.994856704345161],20,0.012225003852320776
2085,-0.0016835422373021318,0.0,4,10000,[118.6213207296033],[2072.1312392225864],[0.994856704345161],20,0.012225003852320776
2086,0.03203521103241293,0.0,4,10000,[118.6213207296033],[2072.1312392225864],[0.994856704345161],20,0.012225003852320776
2087,-0.008672707724969194,0.0,4,10000,[118.6213207296033],[2072.1312392225864],[0.994856704345161],20,0.012225003852320776
2088,0.007606598723631868,0.0,4,10000,[118.6213207296033],[2072.1312392225864],[0.994856704345161],20,0.012225003852320776
2089,-0.0019288860273482715,0.0,4,10000,[118.6213207296033],[2072.1312392225864],[0.994856704345161],20,0.012225003852320776
2090,-0.004842623711775373,0.0,4,10000,[118.6213207296033],[2072.1312392225864],[0.994856704345161],20,0.012225003852320776
2091,0.01508771083883103,0.0,4,10000,[118.6213207296033],[2072.1312392225864],[0.994856704345161],20,0.012225003852320776
2092,-0.007705239617276936,0.0,4,10000,[118.6213207296033],[2072.1312392225864],[0.994856704345161],20,0.012225003852320776
2093,0.0021529001176286873,0.0,4,10000,[118.6213207296033],[2072.1312392225864],[0.994856704345161],20,0.012225003852320776
2094,-0.0008204932672777462,0.0,4,10000,[118.6213207296033],[2072.1312392225864],[0.994856704345161],20,0.012225003852320776
2095,0.008608334703373497,0.0,4,10000,[118.6213207296033],[2072.1312392225864],[0.994856704345161],20,0.012225003852320776
2096,-0.023086646053002396,0.0,4,10000,[118.6213207296033],[2072.1312392225864],[0.994856704345161],20,0.012225003852320776
2097,-0.007463641326509307,0.0,4,10000,[118.6213207296033],[2072.1312392225864],[0.994856704345161],20,0.012225003852320776
2098,0.012168451465500791,0.0,4,10000,[118.6213207296033],[2072.1312392225864],[0.994856704345161],20,0.012225003852320776
2099,-0.014921781258936067,0.0,4,10000,[118.6213207296033],[2072.1312392225864],[0.994856704345161],20,0.012225003852320776
2100,0.006880109881130525,0.0,4,10000,[118.6213207296033],[2072.1312392225864],[0.994856704345161],20,0.012225003852320776
2101,0.024528131631086643,0.0,4,10000,[118.6213207296033],[2072.1312392225864],[0.994856704345161],20,0.012225003852320776
2102,-0.0036565753413305177,0.0,4,10000,[118.6213207296033],[2072.1312392225864],[0.994856704345161],20,0.012225003852320776
2103,-0.013796087152287053,0.0,4,10000,[118.6213207296033],[2072.1312392225864],[0.994856704345161],20,0.012225003852320776
2104,0.03517857747674267,0.0,4,10000,[118.6213207296033],[2072.1312392225864],[0.994856704345161],20,0.012225003852320776
2105,0.009490032113868301,0.0,4,10000,[118.6213207296033],[2072.1312392225864],[0.994856704345161],20,0.012225003852320776
2106,-0.01023032201328689,0.0,4,10000,[118.6213207296033],[2072.1312392225864],[0.994856704345161],20,0.012225003852320776
2107,-0.003738135963214395,0.0,4,10000,[118.6213207296033],[2072.1312392225864],[0.994856704345161],20,0.012225003852320776
2108,-0.01494105027144527,0.0,4,10000,[118.6213207296033],[2072.1312392225864],[0.994856704345161],20,0.012225003852320776
2109,-0.005302350128155552,0.0,4,10000,[118.6213207296033],[2072.1312392225864],[0.994856704345161],20,0.012225003852320776
2110,0.00015227511312319912,0.0,4,10000,[118.6213207296033],[2072.1312392225864],[0.994856704345161],20,0.012225003852320776
2111,0.017376316940730076,0.0,4,10000,[118.6213207296033],[2072.1312392225864],[0.994856704345161],20,0.012225003852320776
2112,-0.007026621003345684,0.0,4,10000,[118.6213207296033],[2072.1312392225864],[0.994856704345161],20,0.012225003852320776
2113,-0.00654278368519282,0.0,4,10000,[118.6213207296033],[2072.1312392225864],[0.994856704345161],20,0.012225003852320776
2114,-0.005266207914288892,0.0,4,10000,[118.6213207296033],[2072.1312392225864],[0.994856704345161],20,0.012225003852320776
2115,0.0059635932026873475,0.0,4,10000,[118.6213207296033],[2072.1312392225864],[0.994856704345161],20,0.012225003852320776
2116,-0.0009465465623902447,0.0,4,10000,[118.6213207296033],[2072.1312392225864],[0.994856704345161],20,0.012225003852320776
2117,-0.004592145459658278,0.0,4,10000,[118.6213207296033],[2072.1312392225864],[0.994856704345161],20,0.012225003852320776
2118,-0.003036659613906209,0.0,4,10000,[118.6213207296033],[2072.1312392225864],[0.994856704345161],20,0.012225003852320776
2119,-0.023005627715959025,0.0,4,10000,[118.6213207296033],[2072.1312392225864],[0.994856704345161],20,0.012225003852320776
2120,0.006257170412607782,0.0,4,10000,[118.6213207296033],[2072.1312392225864],[0.994856704345161],20,0.012225003852320776
2121,0.02095817416202153,0.0,4,10000,[118.6213207296033],[2072.1312392225864],[0.994856704345161],20,0.012225003852320776
2122,-0.014654548396284339,0.0,4,10000,[118.6213207296033],[2072.1312392225864],[0.994856704345161],20,0.012225003852320776
2123,-0.003282414819665762,0.0,4,10000,[118.6213207296033],[2072.1312392225864],[0.994856704345161],20,0.012225003852320776
2124,0.021562397146143494,0.0,4,10000,[118.6213207296033],[2072.1312392225864],[0.994856704345161],20,0.012225003852320776
2125,-0.0055063221454174464,0.0,4,10000,[118.6213207296033],[2072.1312392225864],[0.994856704345161],20,0.012225003852320776
2126,-0.0030996234313621705,0.0,4,10000,[118.6213207296033],[2072.1312392225864],[0.994856704345161],20,0.012225003852320776
2127,-0.007931603449818261,0.0,4,10000,[118.6213207296033],[2072.1312392225864],[0.994856704345161],20,0.012225003852320776
2128,0.003213811896346588,0.0,4,10000,[118.6213207296033],[2072.1312392225864],[0.994856704345161],20,0.012225003852320776
2129,0.0054518283272191985,0.0,4,10000,[118.6213207296033],[2072.1312392225864],[0.994856704345161],20,0.012225003852320776
2130,-0.004289754278756204,0.0,4,10000,[118.6213207296033],[2072.1312392225864],[0.994856704345161],20,0.012225003852320776
2131,0.010598977451954553,0.0,4,10000,[118.6213207296033],[2072.1312392225864],[0.994856704345161],20,0.012225003852320776
2132,0.00530257827528095,0.0,4,10000,[118.6213207296033],[2072.1312392225864],[0.994856704345161],20,0.012225003852320776
2133,0.005080660298061204,0.0,4,10000,[118.6213207296033],[2072.1312392225864],[0.994856704345161],20,0.012225003852320776
2134,-0.022899327141108768,0.0,4,10000,[118.6213207296033],[2072.1312392225864],[0.994856704345161],20,0.012225003852320776
2135,0.013208663674754149,0.0,4,10000,[118.6213207296033],[2072.1312392225864],[0.994856704345161],20,0.012225003852320776
2136,0.005765646936519565,0.0,4,10000,[118.6213207296033],[2072.1312392225864],[0.994856704345161],20,0.012225003852320776
2137,-0.018481697634471498,0.0,4,10000,[118.6213207296033],[2072.1312392225864],[0.994856704345161],20,0.012225003852320776
2138,-0.0041726066623847865,0.0,4,10000,[118.6213207296033],[2072.1312392225864],[0.994856704345161],20,0.012225003852320776
2139,-0.004383831902948995,0.0,4,10000,[118.6213207296033],[2072.1312392225864],[0.994856704345161],20,0.012225003852320776
2140,0.009456023631465776,0.0,4,10000,[118.6213207296033],[2072.1312392225864],[0.994856704345161],20,0.012225003852320776
2141,0.01707775847023539,0.0,4,10000,[118.6213207296033],[2072.1312392225864],[0.994856704345161],20,0.012225003852320776
2142,0.002933203893866017,0.0,4,10000,[118.6213207296033],[2072.1312392225864],[0.994856704345161],20,0.012225003852320776
2143,0.004247709404080771,0.0,4,10000,[118.6213207296033],[2072.1312392225864],[0.994856704345161],20,0.012225003852320776
2144,0.0054999476796940856,0.0,4,10000,[118.6213207296033],[2072.1312392225864],[0.994856704345161],20,0.012225003852320776
2145,-0.002259512325119614,0.0,4,10000,[118.6213207296033],[2072.1312392225864],[0.994856704345161],20,0.012225003852320776
2146,0.004601476441345359,0.0,4,10000,[118.6213207296033],[2072.1312392225864],[0.994856704345161],20,0.012225003852320776
2147,-0.014668584137643815,0.0,4,10000,[118.6213207296033],[2072.1312392225864],[0.994856704345161],20,0.012225003852320776
2148,0.006911842114705105,0.0,4,10000,[118.6213207296033],[2072.1312392225864],[0.994856704345161],20,0.012225003852320776
2149,0.0010929282703302432,0.0,4,10000,[118.6213207296033],[2072.1312392225864],[0.994856704345161],20,0.012225003852320776
2150,0.00331487534159775,0.0,4,10000,[118.6213207296033],[2072.1312392225864],[0.994856704345161],20,0.012225003852320776
2151,-0.002323617753509708,0.0,4,10000,[118.6213207296033],[2072.1312392225864],[0.994856704345161],20,0.012225003852320776
2152,0.0060404720573211,0.0,4,10000,[118.6213207296033],[2072.1312392225864],[0.994856704345161],20,0.012225003852320776
2153,0.010578541409107555,0.0,4,10000,[118.6213207296033],[2072.1312392225864],[0.994856704345161],20,0.012225003852320776
2154,-0.006604057080043195,0.0,4,10000,[118.6213207296033],[2072.1312392225864],[0.994856704345161],20,0.012225003852320776
2155,-0.009361886817352186,0.0,4,10000,[118.6213207296033],[2072.1312392225864],[0.994856704345161],20,0.012225003852320776
2156,-0.011132370090268514,0.0,4,10000,[118.6213207296033],[2072.1312392225864],[0.994856704345161],20,0.012225003852320776
2157,0.0020257246156902826,0.0,4,10000,[118.6213207296033],[2072.1312392225864],[0.994856704345161],20,0.012225003852320776
2158,-0.019144578128225453,0.0,4,10000,[118.6213207296033],[2072.1312392225864],[0.994856704345161],20,0.012225003852320776
2159,-0.011068676857671291,0.0,4,10000,[118.6213207296033],[2072.1312392225864],[0.994856704345161],20,0.012225003852320776
2160,0.014564747471999498,0.0,4,10000,[118.6213207296033],[2072.1312392225864],[0.994856704345161],20,0.012225003852320776
2161,0.03121819430048424,0.0,4,10000,[118.6213207296033],[2072.1312392225864],[0.994856704345161],20,0.012225003852320776
2162,0.0020599525790375626,0.0,4,10000,[118.6213207296033],[2072.1312392225864],[0.994856704345161],20,0.012225003852320776
2163,0.0019139532116977233,0.0,4,10000,[118.6213207296033],[2072.1312392225864],[0.994856704345161],20,0.012225003852320776
2164,-0.005157964516938688,0.0,4,10000,[118.6213207296033],[2072.1312392225864],[0.994856704345161],20,0.012225003852320776
2165,0.005060257095450073,0.0,4,10000,[118.6213207296033],[2072.1312392225864],[0.994856704345161],20,0.012225003852320776
2166,0.003527871384976708,0.0,4,10000,[118.6213207296033],[2072.1312392225864],[0.994856704345161],20,0.012225003852320776
2167,0.008367096204342303,0.0,4,10000,[118.6213207296033],[2072.1312392225864],[0.994856704345161],20,0.012225003852320776
2168,-0.017780159423284207,0.0,4,10000,[118.6213207296033],[2072.1312392225864],[0.994856704345161],20,0.012225003852320776
2169,0.025840094184825853,0.0,4,10000,[118.6213207296033],[2072.1312392225864],[0.994856704345161],20,0.012225003852320776
2170,0.01001126803142392,0.0,4,10000,[118.6213207296033],[2072.1312392225864],[0.994856704345161],20,0.012225003852320776
2171,-0.01026570933226584,0.0,4,10000,[118.6213207296033],[2072.1312392225864],[0.994856704345161],20,0.012225003852320776
2172,-0.026677982261650492,0.0,4,10000,[118.6213207296033],[2072.1312392225864],[0.994856704345161],20,0.012225003852320776
2173,0.0013374924577804273,0.0,4,10000,[118.6213207296033],[2072.1312392225864],[0.994856704345161],20,0.012225003852320776
2174,0.011879603892677098,0.0,4,10000,[118.6213207296033],[2072.1312392225864],[0.994856704345161],20,0.012225003852320776
2175,0.019885786818805613,0.0,4,10000,[118.6213207296033],[2072.1312392225864],[0.994856704345161],20,0.012225003852320776
2176,0.0005773108804779817,0.0,4,10000,[118.6213207296033],[2072.1312392225864],[0.994856704345161],20,0.012225003852320776
2177,0.0015700971840472704,0.0,4,10000,[118.6213207296033],[2072.1312392225864],[0.994856704345161],20,0.012225003852320776
2178,-0.002647202351399958,0.0,4,10000,[118.6213207296033],[2072.1312392225864],[0.994856704345161],20,0.012225003852320776
2179,0.009961910930606612,0.0,4,10000,[118.6213207296033],[2072.1312392225864],[0.994856704345161],20,0.012225003852320776
2180,-0.008918407041523375,0.0,4,10000,[118.6213207296033],[2072.1312392225864],[0.994856704345161],20,0.012225003852320776
2181,0.01609711432374387,0.0,4,10000,[118.6213207296033],[2072.1312392225864],[0.994856704345161],20,0.012225003852320776
2182,-0.01323972854422137,0.0,4,10000,[118.6213207296033],[2072.1312392225864],[0.994856704345161],20,0.012225003852320776
2183,0.020697456056761043,0.0,4,10000,[118.6213207296033],[2072.1312392225864],[0.994856704345161],20,0.012225003852320776
2184,-0.0012781608466108632,0.0,4,10000,[118.6213207296033],[2072.1312392225864],[0.994856704345161],20,0.012225003852320776
2185,-0.0032242017079648494,0.0,4,10000,[118.6213207296033],[2072.1312392225864],[0.994856704345161],20,0.012225003852320776
2186,0.005253407103094111,0.0,4,10000,[118.6213207296033],[2072.1312392225864],[0.994856704345161],20,0.012225003852320776
2187,-0.0040751700620605584,0.0,4,10000,[118.6213207296033],[2072.1312392225864],[0.994856704345161],20,0.012225003852320776
2188,-0.016125615544093377,0.0,4,10000,[118.6213207296033],[2072.1312392225864],[0.994856704345161],20,0.012225003852320776
2189,-0.005685531864908603,0.0,4,10000,[118.6213207296033],[2072.1312392225864],[0.994856704345161],20,0.012225003852320776
2190,0.004394823620499677,0.0,4,10000,[118.6213207296033],[2072.1312392225864],[0.994856704345161],20,0.012225003852320776
2191,0.0010133346831562296,0.0,4,10000,[118.6213207296033],[2072.1312392225864],[0.994856704345161],20,0.012225003852320776
2192,0.007013588451509301,0.0,4,10000,[118.6213207296033],[2072.1312392225864],[0.994856704345161],20,0.012225003852320776
2193,0.012791678269612344,0.0,4,10000,[118.6213207296033],[2072.1312392225864],[0.994856704345161],20,0.012225003852320776
2194,-0.0077368088965085995,0.0,4,10000,[118.6213207296033],[2072.1312392225864],[0.994856704345161],20,0.012225003852320776
2195,-0.006633601747670189,0.0,4,10000,[118.6213207296033],[2072.1312392225864],[0.994856704345161],20,0.012225003852320776
2196,0.0012528399273673237,0.0,4,10000,[118.6213207296033],[2072.1312392225864],[0.994856704345161],20,0.012225003852320776
2197,-0.006600062997546661,0.0,4,10000,[118.6213207296033],[2072.1312392225864],[0.994856704345161],20,0.012225003852320776
2198,0.009227205293754858,0.0,4,10000,[118.6213207296033],[2072.1312392225864],[0.994856704345161],20,0.012225003852320776
2199,0.024750839617408354,0.0,4,10000,[118.6213207296033],[2072.1312392225864],[0.994856704345161],20,0.012225003852320776
2200,0.00793010149746953,0.0,4,10000,[118.6213207296033],[2072.1312392225864],[0.994856704345161],20,0.012225003852320776
2201,0.00011367852993716521,0.0,4,10000,[118.6213207296033],[2072.1312392225864],[0.994856704345161],20,0.012225003852320776
2202,-0.023872426777714718,0.0,4,10000,[118.6213207296033],[2072.1312392225864],[0.994856704345161],20,0.012225003852320776
2203,-0.014165095723573117,0.0,4,10000,[118.6213207296033],[2072.1312392225864],[0.994856704345161],20,0.012225003852320776
2204,0.010058158449116814,0.0,4,10000,[118.6213207296033],[2072.1312392225864],[0.994856704345161],20,0.012225003852320776
2205,0.01600209475735883,0.0,4,10000,[118.6213207296033],[2072.1312392225864],[0.994856704345161],20,0.012225003852320776
2206,0.0015961126520470854,0.0,4,10000,[118.6213207296033],[2072.1312392225864],[0.994856704345161],20,0.012225003852320776
2207,-0.0064257705308715385,0.0,4,10000,[118.6213207296033],[2072.1312392225864],[0.994856704345161],20,0.012225003852320776
2208,0.017941172458270913,0.0,4,10000,[118.6213207296033],[2072.1312392225864],[0.994856704345161],20,0.012225003852320776
2209,-0.006021269541012856,0.0,4,10000,[118.6213207296033],[2072.1312392225864],[0.994856704345161],20,0.012225003852320776
2210,-0.0032797174577322234,0.0,4,10000,[118.6213207296033],[2072.1312392225864],[0.994856704345161],20,0.012225003852320776
2211,0.013234879488234067,0.0,4,10000,[118.6213207296033],[2072.1312392225864],[0.994856704345161],20,0.012225003852320776
2212,-0.014103133209796316,0.0,4,10000,[118.6213207296033],[2072.1312392225864],[0.994856704345161],20,0.012225003852320776
2213,0.0028360544100895146,0.0,4,10000,[118.6213207296033],[2072.1312392225864],[0.994856704345161],20,0.012225003852320776
2214,0.03625362355728893,0.0,4,10000,[118.6213207296033],[2072.1312392225864],[0.994856704345161],20,0.012225003852320776
2215,0.008068372365533953,0.0,4,10000,[118.6213207296033],[2072.1312392225864],[0.994856704345161],20,0.012225003852320776
2216,-0.004223676325880557,0.0,4,10000,[118.6213207296033],[2072.1312392225864],[0.994856704345161],20,0.012225003852320776
2217,-0.0005748953678275682,0.0,4,10000,[118.6213207296033],[2072.1312392225864],[0.994856704345161],20,0.012225003852320776
2218,0.01552710572767165,0.0,4,10000,[118.6213207296033],[2072.1312392225864],[0.994856704345161],20,0.012225003852320776
2219,0.009094683374669475,0.0,4,10000,[118.6213207296033],[2072.1312392225864],[0.994856704345161],20,0.012225003852320776
2220,-0.01782404925713278,0.0,4,10000,[118.6213207296033],[2072.1312392225864],[0.994856704345161],20,0.012225003852320776
2221,0.018931047237977627,0.0,4,10000,[118.6213207296033],[2072.1312392225864],[0.994856704345161],20,0.012225003852320776
2222,0.011521612143110142,0.0,4,10000,[118.6213207296033],[2072.1312392225864],[0.994856704345161],20,0.012225003852320776
2223,0.008550607740125855,0.0,4,10000,[118.6213207296033],[2072.1312392225864],[0.994856704345161],20,0.012225003852320776
2224,-0.007936045897444368,0.0,4,10000,[118.6213207296033],[2072.1312392225864],[0.994856704345161],20,0.012225003852320776
2225,-0.016784340510344407,0.0,4,10000,[118.6213207296033],[2072.1312392225864],[0.994856704345161],20,0.012225003852320776
2226,0.02372217269379257,0.0,4,10000,[118.6213207296033],[2072.1312392225864],[0.994856704345161],20,0.012225003852320776
2227,-0.0019786534718698014,0.0,4,10000,[118.6213207296033],[2072.1312392225864],[0.994856704345161],20,0.012225003852320776
2228,-0.0036808428661240004,0.0,4,10000,[118.6213207296033],[2072.1312392225864],[0.994856704345161],20,0.012225003852320776
2229,0.008361373938379605,0.0,4,10000,[118.6213207296033],[2072.1312392225864],[0.994856704345161],20,0.012225003852320776
2230,-0.003922308453180831,0.0,4,10000,[118.6213207296033],[2072.1312392225864],[0.994856704345161],20,0.012225003852320776
2231,0.01799312965839896,0.0,4,10000,[118.6213207296033],[2072.1312392225864],[0.994856704345161],20,0.012225003852320776
2232,0.009533707810091012,0.0,4,10000,[118.6213207296033],[2072.1312392225864],[0.994856704345161],20,0.012225003852320776
2233,-0.010999422591286598,0.0,4,10000,[118.6213207296033],[2072.1312392225864],[0.994856704345161],20,0.012225003852320776
2234,-0.010454504832317864,0.0,4,10000,[118.6213207296033],[2072.1312392225864],[0.994856704345161],20,0.012225003852320776
2235,-0.02848567893257783,0.0,4,10000,[118.6213207296033],[2072.1312392225864],[0.994856704345161],20,0.012225003852320776
2236,0.011677275748282678,0.0,4,10000,[118.6213207296033],[2072.1312392225864],[0.994856704345161],20,0.012225003852320776
2237,0.024261365825631938,0.0,4,10000,[118.6213207296033],[2072.1312392225864],[0.994856704345161],20,0.012225003852320776
2238,0.00167382672239637,0.0,4,10000,[118.6213207296033],[2072.1312392225864],[0.994856704345161],20,0.012225003852320776
2239,-0.01151577608212122,0.0,4,10000,[118.6213207296033],[2072.1312392225864],[0.994856704345161],20,0.012225003852320776
2240,-0.020402273112642984,0.0,4,10000,[118.6213207296033],[2072.1312392225864],[0.994856704345161],20,0.012225003852320776
2241,0.00013467674585981786,0.0,4,10000,[118.6213207296033],[2072.1312392225864],[0.994856704345161],20,0.012225003852320776
2242,0.0004257304957613776,0.0,4,10000,[118.6213207296033],[2072.1312392225864],[0.994856704345161],20,0.012225003852320776
2243,0.0026926029111137956,0.0,4,10000,[118.6213207296033],[2072.1312392225864],[0.994856704345161],20,0.012225003852320776
2244,-0.009760836030608339,0.0,4,10000,[118.6213207296033],[2072.1312392225864],[0.994856704345161],20,0.012225003852320776
2245,0.022097116681368986,0.0,4,10000,[118.6213207296033],[2072.1312392225864],[0.994856704345161],20,0.012225003852320776
2246,-0.025869045986046595,0.0,4,10000,[118.6213207296033],[2072.1312392225864],[0.994856704345161],20,0.012225003852320776
2247,-0.005582350502639658,0.0,4,10000,[118.6213207296033],[2072.1312392225864],[0.994856704345161],20,0.012225003852320776
2248,-0.013440521954381118,0.0,4,10000,[118.6213207296033],[2072.1312392225864],[0.994856704345161],20,0.012225003852320776
2249,0.029360069416476616,0.0,4,10000,[118.6213207296033],[2072.1312392225864],[0.994856704345161],20,0.012225003852320776
2250,0.006095261911377313,0.0,4,10000,[118.6213207296033],[2072.1312392225864],[0.994856704345161],20,0.012225003852320776
2251,-0.0011221056032485524,0.0,4,10000,[118.6213207296033],[2072.1312392225864],[0.994856704345161],20,0.012225003852320776
2252,-0.00022235928779183484,0.0,4,10000,[118.6213207296033],[2072.1312392225864],[0.994856704345161],20,0.012225003852320776
2253,0.0013347896505784928,0.0,4,10000,[118.6213207296033],[2072.1312392225864],[0.994856704345161],20,0.012225003852320776
2254,-0.013267549354129611,0.0,4,10000,[118.6213207296033],[2072.1312392225864],[0.994856704345161],20,0.012225003852320776
2255,-0.0013890785561159486,0.0,4,10000,[118.6213207296033],[2072.1312392225864],[0.994856704345161],20,0.012225003852320776
2256,-0.013801204090531259,0.0,4,10000,[118.6213207296033],[2072.1312392225864],[0.994856704345161],20,0.012225003852320776
2257,0.0018924688629775816,0.0,4,10000,[118.6213207296033],[2072.1312392225864],[0.994856704345161],20,0.012225003852320776
2258,0.006597013750231683,0.0,4,10000,[118.6213207296033],[2072.1312392225864],[0.994856704345161],20,0.012225003852320776
2259,-0.008269147860544775,0.0,4,10000,[118.6213207296033],[2072.1312392225864],[0.994856704345161],20,0.012225003852320776
2260,-0.01503627234376161,0.0,4,10000,[118.6213207296033],[2072.1312392225864],[0.994856704345161],20,0.012225003852320776
2261,0.014527400433199885,0.0,4,10000,[118.6213207296033],[2072.1312392225864],[0.994856704345161],20,0.012225003852320776
2262,0.0004607562725530285,0.0,4,10000,[118.6213207296033],[2072.1312392225864],[0.994856704345161],20,0.012225003852320776
2263,0.010686449569027603,0.0,4,10000,[118.6213207296033],[2072.1312392225864],[0.994856704345161],20,0.012225003852320776
2264,0.0316400112775607,0.0,4,10000,[118.6213207296033],[2072.1312392225864],[0.994856704345161],20,0.012225003852320776
2265,-0.004794543584972001,0.0,4,10000,[118.6213207296033],[2072.1312392225864],[0.994856704345161],20,0.012225003852320776
2266,0.002766043364058558,0.0,4,10000,[118.6213207296033],[2072.1312392225864],[0.994856704345161],20,0.012225003852320776
2267,-0.007220440069452644,0.0,4,10000,[118.6213207296033],[2072.1312392225864],[0.994856704345161],20,0.012225003852320776
2268,0.009549979824382517,0.0,4,10000,[118.6213207296033],[2072.1312392225864],[0.994856704345161],20,0.012225003852320776
2269,0.02667222731248926,0.0,4,10000,[118.6213207296033],[2072.1312392225864],[0.994856704345161],20,0.012225003852320776
2270,0.007302765486375308,0.0,4,10000,[118.6213207296033],[2072.1312392225864],[0.994856704345161],20,0.012225003852320776
2271,0.013378213612856833,0.0,4,10000,[118.6213207296033],[2072.1312392225864],[0.994856704345161],20,0.012225003852320776
2272,-0.012810911825551073,0.0,4,10000,[118.6213207296033],[2072.1312392225864],[0.994856704345161],20,0.012225003852320776
2273,-0.017042723911666603,0.0,4,10000,[118.6213207296033],[2072.1312392225864],[0.994856704345161],20,0.012225003852320776
2274,0.006621474364745517,0.0,4,10000,[118.6213207296033],[2072.1312392225864],[0.994856704345161],20,0.012225003852320776
2275,-0.002942725101951421,0.0,4,10000,[118.6213207296033],[2072.1312392225864],[0.994856704345161],20,0.012225003852320776
2276,0.010574497482746616,0.0,4,10000,[118.6213207296033],[2072.1312392225864],[0.994856704345161],20,0.012225003852320776
2277,-0.007774546301008023,0.0,4,10000,[118.6213207296033],[2072.1312392225864],[0.994856704345161],20,0.012225003852320776
2278,-0.0033232708847089,0.0,4,10000,[118.6213207296033],[2072.1312392225864],[0.994856704345161],20,0.012225003852320776
2279,-0.027684633991271457,0.0,4,10000,[118.6213207296033],[2072.1312392225864],[0.994856704345161],20,0.012225003852320776
2280,-0.0005782136947558669,0.0,4,10000,[118.6213207296033],[2072.1312392225864],[0.994856704345161],20,0.012225003852320776
2281,0.015432973127911906,0.0,4,10000,[118.6213207296033],[2072.1312392225864],[0.994856704345161],20,0.012225003852320776
2282,0.01609273231139865,0.0,4,10000,[118.6213207296033],[2072.1312392225864],[0.994856704345161],20,0.012225003852320776
2283,-0.009899958559689536,0.0,4,10000,[118.6213207296033],[2072.1312392225864],[0.994856704345161],20,0.012225003852320776
2284,-0.006064957472407294,0.0,4,10000,[118.6213207296033],[2072.1312392225864],[0.994856704345161],20,0.012225003852320776
2285,-0.005958044122517364,0.0,4,10000,[118.6213207296033],[2072.1312392225864],[0.994856704345161],20,0.012225003852320776
2286,0.0007032510619626546,0.0,4,10000,[118.6213207296033],[2072.1312392225864],[0.994856704345161],20,0.012225003852320776
2287,-0.017130721816660546,0.0,4,10000,[118.6213207296033],[2072.1312392225864],[0.994856704345161],20,0.012225003852320776
2288,0.0037144546988380025,0.0,4,10000,[118.6213207296033],[2072.1312392225864],[0.994856704345161],20,0.012225003852320776
2289,-0.00804942428542676,0.0,4,10000,[118.6213207296033],[2072.1312392225864],[0.994856704345161],20,0.012225003852320776
2290,0.013266527260844709,0.0,4,10000,[118.6213207296033],[2072.1312392225864],[0.994856704345161],20,0.012225003852320776
2291,-0.013352334898646864,0.0,4,10000,[118.6213207296033],[2072.1312392225864],[0.994856704345161],20,0.012225003852320776
2292,0.0063445506920173774,0.0,4,10000,[118.6213207296033],[2072.1312392225864],[0.994856704345161],20,0.012225003852320776
2293,0.0085624875081668,0.0,4,10000,[118.6213207296033],[2072.1312392225864],[0.994856704345161],20,0.012225003852320776
2294,-0.009170564494871442,0.0,4,10000,[118.6213207296033],[2072.1312392225864],[0.994856704345161],20,0.012225003852320776
2295,-0.023427623919235252,0.0,4,10000,[118.6213207296033],[2072.1312392225864],[0.994856704345161],20,0.012225003852320776
2296,-0.007212524548380405,0.0,4,10000,[118.6213207296033],[2072.1312392225864],[0.994856704345161],20,0.012225003852320776
2297,-0.015098333051414744,0.0,4,10000,[118.6213207296033],[2072.1312392225864],[0.994856704345161],20,0.012225003852320776
2298,-0.0008106215954321891,0.0,4,10000,[118.6213207296033],[2072.1312392225864],[0.994856704345161],20,0.012225003852320776
2299,0.012030825915005972,0.0,4,10000,[118.6213207296033],[2072.1312392225864],[0.994856704345161],20,0.012225003852320776
2300,-0.009171407992703958,0.0,4,10000,[118.6213207296033],[2072.1312392225864],[0.994856704345161],20,0.012225003852320776
2301,-0.012349657495945899,0.0,4,10000,[118.6213207296033],[2072.1312392225864],[0.994856704345161],20,0.012225003852320776
2302,0.010248812619892841,0.0,4,10000,[118.6213207296033],[2072.1312392225864],[0.994856704345161],20,0.012225003852320776
2303,0.00013336337566125544,0.0,4,10000,[118.6213207296033],[2072.1312392225864],[0.994856704345161],20,0.012225003852320776
2304,-0.002187644974682755,0.0,4,10000,[118.6213207296033],[2072.1312392225864],[0.994856704345161],20,0.012225003852320776
2305,-0.027836771079662623,0.0,4,10000,[118.6213207296033],[2072.1312392225864],[0.994856704345161],20,0.012225003852320776
2306,-0.0018645064800096693,0.0,4,10000,[118.6213207296033],[2072.1312392225864],[0.994856704345161],20,0.012225003852320776
2307,0.011288346339665363,0.0,4,10000,[118.6213207296033],[2072.1312392225864],[0.994856704345161],20,0.012225003852320776
2308,-0.010325016859776088,0.0,4,10000,[118.6213207296033],[2072.1312392225864],[0.994856704345161],20,0.012225003852320776
2309,0.0016919398773740687,0.0,4,10000,[118.6213207296033],[2072.1312392225864],[0.994856704345161],20,0.012225003852320776
2310,0.003365993146471807,0.0,4,10000,[118.6213207296033],[2072.1312392225864],[0.994856704345161],20,0.012225003852320776
2311,0.006200374410625206,0.0,4,10000,[118.6213207296033],[2072.1312392225864],[0.994856704345161],20,0.012225003852320776
2312,-0.024956156568608813,0.0,4,10000,[118.6213207296033],[2072.1312392225864],[0.994856704345161],20,0.012225003852320776
2313,0.012189556555410963,0.0,4,10000,[118.6213207296033],[2072.1312392225864],[0.994856704345161],20,0.012225003852320776
2314,-0.003542404535215809,0.0,4,10000,[118.6213207296033],[2072.1312392225864],[0.994856704345161],20,0.012225003852320776
2315,0.017028589301322554,0.0,4,10000,[118.6213207296033],[2072.1312392225864],[0.994856704345161],20,0.012225003852320776
2316,-0.0030297472497947038,0.0,4,10000,[118.6213207296033],[2072.1312392225864],[0.994856704345161],20,0.012225003852320776
2317,-0.012960467112548456,0.0,4,10000,[118.6213207296033],[2072.1312392225864],[0.994856704345161],20,0.012225003852320776
2318,-0.043681128437303485,0.0,4,10000,[118.6213207296033],[2072.1312392225864],[0.994856704345161],20,0.012225003852320776
2319,0.007125311711212546,0.0,4,10000,[118.6213207296033],[2072.1312392225864],[0.994856704345161],20,0.012225003852320776
2320,0.007395166308144348,0.0,4,10000,[118.6213207296033],[2072.1312392225864],[0.994856704345161],20,0.012225003852320776
2321,-0.02229018615972215,0.0,4,10000,[118.6213207296033],[2072.1312392225864],[0.994856704345161],20,0.012225003852320776
2322,-0.0023572433415548315,0.0,4,10000,[118.6213207296033],[2072.1312392225864],[0.994856704345161],20,0.012225003852320776
2323,0.001959753566212293,0.0,4,10000,[118.6213207296033],[2072.1312392225864],[0.994856704345161],20,0.012225003852320776
2324,0.00628745267109371,0.0,4,10000,[118.6213207296033],[2072.1312392225864],[0.994856704345161],20,0.012225003852320776
2325,0.008398005292081219,0.0,4,10000,[118.6213207296033],[2072.1312392225864],[0.994856704345161],20,0.012225003852320776
2326,0.01730388188298722,0.0,4,10000,[118.6213207296033],[2072.1312392225864],[0.994856704345161],20,0.012225003852320776
2327,-0.00038551182385334595,0.0,4,10000,[118.6213207296033],[2072.1312392225864],[0.994856704345161],20,0.012225003852320776
2328,-0.019779563734518658,0.0,4,10000,[118.6213207296033],[2072.1312392225864],[0.994856704345161],20,0.012225003852320776
2329,0.012806188511793678,0.0,4,10000,[118.6213207296033],[2072.1312392225864],[0.994856704345161],20,0.012225003852320776
2330,0.011333892319125021,0.0,4,10000,[118.6213207296033],[2072.1312392225864],[0.994856704345161],20,0.012225003852320776
2331,0.010255409023082555,0.0,4,10000,[118.6213207296033],[2072.1312392225864],[0.994856704345161],20,0.012225003852320776
2332,0.0001040735755373852,0.0,4,10000,[118.6213207296033],[2072.1312392225864],[0.994856704345161],20,0.012225003852320776
2333,0.006484986951200517,0.0,4,10000,[118.6213207296033],[2072.1312392225864],[0.994856704345161],20,0.012225003852320776
2334,0.005604512054274328,0.0,4,10000,[118.6213207296033],[2072.1312392225864],[0.994856704345161],20,0.012225003852320776
2335,0.011859953404951981,0.0,4,10000,[118.6213207296033],[2072.1312392225864],[0.994856704345161],20,0.012225003852320776
2336,0.011438019435452291,0.0,4,10000,[118.6213207296033],[2072.1312392225864],[0.994856704345161],20,0.012225003852320776
2337,0.022910201568648706,0.0,4,10000,[118.6213207296033],[2072.1312392225864],[0.994856704345161],20,0.012225003852320776
2338,0.004819065241490489,0.0,4,10000,[118.6213207296033],[2072.1312392225864],[0.994856704345161],20,0.012225003852320776
2339,0.011185054609177021,0.0,4,10000,[118.6213207296033],[2072.1312392225864],[0.994856704345161],20,0.012225003852320776
2340,-0.00923093213927318,0.0,4,10000,[118.6213207296033],[2072.1312392225864],[0.994856704345161],20,0.012225003852320776
2341,0.002105890574304406,0.0,4,10000,[118.6213207296033],[2072.1312392225864],[0.994856704345161],20,0.012225003852320776
2342,0.009364765278967882,0.0,4,10000,[118.6213207296033],[2072.1312392225864],[0.994856704345161],20,0.012225003852320776
2343,-0.005875806770258484,0.0,4,10000,[118.6213207296033],[2072.1312392225864],[0.994856704345161],20,0.012225003852320776
2344,0.016879252593420834,0.0,4,10000,[118.6213207296033],[2072.1312392225864],[0.994856704345161],20,0.012225003852320776
2345,-0.0029031410352983776,0.0,4,10000,[118.6213207296033],[2072.1312392225864],[0.994856704345161],20,0.012225003852320776
2346,-0.015863557063337044,0.0,4,10000,[118.6213207296033],[2072.1312392225864],[0.994856704345161],20,0.012225003852320776
2347,0.004115763153417561,0.0,4,10000,[118.6213207296033],[2072.1312392225864],[0.994856704345161],20,0.012225003852320776
2348,0.003504900833439095,0.0,4,10000,[118.6213207296033],[2072.1312392225864],[0.994856704345161],20,0.012225003852320776
2349,0.011546223758046047,0.0,4,10000,[118.6213207296033],[2072.1312392225864],[0.994856704345161],20,0.012225003852320776
2350,0.018028037801682967,0.0,4,10000,[118.6213207296033],[2072.1312392225864],[0.994856704345161],20,0.012225003852320776
2351,0.02177841250829882,0.0,4,10000,[118.6213207296033],[2072.1312392225864],[0.994856704345161],20,0.012225003852320776
2352,0.02267629927803465,0.0,4,10000,[118.6213207296033],[2072.1312392225864],[0.994856704345161],20,0.012225003852320776
2353,-0.0038372321027025816,0.0,4,10000,[118.6213207296033],[2072.1312392225864],[0.994856704345161],20,0.012225003852320776
2354,-0.0006357615684905207,0.0,4,10000,[118.6213207296033],[2072.1312392225864],[0.994856704345161],20,0.012225003852320776
2355,-0.0002756983262416237,0.0,4,10000,[118.6213207296033],[2072.1312392225864],[0.994856704345161],20,0.012225003852320776
2356,0.015403565208233536,0.0,4,10000,[118.6213207296033],[2072.1312392225864],[0.994856704345161],20,0.012225003852320776
2357,0.002207137461768434,0.0,4,10000,[118.6213207296033],[2072.1312392225864],[0.994856704345161],20,0.012225003852320776
2358,0.012059053336733414,0.0,4,10000,[118.6213207296033],[2072.1312392225864],[0.994856704345161],20,0.012225003852320776
2359,0.000871256521705417,0.0,4,10000,[118.6213207296033],[2072.1312392225864],[0.994856704345161],20,0.012225003852320776
2360,-0.004720304955250067,0.0,4,10000,[118.6213207296033],[2072.1312392225864],[0.994856704345161],20,0.012225003852320776
2361,0.003816703341273823,0.0,4,10000,[118.6213207296033],[2072.1312392225864],[0.994856704345161],20,0.012225003852320776
2362,-0.015963135574583676,0.0,4,10000,[118.6213207296033],[2072.1312392225864],[0.994856704345161],20,0.012225003852320776
2363,-0.014167030131482182,0.0,4,10000,[118.6213207296033],[2072.1312392225864],[0.994856704345161],20,0.012225003852320776
2364,0.009849937770880397,0.0,4,10000,[118.6213207296033],[2072.1312392225864],[0.994856704345161],20,0.012225003852320776
2365,0.03233477526566593,0.0,4,10000,[118.6213207296033],[2072.1312392225864],[0.994856704345161],20,0.012225003852320776
2366,-0.0015132428490640915,0.0,4,10000,[118.6213207296033],[2072.1312392225864],[0.994856704345161],20,0.012225003852320776
2367,0.00449489735843303,0.0,4,10000,[118.6213207296033],[2072.1312392225864],[0.994856704345161],20,0.012225003852320776
2368,-0.003834188426975844,0.0,4,10000,[118.6213207296033],[2072.1312392225864],[0.994856704345161],20,0.012225003852320776
2369,0.0010374985534074238,0.0,4,10000,[118.6213207296033],[2072.1312392225864],[0.994856704345161],20,0.012225003852320776
2370,-0.004988605241154087,0.0,4,10000,[118.6213207296033],[2072.1312392225864],[0.994856704345161],20,0.012225003852320776
2371,-0.0008390671387285045,0.0,4,10000,[118.6213207296033],[2072.1312392225864],[0.994856704345161],20,0.012225003852320776
2372,-0.0022896174967716133,0.0,4,10000,[118.6213207296033],[2072.1312392225864],[0.994856704345161],20,0.012225003852320776
2373,0.005883570118797086,0.0,4,10000,[118.6213207296033],[2072.1312392225864],[0.994856704345161],20,0.012225003852320776
2374,0.010720370595545663,0.0,4,10000,[118.6213207296033],[2072.1312392225864],[0.994856704345161],20,0.012225003852320776
2375,0.009493370863148819,0.0,4,10000,[118.6213207296033],[2072.1312392225864],[0.994856704345161],20,0.012225003852320776
2376,0.020689406412308067,0.0,4,10000,[118.6213207296033],[2072.1312392225864],[0.994856704345161],20,0.012225003852320776
2377,-0.0009870790739444858,0.0,4,10000,[118.6213207296033],[2072.1312392225864],[0.994856704345161],20,0.012225003852320776
2378,-0.008518117906712334,0.0,4,10000,[118.6213207296033],[2072.1312392225864],[0.994856704345161],20,0.012225003852320776
2379,0.003485818790651223,0.0,4,10000,[118.6213207296033],[2072.1312392225864],[0.994856704345161],20,0.012225003852320776
2380,-0.026020778348366233,0.0,4,10000,[118.6213207296033],[2072.1312392225864],[0.994856704345161],20,0.012225003852320776
2381,-0.02077159105554518,0.0,4,10000,[118.6213207296033],[2072.1312392225864],[0.994856704345161],20,0.012225003852320776
2382,-0.0004700033000594404,0.0,4,10000,[118.6213207296033],[2072.1312392225864],[0.994856704345161],20,0.012225003852320776
2383,-0.009809635292897674,0.0,4,10000,[118.6213207296033],[2072.1312392225864],[0.994856704345161],20,0.012225003852320776
2384,0.01014445971997446,0.0,4,10000,[118.6213207296033],[2072.1312392225864],[0.994856704345161],20,0.012225003852320776
2385,0.029817474003402792,0.0,4,10000,[118.6213207296033],[2072.1312392225864],[0.994856704345161],20,0.012225003852320776
2386,0.002718283043357555,0.0,4,10000,[118.6213207296033],[2072.1312392225864],[0.994856704345161],20,0.012225003852320776
2387,-0.0018688917080356845,0.0,4,10000,[118.6213207296033],[2072.1312392225864],[0.994856704345161],20,0.012225003852320776
2388,-0.012191597916807743,0.0,4,10000,[118.6213207296033],[2072.1312392225864],[0.994856704345161],20,0.012225003852320776
2389,-0.013105864774117898,0.0,4,10000,[118.6213207296033],[2072.1312392225864],[0.994856704345161],20,0.012225003852320776
2390,0.012548910287640094,0.0,4,10000,[118.6213207296033],[2072.1312392225864],[0.994856704345161],20,0.012225003852320776
2391,0.004111334704096499,0.0,4,10000,[118.6213207296033],[2072.1312392225864],[0.994856704345161],20,0.012225003852320776
2392,-0.0074483658363362305,0.0,4,10000,[118.6213207296033],[2072.1312392225864],[0.994856704345161],20,0.012225003852320776
2393,-0.01088579534277071,0.0,4,10000,[118.6213207296033],[2072.1312392225864],[0.994856704345161],20,0.012225003852320776
2394,-0.02629056631648498,0.0,4,10000,[118.6213207296033],[2072.1312392225864],[0.994856704345161],20,0.012225003852320776
2395,-0.01313759007961866,0.0,4,10000,[118.6213207296033],[2072.1312392225864],[0.994856704345161],20,0.012225003852320776
2396,0.005452511406175954,0.0,4,10000,[118.6213207296033],[2072.1312392225864],[0.994856704345161],20,0.012225003852320776
2397,-0.0008759805962555658,0.0,4,10000,[118.6213207296033],[2072.1312392225864],[0.994856704345161],20,0.012225003852320776
2398,0.0029341167091808036,0.0,4,10000,[118.6213207296033],[2072.1312392225864],[0.994856704345161],20,0.012225003852320776
2399,0.01312767015091009,0.0,4,10000,[118.6213207296033],[2072.1312392225864],[0.994856704345161],20,0.012225003852320776
2400,0.011264146706492553,0.0,4,10000,[118.6213207296033],[2072.1312392225864],[0.994856704345161],20,0.012225003852320776
2401,-0.014922771056287974,0.0,4,10000,[118.6213207296033],[2072.1312392225864],[0.994856704345161],20,0.012225003852320776
2402,0.0014635573314170551,0.0,4,10000,[118.6213207296033],[2072.1312392225864],[0.994856704345161],20,0.012225003852320776
2403,0.004322343177880833,0.0,4,10000,[118.6213207296033],[2072.1312392225864],[0.994856704345161],20,0.012225003852320776
2404,0.011630790493906744,0.0,4,10000,[118.6213207296033],[2072.1312392225864],[0.994856704345161],20,0.012225003852320776
2405,0.004566800267419751,0.0,4,10000,[118.6213207296033],[2072.1312392225864],[0.994856704345161],20,0.012225003852320776
2406,0.003859277782145101,0.0,4,10000,[118.6213207296033],[2072.1312392225864],[0.994856704345161],20,0.012225003852320776
2407,-0.011112959085756925,0.0,4,10000,[118.6213207296033],[2072.1312392225864],[0.994856704345161],20,0.012225003852320776
2408,0.002108854835526557,0.0,4,10000,[118.6213207296033],[2072.1312392225864],[0.994856704345161],20,0.012225003852320776
2409,0.0008082716951477775,0.0,4,10000,[118.6213207296033],[2072.1312392225864],[0.994856704345161],20,0.012225003852320776
2410,0.0025739576057395397,0.0,4,10000,[118.6213207296033],[2072.1312392225864],[0.994856704345161],20,0.012225003852320776
2411,0.008472531649738527,0.0,4,10000,[118.6213207296033],[2072.1312392225864],[0.994856704345161],20,0.012225003852320776
2412,0.001191744600189461,0.0,4,10000,[118.6213207296033],[2072.1312392225864],[0.994856704345161],20,0.012225003852320776
2413,0.004483261745288394,0.0,4,10000,[118.6213207296033],[2072.1312392225864],[0.994856704345161],20,0.012225003852320776
2414,-0.007933183337980208,0.0,4,10000,[118.6213207296033],[2072.1312392225864],[0.994856704345161],20,0.012225003852320776
2415,0.010373802186630098,0.0,4,10000,[118.6213207296033],[2072.1312392225864],[0.994856704345161],20,0.012225003852320776
2416,-0.011961613985359328,0.0,4,10000,[118.6213207296033],[2072.1312392225864],[0.994856704345161],20,0.012225003852320776
2417,-0.00293212123343188,0.0,4,10000,[118.6213207296033],[2072.1312392225864],[0.994856704345161],20,0.012225003852320776
2418,-0.013627691001009998,0.0,4,10000,[118.6213207296033],[2072.1312392225864],[0.994856704345161],20,0.012225003852320776
2419,-0.009001348779655681,0.0,4,10000,[118.6213207296033],[2072.1312392225864],[0.994856704345161],20,0.012225003852320776
2420,0.01575755393930074,0.0,4,10000,[118.6213207296033],[2072.1312392225864],[0.994856704345161],20,0.012225003852320776
2421,0.010541547375800825,0.0,4,10000,[118.6213207296033],[2072.1312392225864],[0.994856704345161],20,0.012225003852320776
2422,0.020072733878338453,0.0,4,10000,[118.6213207296033],[2072.1312392225864],[0.994856704345161],20,0.012225003852320776
2423,-0.01853078275788175,0.0,4,10000,[118.6213207296033],[2072.1312392225864],[0.994856704345161],20,0.012225003852320776
2424,-0.0074309907843513115,0.0,4,10000,[118.6213207296033],[2072.1312392225864],[0.994856704345161],20,0.012225003852320776
2425,-0.013758212419853462,0.0,4,10000,[118.6213207296033],[2072.1312392225864],[0.994856704345161],20,0.012225003852320776
2426,-0.0029426476382930543,0.0,4,10000,[118.6213207296033],[2072.1312392225864],[0.994856704345161],20,0.012225003852320776
2427,0.008717210901377805,0.0,4,10000,[118.6213207296033],[2072.1312392225864],[0.994856704345161],20,0.012225003852320776
2428,-0.0022320167365743626,0.0,4,10000,[118.6213207296033],[2072.1312392225864],[0.994856704345161],20,0.012225003852320776
2429,-0.01383341731479979,0.0,4,10000,[118.6213207296033],[2072.1312392225864],[0.994856704345161],20,0.012225003852320776
2430,-0.002615255243031085,0.0,4,10000,[118.6213207296033],[2072.1312392225864],[0.994856704345161],20,0.012225003852320776
2431,0.019876793282692186,0.0,4,10000,[118.6213207296033],[2072.1312392225864],[0.994856704345161],20,0.012225003852320776
2432,-0.0018298006962424798,0.0,4,10000,[118.6213207296033],[2072.1312392225864],[0.994856704345161],20,0.012225003852320776
2433,0.004773032643080796,0.0,4,10000,[118.6213207296033],[2072.1312392225864],[0.994856704345161],20,0.012225003852320776
2434,0.010217086392470497,0.0,4,10000,[118.6213207296033],[2072.1312392225864],[0.994856704345161],20,0.012225003852320776
2435,0.008751746797069214,0.0,4,10000,[118.6213207296033],[2072.1312392225864],[0.994856704345161],20,0.012225003852320776
2436,0.014525645087422885,0.0,4,10000,[118.6213207296033],[2072.1312392225864],[0.994856704345161],20,0.012225003852320776
2437,0.011978886206887826,0.0,4,10000,[118.6213207296033],[2072.1312392225864],[0.994856704345161],20,0.012225003852320776
2438,-0.006276774329213753,0.0,4,10000,[118.6213207296033],[2072.1312392225864],[0.994856704345161],20,0.012225003852320776
2439,0.0019463158435775519,0.0,4,10000,[118.6213207296033],[2072.1312392225864],[0.994856704345161],20,0.012225003852320776
2440,0.005743798355916932,0.0,4,10000,[118.6213207296033],[2072.1312392225864],[0.994856704345161],20,0.012225003852320776
2441,0.007730132672319105,0.0,4,10000,[118.6213207296033],[2072.1312392225864],[0.994856704345161],20,0.012225003852320776
2442,0.012787325453816304,0.0,4,10000,[118.6213207296033],[2072.1312392225864],[0.994856704345161],20,0.012225003852320776
2443,0.022367180028481055,0.0,4,10000,[118.6213207296033],[2072.1312392225864],[0.994856704345161],20,0.012225003852320776
2444,-0.011725533017561183,0.0,4,10000,[118.6213207296033],[2072.1312392225864],[0.994856704345161],20,0.012225003852320776
2445,-0.009095841133960019,0.0,4,10000,[118.6213207296033],[2072.1312392225864],[0.994856704345161],20,0.012225003852320776
2446,0.0015625742253133638,0.0,4,10000,[118.6213207296033],[2072.1312392225864],[0.994856704345161],20,0.012225003852320776
2447,0.007436994131304216,0.0,4,10000,[118.6213207296033],[2072.1312392225864],[0.994856704345161],20,0.012225003852320776
2448,-0.012214558263439854,0.0,4,10000,[118.6213207296033],[2072.1312392225864],[0.994856704345161],20,0.012225003852320776
2449,-0.01764392290554896,0.0,4,10000,[118.6213207296033],[2072.1312392225864],[0.994856704345161],20,0.012225003852320776
2450,-0.021762636759394938,0.0,4,10000,[118.6213207296033],[2072.1312392225864],[0.994856704345161],20,0.012225003852320776
2451,-0.005017284830803752,0.0,4,10000,[118.6213207296033],[2072.1312392225864],[0.994856704345161],20,0.012225003852320776
2452,-0.0056251419940373335,0.0,4,10000,[118.6213207296033],[2072.1312392225864],[0.994856704345161],20,0.012225003852320776
2453,-0.0061751733276264875,0.0,4,10000,[118.6213207296033],[2072.1312392225864],[0.994856704345161],20,0.012225003852320776
2454,0.004904476321200646,0.0,4,10000,[118.6213207296033],[2072.1312392225864],[0.994856704345161],20,0.012225003852320776
2455,-0.004829289199331586,0.0,4,10000,[118.6213207296033],[2072.1312392225864],[0.994856704345161],20,0.012225003852320776
2456,-0.02115535515523907,0.0,4,10000,[118.6213207296033],[2072.1312392225864],[0.994856704345161],20,0.012225003852320776
2457,0.0075757495399135675,0.0,4,10000,[118.6213207296033],[2072.1312392225864],[0.994856704345161],20,0.012225003852320776
2458,0.0007218205706506411,0.0,4,10000,[118.6213207296033],[2072.1312392225864],[0.994856704345161],20,0.012225003852320776
2459,0.007457517797780401,0.0,4,10000,[118.6213207296033],[2072.1312392225864],[0.994856704345161],20,0.012225003852320776
2460,0.023569988779689875,0.0,4,10000,[118.6213207296033],[2072.1312392225864],[0.994856704345161],20,0.012225003852320776
2461,-0.022419041298153707,0.0,4,10000,[118.6213207296033],[2072.1312392225864],[0.994856704345161],20,0.012225003852320776
2462,0.0038378774024512285,0.0,4,10000,[118.6213207296033],[2072.1312392225864],[0.994856704345161],20,0.012225003852320776
2463,0.0016658126255357161,0.0,4,10000,[118.6213207296033],[2072.1312392225864],[0.994856704345161],20,0.012225003852320776
2464,0.009129688823455565,0.0,4,10000,[118.6213207296033],[2072.1312392225864],[0.994856704345161],20,0.012225003852320776
2465,-0.03702175227745502,0.0,4,10000,[118.6213207296033],[2072.1312392225864],[0.994856704345161],20,0.012225003852320776
2466,0.005488878131337087,0.0,4,10000,[118.6213207296033],[2072.1312392225864],[0.994856704345161],20,0.012225003852320776
2467,-0.019259478400660796,0.0,4,10000,[118.6213207296033],[2072.1312392225864],[0.994856704345161],20,0.012225003852320776
2468,-0.005064431470208359,0.0,4,10000,[118.6213207296033],[2072.1312392225864],[0.994856704345161],20,0.012225003852320776
2469,0.006360347396344424,0.0,4,10000,[118.6213207296033],[2072.1312392225864],[0.994856704345161],20,0.012225003852320776
2470,-0.0023823678993234263,0.0,4,10000,[118.6213207296033],[2072.1312392225864],[0.994856704345161],20,0.012225003852320776
2471,-0.025172356495487498,0.0,4,10000,[118.6213207296033],[2072.1312392225864],[0.994856704345161],20,0.012225003852320776
2472,0.009882798816587266,0.0,4,10000,[118.6213207296033],[2072.1312392225864],[0.994856704345161],20,0.012225003852320776
2473,-0.0065918235885360135,0.0,4,10000,[118.6213207296033],[2072.1312392225864],[0.994856704345161],20,0.012225003852320776
2474,0.0034372114604323315,0.0,4,10000,[118.6213207296033],[2072.1312392225864],[0.994856704345161],20,0.012225003852320776
2475,-0.0005676908463983797,0.0,4,10000,[118.6213207296033],[2072.1312392225864],[0.994856704345161],20,0.012225003852320776
2476,-0.0014171913492207694,0.0,4,10000,[118.6213207296033],[2072.1312392225864],[0.994856704345161],20,0.012225003852320776
2477,0.011279214496568523,0.0,4,10000,[118.6213207296033],[2072.1312392225864],[0.994856704345161],20,0.012225003852320776
2478,-0.004345877097347923,0.0,4,10000,[118.6213207296033],[2072.1312392225864],[0.994856704345161],20,0.012225003852320776
2479,0.00822673947625674,0.0,4,10000,[118.6213207296033],[2072.1312392225864],[0.994856704345161],20,0.012225003852320776
2480,-0.005543480866781872,0.0,4,10000,[118.6213207296033],[2072.1312392225864],[0.994856704345161],20,0.012225003852320776
2481,0.0024110578497619083,0.0,4,10000,[118.6213207296033],[2072.1312392225864],[0.994856704345161],20,0.012225003852320776
2482,-0.023715947539334866,0.0,4,10000,[118.6213207296033],[2072.1312392225864],[0.994856704345161],20,0.012225003852320776
2483,-0.019070537491409266,0.0,4,10000,[118.6213207296033],[2072.1312392225864],[0.994856704345161],20,0.012225003852320776
2484,-0.002158021161644459,0.0,4,10000,[118.6213207296033],[2072.1312392225864],[0.994856704345161],20,0.012225003852320776
2485,0.002977245805977674,0.0,4,10000,[118.6213207296033],[2072.1312392225864],[0.994856704345161],20,0.012225003852320776
2486,0.003958243780027745,0.0,4,10000,[118.6213207296033],[2072.1312392225864],[0.994856704345161],20,0.012225003852320776
2487,-0.014680789052573208,0.0,4,10000,[118.6213207296033],[2072.1312392225864],[0.994856704345161],20,0.012225003852320776
2488,0.007074711874987533,0.0,4,10000,[118.6213207296033],[2072.1312392225864],[0.994856704345161],20,0.012225003852320776
2489,0.001849832577517628,0.0,4,10000,[118.6213207296033],[2072.1312392225864],[0.994856704345161],20,0.012225003852320776
2490,-0.0019476377680163633,0.0,4,10000,[118.6213207296033],[2072.1312392225864],[0.994856704345161],20,0.012225003852320776
2491,-0.006333702218506439,0.0,4,10000,[118.6213207296033],[2072.1312392225864],[0.994856704345161],20,0.012225003852320776
2492,0.005347525766141231,0.0,4,10000,[118.6213207296033],[2072.1312392225864],[0.994856704345161],20,0.012225003852320776
2493,-0.010069699367995538,0.0,4,10000,[118.6213207296033],[2072.1312392225864],[0.994856704345161],20,0.012225003852320776
2494,0.005666195956450966,0.0,4,10000,[118.6213207296033],[2072.1312392225864],[0.994856704345161],20,0.012225003852320776
2495,-0.020134575285421855,0.0,4,10000,[118.6213207296033],[2072.1312392225864],[0.994856704345161],20,0.012225003852320776
2496,0.006474968520696662,0.0,4,10000,[118.6213207296033],[2072.1312392225864],[0.994856704345161],20,0.012225003852320776
2497,-0.002026335835505853,0.0,4,10000,[118.6213207296033],[2072.1312392225864],[0.994856704345161],20,0.012225003852320776
2498,-0.007367433939637035,0.0,4,10000,[118.6213207296033],[2072.1312392225864],[0.994856704345161],20,0.012225003852320776
2499,-0.006203540782040008,0.0,4,10000,[118.6213207296033],[2072.1312392225864],[0.994856704345161],20,0.012225003852320776
2500,-0.001915359736386688,0.0,4,10000,[118.6213207296033],[2072.1312392225864],[0.994856704345161],20,0.012225003852320776
2501,0.003997239903786237,0.0,4,10000,[118.6213207296033],[2072.1312392225864],[0.994856704345161],20,0.012225003852320776
2502,-0.007906219549064897,0.0,4,10000,[118.6213207296033],[2072.1312392225864],[0.994856704345161],20,0.012225003852320776
2503,0.0020924188705383207,0.0,4,10000,[118.6213207296033],[2072.1312392225864],[0.994856704345161],20,0.012225003852320776
2504,0.013286420773446602,0.0,4,10000,[118.6213207296033],[2072.1312392225864],[0.994856704345161],20,0.012225003852320776
2505,-0.0002057565529782938,0.0,4,10000,[118.6213207296033],[2072.1312392225864],[0.994856704345161],20,0.012225003852320776
2506,0.01709703769582114,0.0,4,10000,[118.6213207296033],[2072.1312392225864],[0.994856704345161],20,0.012225003852320776
2507,0.0003218350856915474,0.0,4,10000,[118.6213207296033],[2072.1312392225864],[0.994856704345161],20,0.012225003852320776
2508,-0.015476537133233225,0.0,4,10000,[118.6213207296033],[2072.1312392225864],[0.994856704345161],20,0.012225003852320776
2509,0.024188618974339427,0.0,4,10000,[118.6213207296033],[2072.1312392225864],[0.994856704345161],20,0.012225003852320776
2510,-0.006131695902735959,0.0,4,10000,[118.6213207296033],[2072.1312392225864],[0.994856704345161],20,0.012225003852320776
2511,-0.004902771045728782,0.0,4,10000,[118.6213207296033],[2072.1312392225864],[0.994856704345161],20,0.012225003852320776
2512,-0.004088743555493232,0.0,4,10000,[118.6213207296033],[2072.1312392225864],[0.994856704345161],20,0.012225003852320776
2513,0.004077599583184806,0.0,4,10000,[118.6213207296033],[2072.1312392225864],[0.994856704345161],20,0.012225003852320776
2514,0.0033593025130736138,0.0,4,10000,[118.6213207296033],[2072.1312392225864],[0.994856704345161],20,0.012225003852320776
2515,0.006025167541311773,0.0,4,10000,[118.6213207296033],[2072.1312392225864],[0.994856704345161],20,0.012225003852320776
2516,0.022205259954785846,0.0,4,10000,[118.6213207296033],[2072.1312392225864],[0.994856704345161],20,0.012225003852320776
2517,0.013938790167833991,0.0,4,10000,[118.6213207296033],[2072.1312392225864],[0.994856704345161],20,0.012225003852320776
2518,-0.014329094433780555,0.0,4,10000,[118.6213207296033],[2072.1312392225864],[0.994856704345161],20,0.012225003852320776
2519,0.0011057654096428334,0.0,4,10000,[118.6213207296033],[2072.1312392225864],[0.994856704345161],20,0.012225003852320776
2520,0.013783378806849446,0.0,4,10000,[118.6213207296033],[2072.1312392225864],[0.994856704345161],20,0.012225003852320776
2521,0.002412490759159306,0.0,4,10000,[118.6213207296033],[2072.1312392225864],[0.994856704345161],20,0.012225003852320776
2522,0.01590973550151101,0.0,4,10000,[118.6213207296033],[2072.1312392225864],[0.994856704345161],20,0.012225003852320776
2523,-0.00637583043499553,0.0,4,10000,[118.6213207296033],[2072.1312392225864],[0.994856704345161],20,0.012225003852320776
2524,0.00014211981282097474,0.0,4,10000,[118.6213207296033],[2072.1312392225864],[0.994856704345161],20,0.012225003852320776
2525,0.010259835457250795,0.0,4,10000,[118.6213207296033],[2072.1312392225864],[0.994856704345161],20,0.012225003852320776
2526,0.0034081754756390076,0.0,4,10000,[118.6213207296033],[2072.1312392225864],[0.994856704345161],20,0.012225003852320776
2527,0.011854969738427715,0.0,4,10000,[118.6213207296033],[2072.1312392225864],[0.994856704345161],20,0.012225003852320776
2528,-0.004872018395483649,0.0,4,10000,[118.6213207296033],[2072.1312392225864],[0.994856704345161],20,0.012225003852320776
2529,0.0050074621974010285,0.0,4,10000,[118.6213207296033],[2072.1312392225864],[0.994856704345161],20,0.012225003852320776
2530,0.01635498761223939,0.0,4,10000,[118.6213207296033],[2072.1312392225864],[0.994856704345161],20,0.012225003852320776
2531,0.006454440148800552,0.0,4,10000,[118.6213207296033],[2072.1312392225864],[0.994856704345161],20,0.012225003852320776
2532,0.01771834413208086,0.0,4,10000,[118.6213207296033],[2072.1312392225864],[0.994856704345161],20,0.012225003852320776
2533,0.021174861469517577,0.0,4,10000,[118.6213207296033],[2072.1312392225864],[0.994856704345161],20,0.012225003852320776
2534,-0.01739002199734045,0.0,4,10000,[118.6213207296033],[2072.1312392225864],[0.994856704345161],20,0.012225003852320776
2535,-0.02293844665028827,0.0,4,10000,[118.6213207296033],[2072.1312392225864],[0.994856704345161],20,0.012225003852320776
2536,-0.013781749302514232,0.0,4,10000,[118.6213207296033],[2072.1312392225864],[0.994856704345161],20,0.012225003852320776
2537,0.010270610139454617,0.0,4,10000,[118.6213207296033],[2072.1312392225864],[0.994856704345161],20,0.012225003852320776
2538,0.013907582057995554,0.0,4,10000,[118.6213207296033],[2072.1312392225864],[0.994856704345161],20,0.012225003852320776
2539,-0.01466820699647038,0.0,4,10000,[118.6213207296033],[2072.1312392225864],[0.994856704345161],20,0.012225003852320776
2540,0.014328934018033784,0.0,4,10000,[118.6213207296033],[2072.1312392225864],[0.994856704345161],20,0.012225003852320776
2541,-0.024659008620429038,0.0,4,10000,[118.6213207296033],[2072.1312392225864],[0.994856704345161],20,0.012225003852320776
2542,-0.007496535060928829,0.0,4,10000,[118.6213207296033],[2072.1312392225864],[0.994856704345161],20,0.012225003852320776
2543,-0.014850675794236063,0.0,4,10000,[118.6213207296033],[2072.1312392225864],[0.994856704345161],20,0.012225003852320776
2544,-0.009194306405994095,0.0,4,10000,[118.6213207296033],[2072.1312392225864],[0.994856704345161],20,0.012225003852320776
2545,0.00340853140261806,0.0,4,10000,[118.6213207296033],[2072.1312392225864],[0.994856704345161],20,0.012225003852320776
2546,-0.012221387889139514,0.0,4,10000,[118.6213207296033],[2072.1312392225864],[0.994856704345161],20,0.012225003852320776
2547,-0.017924880838074937,0.0,4,10000,[118.6213207296033],[2072.1312392225864],[0.994856704345161],20,0.012225003852320776
2548,-0.002287930109129355,0.0,4,10000,[118.6213207296033],[2072.1312392225864],[0.994856704345161],20,0.012225003852320776
2549,-0.019372651372391383,0.0,4,10000,[118.6213207296033],[2072.1312392225864],[0.994856704345161],20,0.012225003852320776
2550,0.0011592389537641535,0.0,4,10000,[118.6213207296033],[2072.1312392225864],[0.994856704345161],20,0.012225003852320776
2551,-0.002623479592663907,0.0,4,10000,[118.6213207296033],[2072.1312392225864],[0.994856704345161],20,0.012225003852320776
2552,-0.007233633340695333,0.0,4,10000,[118.6213207296033],[2072.1312392225864],[0.994856704345161],20,0.012225003852320776
2553,0.035764648717658526,0.0,4,10000,[118.6213207296033],[2072.1312392225864],[0.994856704345161],20,0.012225003852320776
2554,-0.027152199428243012,0.0,4,10000,[118.6213207296033],[2072.1312392225864],[0.994856704345161],20,0.012225003852320776
2555,-0.008715863350730747,0.0,4,10000,[118.6213207296033],[2072.1312392225864],[0.994856704345161],20,0.012225003852320776
2556,-0.004178626347258474,0.0,4,10000,[118.6213207296033],[2072.1312392225864],[0.994856704345161],20,0.012225003852320776
2557,0.011930498737741265,0.0,4,10000,[118.6213207296033],[2072.1312392225864],[0.994856704345161],20,0.012225003852320776
2558,-0.01617727474376612,0.0,4,10000,[118.6213207296033],[2072.1312392225864],[0.994856704345161],20,0.012225003852320776
2559,0.013366636102007988,0.0,4,10000,[118.6213207296033],[2072.1312392225864],[0.994856704345161],20,0.012225003852320776
2560,0.013690481083912513,0.0,4,10000,[118.6213207296033],[2072.1312392225864],[0.994856704345161],20,0.012225003852320776
2561,0.006354917560045584,0.0,4,10000,[118.6213207296033],[2072.1312392225864],[0.994856704345161],20,0.012225003852320776
2562,-0.010392918902909458,0.0,4,10000,[118.6213207296033],[2072.1312392225864],[0.994856704345161],20,0.012225003852320776
2563,0.015600814666993302,0.0,4,10000,[118.6213207296033],[2072.1312392225864],[0.994856704345161],20,0.012225003852320776
2564,0.02719770461173662,0.0,4,10000,[118.6213207296033],[2072.1312392225864],[0.994856704345161],20,0.012225003852320776
2565,-0.0016927046094973167,0.0,4,10000,[118.6213207296033],[2072.1312392225864],[0.994856704345161],20,0.012225003852320776
2566,-0.0016612991235312963,0.0,4,10000,[118.6213207296033],[2072.1312392225864],[0.994856704345161],20,0.012225003852320776
2567,-0.009396093310454687,0.0,4,10000,[118.6213207296033],[2072.1312392225864],[0.994856704345161],20,0.012225003852320776
2568,0.0004004193020726187,0.0,4,10000,[118.6213207296033],[2072.1312392225864],[0.994856704345161],20,0.012225003852320776
2569,-0.003464399212526838,0.0,4,10000,[118.6213207296033],[2072.1312392225864],[0.994856704345161],20,0.012225003852320776
2570,0.00552646309386249,0.0,4,10000,[118.6213207296033],[2072.1312392225864],[0.994856704345161],20,0.012225003852320776
2571,-0.008688005570459768,0.0,4,10000,[118.6213207296033],[2072.1312392225864],[0.994856704345161],20,0.012225003852320776
2572,0.001155983619143236,0.0,4,10000,[118.6213207296033],[2072.1312392225864],[0.994856704345161],20,0.012225003852320776
2573,-0.021761840009138285,0.0,4,10000,[118.6213207296033],[2072.1312392225864],[0.994856704345161],20,0.012225003852320776
2574,0.0032352482029243627,0.0,4,10000,[118.6213207296033],[2072.1312392225864],[0.994856704345161],20,0.012225003852320776
2575,-0.007775100758716886,0.0,4,10000,[118.6213207296033],[2072.1312392225864],[0.994856704345161],20,0.012225003852320776
2576,-0.0008161328591369827,0.0,4,10000,[118.6213207296033],[2072.1312392225864],[0.994856704345161],20,0.012225003852320776
2577,0.0027806680004946014,0.0,4,10000,[118.6213207296033],[2072.1312392225864],[0.994856704345161],20,0.012225003852320776
2578,-0.005255429489287844,0.0,4,10000,[118.6213207296033],[2072.1312392225864],[0.994856704345161],20,0.012225003852320776
2579,0.014142503014674674,0.0,4,10000,[118.6213207296033],[2072.1312392225864],[0.994856704345161],20,0.012225003852320776
2580,-0.015702488653913067,0.0,4,10000,[118.6213207296033],[2072.1312392225864],[0.994856704345161],20,0.012225003852320776
2581,0.007798965313412172,0.0,4,10000,[118.6213207296033],[2072.1312392225864],[0.994856704345161],20,0.012225003852320776
2582,-0.01670623099392834,0.0,4,10000,[118.6213207296033],[2072.1312392225864],[0.994856704345161],20,0.012225003852320776
2583,0.016410711227792286,0.0,4,10000,[118.6213207296033],[2072.1312392225864],[0.994856704345161],20,0.012225003852320776
2584,0.0016896597657577888,0.0,4,10000,[118.6213207296033],[2072.1312392225864],[0.994856704345161],20,0.012225003852320776
2585,0.01758017818197154,0.0,4,10000,[118.6213207296033],[2072.1312392225864],[0.994856704345161],20,0.012225003852320776
2586,-0.008482963019026154,0.0,4,10000,[118.6213207296033],[2072.1312392225864],[0.994856704345161],20,0.012225003852320776
2587,-0.011124992997191222,0.0,4,10000,[118.6213207296033],[2072.1312392225864],[0.994856704345161],20,0.012225003852320776
2588,0.008479663152585604,0.0,4,10000,[118.6213207296033],[2072.1312392225864],[0.994856704345161],20,0.012225003852320776
2589,0.0008146457612790841,0.0,4,10000,[118.6213207296033],[2072.1312392225864],[0.994856704345161],20,0.012225003852320776
2590,0.0009720617830573987,0.0,4,10000,[118.6213207296033],[2072.1312392225864],[0.994856704345161],20,0.012225003852320776
2591,-0.009387557922549267,0.0,4,10000,[118.6213207296033],[2072.1312392225864],[0.994856704345161],20,0.012225003852320776
2592,0.007309429217308335,0.0,4,10000,[118.6213207296033],[2072.1312392225864],[0.994856704345161],20,0.012225003852320776
2593,0.011743903369580288,0.0,4,10000,[118.6213207296033],[2072.1312392225864],[0.994856704345161],20,0.012225003852320776
2594,0.009874208813829574,0.0,4,10000,[118.6213207296033],[2072.1312392225864],[0.994856704345161],20,0.012225003852320776
2595,0.013293748689341476,0.0,4,10000,[118.6213207296033],[2072.1312392225864],[0.994856704345161],20,0.012225003852320776
2596,0.023594084414459572,0.0,4,10000,[118.6213207296033],[2072.1312392225864],[0.994856704345161],20,0.012225003852320776
2597,-0.003395130260737506,0.0,4,10000,[118.6213207296033],[2072.1312392225864],[0.994856704345161],20,0.012225003852320776
2598,0.007876335835001965,0.0,4,10000,[118.6213207296033],[2072.1312392225864],[0.994856704345161],20,0.012225003852320776
2599,-0.004626674702573607,0.0,4,10000,[118.6213207296033],[2072.1312392225864],[0.994856704345161],20,0.012225003852320776
2600,0.01866708769018798,0.0,4,10000,[118.6213207296033],[2072.1312392225864],[0.994856704345161],20,0.012225003852320776
2601,-0.0030497527713012505,0.0,4,10000,[118.6213207296033],[2072.1312392225864],[0.994856704345161],20,0.012225003852320776
2602,0.0019009465566553188,0.0,4,10000,[118.6213207296033],[2072.1312392225864],[0.994856704345161],20,0.012225003852320776
2603,-0.006903385639427372,0.0,4,10000,[118.6213207296033],[2072.1312392225864],[0.994856704345161],20,0.012225003852320776
2604,-0.00705893061994477,0.0,4,10000,[118.6213207296033],[2072.1312392225864],[0.994856704345161],20,0.012225003852320776
2605,0.0004681452534401695,0.0,4,10000,[118.6213207296033],[2072.1312392225864],[0.994856704345161],20,0.012225003852320776
2606,-0.005477616312348501,0.0,4,10000,[118.6213207296033],[2072.1312392225864],[0.994856704345161],20,0.012225003852320776
2607,0.004916608999060763,0.0,4,10000,[118.6213207296033],[2072.1312392225864],[0.994856704345161],20,0.012225003852320776
2608,-0.015202089913706291,0.0,4,10000,[118.6213207296033],[2072.1312392225864],[0.994856704345161],20,0.012225003852320776
2609,0.0026653510097208125,0.0,4,10000,[118.6213207296033],[2072.1312392225864],[0.994856704345161],20,0.012225003852320776
2610,0.021766791315254767,0.0,4,10000,[118.6213207296033],[2072.1312392225864],[0.994856704345161],20,0.012225003852320776
2611,0.00834511906267922,0.0,4,10000,[118.6213207296033],[2072.1312392225864],[0.994856704345161],20,0.012225003852320776
2612,0.0011366435800126901,0.0,4,10000,[118.6213207296033],[2072.1312392225864],[0.994856704345161],20,0.012225003852320776
2613,-0.018008063099811417,0.0,4,10000,[118.6213207296033],[2072.1312392225864],[0.994856704345161],20,0.012225003852320776
2614,-0.008784751301134285,0.0,4,10000,[118.6213207296033],[2072.1312392225864],[0.994856704345161],20,0.012225003852320776
2615,-0.024941911972754638,0.0,4,10000,[118.6213207296033],[2072.1312392225864],[0.994856704345161],20,0.012225003852320776
2616,0.009822338564257405,0.0,4,10000,[118.6213207296033],[2072.1312392225864],[0.994856704345161],20,0.012225003852320776
2617,-0.005323161693458924,0.0,4,10000,[118.6213207296033],[2072.1312392225864],[0.994856704345161],20,0.012225003852320776
2618,0.009732249621438049,0.0,4,10000,[118.6213207296033],[2072.1312392225864],[0.994856704345161],20,0.012225003852320776
2619,0.009318445695573321,0.0,4,10000,[118.6213207296033],[2072.1312392225864],[0.994856704345161],20,0.012225003852320776
2620,0.020283936774869393,0.0,4,10000,[118.6213207296033],[2072.1312392225864],[0.994856704345161],20,0.012225003852320776
2621,-0.007797453052648802,0.0,4,10000,[118.6213207296033],[2072.1312392225864],[0.994856704345161],20,0.012225003852320776
2622,-0.015704315295463435,0.0,4,10000,[118.6213207296033],[2072.1312392225864],[0.994856704345161],20,0.012225003852320776
2623,0.010232348745113883,0.0,4,10000,[118.6213207296033],[2072.1312392225864],[0.994856704345161],20,0.012225003852320776
2624,-0.005188297729715787,0.0,4,10000,[118.6213207296033],[2072.1312392225864],[0.994856704345161],20,0.012225003852320776
2625,-0.01835358978738846,0.0,4,10000,[118.6213207296033],[2072.1312392225864],[0.994856704345161],20,0.012225003852320776
2626,0.021601578529140228,0.0,4,10000,[118.6213207296033],[2072.1312392225864],[0.994856704345161],20,0.012225003852320776
2627,-0.023616085685170422,0.0,4,10000,[118.6213207296033],[2072.1312392225864],[0.994856704345161],20,0.012225003852320776
2628,0.012725545397149384,0.0,4,10000,[118.6213207296033],[2072.1312392225864],[0.994856704345161],20,0.012225003852320776
2629,-0.006265648387073583,0.0,4,10000,[118.6213207296033],[2072.1312392225864],[0.994856704345161],20,0.012225003852320776
2630,-0.010508709317487985,0.0,4,10000,[118.6213207296033],[2072.1312392225864],[0.994856704345161],20,0.012225003852320776
2631,0.011605535418027849,0.0,4,10000,[118.6213207296033],[2072.1312392225864],[0.994856704345161],20,0.012225003852320776
2632,0.009297772222426634,0.0,4,10000,[118.6213207296033],[2072.1312392225864],[0.994856704345161],20,0.012225003852320776
2633,-0.026503922836294512,0.0,4,10000,[118.6213207296033],[2072.1312392225864],[0.994856704345161],20,0.012225003852320776
2634,-0.012881782044757204,0.0,4,10000,[118.6213207296033],[2072.1312392225864],[0.994856704345161],20,0.012225003852320776
2635,0.017070139514312594,0.0,4,10000,[118.6213207296033],[2072.1312392225864],[0.994856704345161],20,0.012225003852320776
2636,0.007079914008299463,0.0,4,10000,[118.6213207296033],[2072.1312392225864],[0.994856704345161],20,0.012225003852320776
2637,0.002060873694288586,0.0,4,10000,[118.6213207296033],[2072.1312392225864],[0.994856704345161],20,0.012225003852320776
2638,0.0024852315833448807,0.0,4,10000,[118.6213207296033],[2072.1312392225864],[0.994856704345161],20,0.012225003852320776
2639,-0.012423679230591213,0.0,4,10000,[118.6213207296033],[2072.1312392225864],[0.994856704345161],20,0.012225003852320776
2640,0.0037937745833899,0.0,4,10000,[118.6213207296033],[2072.1312392225864],[0.994856704345161],20,0.012225003852320776
2641,-0.01144901858942994,0.0,4,10000,[118.6213207296033],[2072.1312392225864],[0.994856704345161],20,0.012225003852320776
2642,0.0035938226620587195,0.0,4,10000,[118.6213207296033],[2072.1312392225864],[0.994856704345161],20,0.012225003852320776
2643,0.010974897863761395,0.0,4,10000,[118.6213207296033],[2072.1312392225864],[0.994856704345161],20,0.012225003852320776
2644,0.009749213670811132,0.0,4,10000,[118.6213207296033],[2072.1312392225864],[0.994856704345161],20,0.012225003852320776
2645,-0.010908449817127701,0.0,4,10000,[118.6213207296033],[2072.1312392225864],[0.994856704345161],20,0.012225003852320776
2646,-0.0032430441073855944,0.0,4,10000,[118.6213207296033],[2072.1312392225864],[0.994856704345161],20,0.012225003852320776
2647,0.003990742196023411,0.0,4,10000,[118.6213207296033],[2072.1312392225864],[0.994856704345161],20,0.012225003852320776
2648,-0.003273433787968649,0.0,4,10000,[118.6213207296033],[2072.1312392225864],[0.994856704345161],20,0.012225003852320776
2649,0.0050627713466095915,0.0,4,10000,[118.6213207296033],[2072.1312392225864],[0.994856704345161],20,0.012225003852320776
2650,0.0007656916797363722,0.0,4,10000,[118.6213207296033],[2072.1312392225864],[0.994856704345161],20,0.012225003852320776
2651,0.007738161323672687,0.0,4,10000,[118.6213207296033],[2072.1312392225864],[0.994856704345161],20,0.012225003852320776
2652,0.0030155613719408435,0.0,4,10000,[118.6213207296033],[2072.1312392225864],[0.994856704345161],20,0.012225003852320776
2653,0.008668871194777055,0.0,4,10000,[118.6213207296033],[2072.1312392225864],[0.994856704345161],20,0.012225003852320776
2654,-0.010908453134523056,0.0,4,10000,[118.6213207296033],[2072.1312392225864],[0.994856704345161],20,0.012225003852320776
2655,-0.008113079966049945,0.0,4,10000,[118.6213207296033],[2072.1312392225864],[0.994856704345161],20,0.012225003852320776
2656,-0.005633240554090003,0.0,4,10000,[118.6213207296033],[2072.1312392225864],[0.994856704345161],20,0.012225003852320776
2657,-0.0032651113340874303,0.0,4,10000,[118.6213207296033],[2072.1312392225864],[0.994856704345161],20,0.012225003852320776
2658,-0.00949667921769315,0.0,4,10000,[118.6213207296033],[2072.1312392225864],[0.994856704345161],20,0.012225003852320776
2659,-0.002189845014350962,0.0,4,10000,[118.6213207296033],[2072.1312392225864],[0.994856704345161],20,0.012225003852320776
2660,0.001388379250727819,0.0,4,10000,[118.6213207296033],[2072.1312392225864],[0.994856704345161],20,0.012225003852320776
2661,0.009284426547462596,0.0,4,10000,[118.6213207296033],[2072.1312392225864],[0.994856704345161],20,0.012225003852320776
2662,0.0030143567535224286,0.0,4,10000,[118.6213207296033],[2072.1312392225864],[0.994856704345161],20,0.012225003852320776
2663,0.02880679395643324,0.0,4,10000,[118.6213207296033],[2072.1312392225864],[0.994856704345161],20,0.012225003852320776
2664,0.005266785441220892,0.0,4,10000,[118.6213207296033],[2072.1312392225864],[0.994856704345161],20,0.012225003852320776
2665,0.014817183237232107,0.0,4,10000,[118.6213207296033],[2072.1312392225864],[0.994856704345161],20,0.012225003852320776
2666,-0.004256552325938461,0.0,4,10000,[118.6213207296033],[2072.1312392225864],[0.994856704345161],20,0.012225003852320776
2667,0.0006787242545089714,0.0,4,10000,[118.6213207296033],[2072.1312392225864],[0.994856704345161],20,0.012225003852320776
2668,0.015744705643756945,0.0,4,10000,[118.6213207296033],[2072.1312392225864],[0.994856704345161],20,0.012225003852320776
2669,0.010888482218564949,0.0,4,10000,[118.6213207296033],[2072.1312392225864],[0.994856704345161],20,0.012225003852320776
2670,0.006217972907046136,0.0,4,10000,[118.6213207296033],[2072.1312392225864],[0.994856704345161],20,0.012225003852320776
2671,0.0040361782559387395,0.0,4,10000,[118.6213207296033],[2072.1312392225864],[0.994856704345161],20,0.012225003852320776
2672,0.009193932706020059,0.0,4,10000,[118.6213207296033],[2072.1312392225864],[0.994856704345161],20,0.012225003852320776
2673,-0.007671797150365045,0.0,4,10000,[118.6213207296033],[2072.1312392225864],[0.994856704345161],20,0.012225003852320776
2674,-0.0022254982542912025,0.0,4,10000,[118.6213207296033],[2072.1312392225864],[0.994856704345161],20,0.012225003852320776
2675,-0.0013437209533483055,0.0,4,10000,[118.6213207296033],[2072.1312392225864],[0.994856704345161],20,0.012225003852320776
2676,0.017772546969519666,0.0,4,10000,[118.6213207296033],[2072.1312392225864],[0.994856704345161],20,0.012225003852320776
2677,-0.005517501096045269,0.0,4,10000,[118.6213207296033],[2072.1312392225864],[0.994856704345161],20,0.012225003852320776
2678,0.017345139451638122,0.0,4,10000,[118.6213207296033],[2072.1312392225864],[0.994856704345161],20,0.012225003852320776
2679,0.0005921661307845793,0.0,4,10000,[118.6213207296033],[2072.1312392225864],[0.994856704345161],20,0.012225003852320776
2680,0.00145033950545429,0.0,4,10000,[118.6213207296033],[2072.1312392225864],[0.994856704345161],20,0.012225003852320776
2681,-0.006999867061665845,0.0,4,10000,[118.6213207296033],[2072.1312392225864],[0.994856704345161],20,0.012225003852320776
2682,0.018971363018359444,0.0,4,10000,[118.6213207296033],[2072.1312392225864],[0.994856704345161],20,0.012225003852320776
2683,0.016813199879595214,0.0,4,10000,[118.6213207296033],[2072.1312392225864],[0.994856704345161],20,0.012225003852320776
2684,0.0034734983431501097,0.0,4,10000,[118.6213207296033],[2072.1312392225864],[0.994856704345161],20,0.012225003852320776
2685,8.373229760317212e-05,0.0,4,10000,[118.6213207296033],[2072.1312392225864],[0.994856704345161],20,0.012225003852320776
2686,-0.0011215098954974205,0.0,4,10000,[118.6213207296033],[2072.1312392225864],[0.994856704345161],20,0.012225003852320776
2687,-0.004684468671468786,0.0,4,10000,[118.6213207296033],[2072.1312392225864],[0.994856704345161],20,0.012225003852320776
2688,0.011258531342343751,0.0,4,10000,[118.6213207296033],[2072.1312392225864],[0.994856704345161],20,0.012225003852320776
2689,-0.007503842186639172,0.0,4,10000,[118.6213207296033],[2072.1312392225864],[0.994856704345161],20,0.012225003852320776
2690,-0.00019818751359367142,0.0,4,10000,[118.6213207296033],[2072.1312392225864],[0.994856704345161],20,0.012225003852320776
2691,0.0011084105662746298,0.0,4,10000,[118.6213207296033],[2072.1312392225864],[0.994856704345161],20,0.012225003852320776
2692,0.001206566931466671,0.0,4,10000,[118.6213207296033],[2072.1312392225864],[0.994856704345161],20,0.012225003852320776
2693,0.01036123692621492,0.0,4,10000,[118.6213207296033],[2072.1312392225864],[0.994856704345161],20,0.012225003852320776
2694,-0.012237793600775489,0.0,4,10000,[118.6213207296033],[2072.1312392225864],[0.994856704345161],20,0.012225003852320776
2695,0.016810988163376863,0.0,4,10000,[118.6213207296033],[2072.1312392225864],[0.994856704345161],20,0.012225003852320776
2696,-0.0023118249476778673,0.0,4,10000,[118.6213207296033],[2072.1312392225864],[0.994856704345161],20,0.012225003852320776
2697,-0.004994144147943202,0.0,4,10000,[118.6213207296033],[2072.1312392225864],[0.994856704345161],20,0.012225003852320776
2698,0.016596339726025127,0.0,4,10000,[118.6213207296033],[2072.1312392225864],[0.994856704345161],20,0.012225003852320776
2699,0.005678498905017874,0.0,4,10000,[118.6213207296033],[2072.1312392225864],[0.994856704345161],20,0.012225003852320776
2700,0.007139061135468084,0.0,4,10000,[118.6213207296033],[2072.1312392225864],[0.994856704345161],20,0.012225003852320776
2701,-0.012100404878359294,0.0,4,10000,[118.6213207296033],[2072.1312392225864],[0.994856704345161],20,0.012225003852320776
2702,0.004497377106649779,0.0,4,10000,[118.6213207296033],[2072.1312392225864],[0.994856704345161],20,0.012225003852320776
2703,0.005071703536368995,0.0,4,10000,[118.6213207296033],[2072.1312392225864],[0.994856704345161],20,0.012225003852320776
2704,-0.008862611449328511,0.0,4,10000,[118.6213207296033],[2072.1312392225864],[0.994856704345161],20,0.012225003852320776
2705,0.004853665624637137,0.0,4,10000,[118.6213207296033],[2072.1312392225864],[0.994856704345161],20,0.012225003852320776
2706,0.00346949284924238,0.0,4,10000,[118.6213207296033],[2072.1312392225864],[0.994856704345161],20,0.012225003852320776
2707,0.016658255146904298,0.0,4,10000,[118.6213207296033],[2072.1312392225864],[0.994856704345161],20,0.012225003852320776
2708,0.008700718346608278,0.0,4,10000,[118.6213207296033],[2072.1312392225864],[0.994856704345161],20,0.012225003852320776
2709,0.004140355378921302,0.0,4,10000,[118.6213207296033],[2072.1312392225864],[0.994856704345161],20,0.012225003852320776
2710,-0.020689218084192256,0.0,4,10000,[118.6213207296033],[2072.1312392225864],[0.994856704345161],20,0.012225003852320776
2711,-0.010551383569324831,0.0,4,10000,[118.6213207296033],[2072.1312392225864],[0.994856704345161],20,0.012225003852320776
2712,0.007353773294582433,0.0,4,10000,[118.6213207296033],[2072.1312392225864],[0.994856704345161],20,0.012225003852320776
2713,-0.011837016457686785,0.0,4,10000,[118.6213207296033],[2072.1312392225864],[0.994856704345161],20,0.012225003852320776
2714,0.0061831156159639356,0.0,4,10000,[118.6213207296033],[2072.1312392225864],[0.994856704345161],20,0.012225003852320776
2715,0.008359766427964049,0.0,4,10000,[118.6213207296033],[2072.1312392225864],[0.994856704345161],20,0.012225003852320776
2716,-0.006054336478215214,0.0,4,10000,[118.6213207296033],[2072.1312392225864],[0.994856704345161],20,0.012225003852320776
2717,7.296259669260566e-05,0.0,4,10000,[118.6213207296033],[2072.1312392225864],[0.994856704345161],20,0.012225003852320776
2718,-0.006332061301388497,0.0,4,10000,[118.6213207296033],[2072.1312392225864],[0.994856704345161],20,0.012225003852320776
2719,0.007981921641311231,0.0,4,10000,[118.6213207296033],[2072.1312392225864],[0.994856704345161],20,0.012225003852320776
2720,-0.014773040405473172,0.0,4,10000,[118.6213207296033],[2072.1312392225864],[0.994856704345161],20,0.012225003852320776
2721,0.012726235739744808,0.0,4,10000,[118.6213207296033],[2072.1312392225864],[0.994856704345161],20,0.012225003852320776
2722,0.0044497925977531995,0.0,4,10000,[118.6213207296033],[2072.1312392225864],[0.994856704345161],20,0.012225003852320776
2723,0.010340719500450991,0.0,4,10000,[118.6213207296033],[2072.1312392225864],[0.994856704345161],20,0.012225003852320776
2724,0.02102950319411405,0.0,4,10000,[118.6213207296033],[2072.1312392225864],[0.994856704345161],20,0.012225003852320776
2725,0.019298395136177544,0.0,4,10000,[118.6213207296033],[2072.1312392225864],[0.994856704345161],20,0.012225003852320776
2726,-0.006255856493483149,0.0,4,10000,[118.6213207296033],[2072.1312392225864],[0.994856704345161],20,0.012225003852320776
2727,0.0043120171271620695,0.0,4,10000,[118.6213207296033],[2072.1312392225864],[0.994856704345161],20,0.012225003852320776
2728,-0.008224369371880773,0.0,4,10000,[118.6213207296033],[2072.1312392225864],[0.994856704345161],20,0.012225003852320776
2729,0.0013845059283977236,0.0,4,10000,[118.6213207296033],[2072.1312392225864],[0.994856704345161],20,0.012225003852320776
2730,-0.004635897536658118,0.0,4,10000,[118.6213207296033],[2072.1312392225864],[0.994856704345161],20,0.012225003852320776
2731,-0.0035757178359323116,0.0,4,10000,[118.6213207296033],[2072.1312392225864],[0.994856704345161],20,0.012225003852320776
2732,-0.012559591106235168,0.0,4,10000,[118.6213207296033],[2072.1312392225864],[0.994856704345161],20,0.012225003852320776
2733,0.003468525983039304,0.0,4,10000,[118.6213207296033],[2072.1312392225864],[0.994856704345161],20,0.012225003852320776
2734,0.012304835430055156,0.0,4,10000,[118.6213207296033],[2072.1312392225864],[0.994856704345161],20,0.012225003852320776
2735,0.00777854174279411,0.0,4,10000,[118.6213207296033],[2072.1312392225864],[0.994856704345161],20,0.012225003852320776
2736,0.0025118840976560922,0.0,4,10000,[118.6213207296033],[2072.1312392225864],[0.994856704345161],20,0.012225003852320776
2737,0.01123806633584396,0.0,4,10000,[118.6213207296033],[2072.1312392225864],[0.994856704345161],20,0.012225003852320776
2738,0.009433605916281949,0.0,4,10000,[118.6213207296033],[2072.1312392225864],[0.994856704345161],20,0.012225003852320776
2739,-0.03499150727881313,0.0,4,10000,[118.6213207296033],[2072.1312392225864],[0.994856704345161],20,0.012225003852320776
2740,0.005261571795570488,0.0,4,10000,[118.6213207296033],[2072.1312392225864],[0.994856704345161],20,0.012225003852320776
2741,-0.0053727780779995625,0.0,4,10000,[118.6213207296033],[2072.1312392225864],[0.994856704345161],20,0.012225003852320776
2742,-0.009411510139452276,0.0,4,10000,[118.6213207296033],[2072.1312392225864],[0.994856704345161],20,0.012225003852320776
2743,0.014368087359572417,0.0,4,10000,[118.6213207296033],[2072.1312392225864],[0.994856704345161],20,0.012225003852320776
2744,0.016221771334809766,0.0,4,10000,[118.6213207296033],[2072.1312392225864],[0.994856704345161],20,0.012225003852320776
2745,0.016216305411206444,0.0,4,10000,[118.6213207296033],[2072.1312392225864],[0.994856704345161],20,0.012225003852320776
2746,-0.007932153679943677,0.0,4,10000,[118.6213207296033],[2072.1312392225864],[0.994856704345161],20,0.012225003852320776
2747,0.008429643219779265,0.0,4,10000,[118.6213207296033],[2072.1312392225864],[0.994856704345161],20,0.012225003852320776
2748,-0.01886717888309267,0.0,4,10000,[118.6213207296033],[2072.1312392225864],[0.994856704345161],20,0.012225003852320776
2749,0.0062566042981851335,0.0,4,10000,[118.6213207296033],[2072.1312392225864],[0.994856704345161],20,0.012225003852320776
2750,-0.015329839644031087,0.0,4,10000,[118.6213207296033],[2072.1312392225864],[0.994856704345161],20,0.012225003852320776
2751,0.007565581793428207,0.0,4,10000,[118.6213207296033],[2072.1312392225864],[0.994856704345161],20,0.012225003852320776
2752,-0.011223112451295402,0.0,4,10000,[118.6213207296033],[2072.1312392225864],[0.994856704345161],20,0.012225003852320776
2753,0.001877198414780518,0.0,4,10000,[118.6213207296033],[2072.1312392225864],[0.994856704345161],20,0.012225003852320776
2754,-0.009353910485512014,0.0,4,10000,[118.6213207296033],[2072.1312392225864],[0.994856704345161],20,0.012225003852320776
2755,-0.009349917323803782,0.0,4,10000,[118.6213207296033],[2072.1312392225864],[0.994856704345161],20,0.012225003852320776
2756,0.003044163354866699,0.0,4,10000,[118.6213207296033],[2072.1312392225864],[0.994856704345161],20,0.012225003852320776
2757,-0.006737168773193592,0.0,4,10000,[118.6213207296033],[2072.1312392225864],[0.994856704345161],20,0.012225003852320776
2758,-0.007599414560935658,0.0,4,10000,[118.6213207296033],[2072.1312392225864],[0.994856704345161],20,0.012225003852320776
2759,0.015503845457930012,0.0,4,10000,[118.6213207296033],[2072.1312392225864],[0.994856704345161],20,0.012225003852320776
2760,-0.0031482597346042655,0.0,4,10000,[118.6213207296033],[2072.1312392225864],[0.994856704345161],20,0.012225003852320776
2761,-0.0011991706760751412,0.0,4,10000,[118.6213207296033],[2072.1312392225864],[0.994856704345161],20,0.012225003852320776
2762,-0.013396182457056512,0.0,4,10000,[118.6213207296033],[2072.1312392225864],[0.994856704345161],20,0.012225003852320776
2763,-0.010343855138835019,0.0,4,10000,[118.6213207296033],[2072.1312392225864],[0.994856704345161],20,0.012225003852320776
2764,0.002641473388297766,0.0,4,10000,[118.6213207296033],[2072.1312392225864],[0.994856704345161],20,0.012225003852320776
2765,-0.020937566746624777,0.0,4,10000,[118.6213207296033],[2072.1312392225864],[0.994856704345161],20,0.012225003852320776
2766,-0.007819468701508205,0.0,4,10000,[118.6213207296033],[2072.1312392225864],[0.994856704345161],20,0.012225003852320776
2767,0.008652647739909756,0.0,4,10000,[118.6213207296033],[2072.1312392225864],[0.994856704345161],20,0.012225003852320776
2768,-0.02707223333620994,0.0,4,10000,[118.6213207296033],[2072.1312392225864],[0.994856704345161],20,0.012225003852320776
2769,-0.006756338408977854,0.0,4,10000,[118.6213207296033],[2072.1312392225864],[0.994856704345161],20,0.012225003852320776
2770,-0.0009009746705598482,0.0,4,10000,[118.6213207296033],[2072.1312392225864],[0.994856704345161],20,0.012225003852320776
2771,0.0011857797575658595,0.0,4,10000,[118.6213207296033],[2072.1312392225864],[0.994856704345161],20,0.012225003852320776
2772,0.004863512318900359,0.0,4,10000,[118.6213207296033],[2072.1312392225864],[0.994856704345161],20,0.012225003852320776
2773,0.005015367660171661,0.0,4,10000,[118.6213207296033],[2072.1312392225864],[0.994856704345161],20,0.012225003852320776
2774,-0.0310156430522958,0.0,4,10000,[118.6213207296033],[2072.1312392225864],[0.994856704345161],20,0.012225003852320776
2775,0.01663663764922521,0.0,4,10000,[118.6213207296033],[2072.1312392225864],[0.994856704345161],20,0.012225003852320776
2776,-0.007115431918223949,0.0,4,10000,[118.6213207296033],[2072.1312392225864],[0.994856704345161],20,0.012225003852320776
2777,0.006641560310480828,0.0,4,10000,[118.6213207296033],[2072.1312392225864],[0.994856704345161],20,0.012225003852320776
2778,0.019592061978046974,0.0,4,10000,[118.6213207296033],[2072.1312392225864],[0.994856704345161],20,0.012225003852320776
2779,0.004711983637966304,0.0,4,10000,[118.6213207296033],[2072.1312392225864],[0.994856704345161],20,0.012225003852320776
2780,0.01897360159149284,0.0,4,10000,[118.6213207296033],[2072.1312392225864],[0.994856704345161],20,0.012225003852320776
2781,-0.02301243878968383,0.0,4,10000,[118.6213207296033],[2072.1312392225864],[0.994856704345161],20,0.012225003852320776
2782,0.0031772577286570797,0.0,4,10000,[118.6213207296033],[2072.1312392225864],[0.994856704345161],20,0.012225003852320776
2783,-0.010658175301213548,0.0,4,10000,[118.6213207296033],[2072.1312392225864],[0.994856704345161],20,0.012225003852320776
2784,-0.00428494856771173,0.0,4,10000,[118.6213207296033],[2072.1312392225864],[0.994856704345161],20,0.012225003852320776
2785,-0.011818461562719004,0.0,4,10000,[118.6213207296033],[2072.1312392225864],[0.994856704345161],20,0.012225003852320776
2786,-0.0035480900413188314,0.0,4,10000,[118.6213207296033],[2072.1312392225864],[0.994856704345161],20,0.012225003852320776
2787,0.007825273147238278,0.0,4,10000,[118.6213207296033],[2072.1312392225864],[0.994856704345161],20,0.012225003852320776
2788,-0.008500268046016241,0.0,4,10000,[118.6213207296033],[2072.1312392225864],[0.994856704345161],20,0.012225003852320776
2789,0.012809797498088835,0.0,4,10000,[118.6213207296033],[2072.1312392225864],[0.994856704345161],20,0.012225003852320776
2790,0.004027399135173795,0.0,4,10000,[118.6213207296033],[2072.1312392225864],[0.994856704345161],20,0.012225003852320776
2791,0.004386164770757739,0.0,4,10000,[118.6213207296033],[2072.1312392225864],[0.994856704345161],20,0.012225003852320776
2792,-0.00988550266524893,0.0,4,10000,[118.6213207296033],[2072.1312392225864],[0.994856704345161],20,0.012225003852320776
2793,0.006096598981244656,0.0,4,10000,[118.6213207296033],[2072.1312392225864],[0.994856704345161],20,0.012225003852320776
2794,-0.005878068586814543,0.0,4,10000,[118.6213207296033],[2072.1312392225864],[0.994856704345161],20,0.012225003852320776
2795,0.003507251310912677,0.0,4,10000,[118.6213207296033],[2072.1312392225864],[0.994856704345161],20,0.012225003852320776
2796,-0.014439936713722247,0.0,4,10000,[118.6213207296033],[2072.1312392225864],[0.994856704345161],20,0.012225003852320776
2797,-0.00815334509781664,0.0,4,10000,[118.6213207296033],[2072.1312392225864],[0.994856704345161],20,0.012225003852320776
2798,0.014816978436467565,0.0,4,10000,[118.6213207296033],[2072.1312392225864],[0.994856704345161],20,0.012225003852320776
2799,-0.01008158126252986,0.0,4,10000,[118.6213207296033],[2072.1312392225864],[0.994856704345161],20,0.012225003852320776
2800,-0.01460219755101059,0.0,4,10000,[118.6213207296033],[2072.1312392225864],[0.994856704345161],20,0.012225003852320776
2801,0.03386677144554618,0.0,4,10000,[118.6213207296033],[2072.1312392225864],[0.994856704345161],20,0.012225003852320776
2802,0.011328854766490927,0.0,4,10000,[118.6213207296033],[2072.1312392225864],[0.994856704345161],20,0.012225003852320776
2803,0.008810669612423612,0.0,4,10000,[118.6213207296033],[2072.1312392225864],[0.994856704345161],20,0.012225003852320776
2804,0.032821920878859455,0.0,4,10000,[118.6213207296033],[2072.1312392225864],[0.994856704345161],20,0.012225003852320776
2805,0.009942228617457805,0.0,4,10000,[118.6213207296033],[2072.1312392225864],[0.994856704345161],20,0.012225003852320776
2806,-0.014258790567907484,0.0,4,10000,[118.6213207296033],[2072.1312392225864],[0.994856704345161],20,0.012225003852320776
2807,-0.006150537071926671,0.0,4,10000,[118.6213207296033],[2072.1312392225864],[0.994856704345161],20,0.012225003852320776
2808,0.007016876508509416,0.0,4,10000,[118.6213207296033],[2072.1312392225864],[0.994856704345161],20,0.012225003852320776
2809,-0.007739253089090717,0.0,4,10000,[118.6213207296033],[2072.1312392225864],[0.994856704345161],20,0.012225003852320776
2810,-0.012000551588942279,0.0,4,10000,[118.6213207296033],[2072.1312392225864],[0.994856704345161],20,0.012225003852320776
2811,-0.0055196483089764515,0.0,4,10000,[118.6213207296033],[2072.1312392225864],[0.994856704345161],20,0.012225003852320776
2812,0.017908518623379954,0.0,4,10000,[118.6213207296033],[2072.1312392225864],[0.994856704345161],20,0.012225003852320776
2813,-0.007160468983176781,0.0,4,10000,[118.6213207296033],[2072.1312392225864],[0.994856704345161],20,0.012225003852320776
2814,0.016528466663419745,0.0,4,10000,[118.6213207296033],[2072.1312392225864],[0.994856704345161],20,0.012225003852320776
2815,-0.0037173041204795433,0.0,4,10000,[118.6213207296033],[2072.1312392225864],[0.994856704345161],20,0.012225003852320776
2816,0.011794943356938504,0.0,4,10000,[118.6213207296033],[2072.1312392225864],[0.994856704345161],20,0.012225003852320776
2817,0.017363798009174643,0.0,4,10000,[118.6213207296033],[2072.1312392225864],[0.994856704345161],20,0.012225003852320776
2818,0.014169501927796492,0.0,4,10000,[118.6213207296033],[2072.1312392225864],[0.994856704345161],20,0.012225003852320776
2819,-0.00946544838927434,0.0,4,10000,[118.6213207296033],[2072.1312392225864],[0.994856704345161],20,0.012225003852320776
2820,0.013757278280089127,0.0,4,10000,[118.6213207296033],[2072.1312392225864],[0.994856704345161],20,0.012225003852320776
2821,0.005681305365328016,0.0,4,10000,[118.6213207296033],[2072.1312392225864],[0.994856704345161],20,0.012225003852320776
2822,0.015691797048355993,0.0,4,10000,[118.6213207296033],[2072.1312392225864],[0.994856704345161],20,0.012225003852320776
2823,0.017253311291528028,0.0,4,10000,[118.6213207296033],[2072.1312392225864],[0.994856704345161],20,0.012225003852320776
2824,-0.006100810145714331,0.0,4,10000,[118.6213207296033],[2072.1312392225864],[0.994856704345161],20,0.012225003852320776
2825,0.013348173300704504,0.0,4,10000,[118.6213207296033],[2072.1312392225864],[0.994856704345161],20,0.012225003852320776
2826,-0.0038778552859200857,0.0,4,10000,[118.6213207296033],[2072.1312392225864],[0.994856704345161],20,0.012225003852320776
2827,-0.009782795363128448,0.0,4,10000,[118.6213207296033],[2072.1312392225864],[0.994856704345161],20,0.012225003852320776
2828,-0.0038005169757148118,0.0,4,10000,[118.6213207296033],[2072.1312392225864],[0.994856704345161],20,0.012225003852320776
2829,0.011733098035852426,0.0,4,10000,[118.6213207296033],[2072.1312392225864],[0.994856704345161],20,0.012225003852320776
2830,-0.016831631593758518,0.0,4,10000,[118.6213207296033],[2072.1312392225864],[0.994856704345161],20,0.012225003852320776
2831,-0.00044973569939104447,0.0,4,10000,[118.6213207296033],[2072.1312392225864],[0.994856704345161],20,0.012225003852320776
2832,-0.009428542614387758,0.0,4,10000,[118.6213207296033],[2072.1312392225864],[0.994856704345161],20,0.012225003852320776
2833,0.0029438121742153787,0.0,4,10000,[118.6213207296033],[2072.1312392225864],[0.994856704345161],20,0.012225003852320776
2834,-0.006938920682385009,0.0,4,10000,[118.6213207296033],[2072.1312392225864],[0.994856704345161],20,0.012225003852320776
2835,-0.017663466096092588,0.0,4,10000,[118.6213207296033],[2072.1312392225864],[0.994856704345161],20,0.012225003852320776
2836,-0.011507155681634297,0.0,4,10000,[118.6213207296033],[2072.1312392225864],[0.994856704345161],20,0.012225003852320776
2837,-0.014014536885891113,0.0,4,10000,[118.6213207296033],[2072.1312392225864],[0.994856704345161],20,0.012225003852320776
2838,0.0014273568446745639,0.0,4,10000,[118.6213207296033],[2072.1312392225864],[0.994856704345161],20,0.012225003852320776
2839,-0.0009942069676810977,0.0,4,10000,[118.6213207296033],[2072.1312392225864],[0.994856704345161],20,0.012225003852320776
2840,0.0023903481794627615,0.0,4,10000,[118.6213207296033],[2072.1312392225864],[0.994856704345161],20,0.012225003852320776
2841,-0.01938733985857868,0.0,4,10000,[118.6213207296033],[2072.1312392225864],[0.994856704345161],20,0.012225003852320776
2842,0.0029533110832849437,0.0,4,10000,[118.6213207296033],[2072.1312392225864],[0.994856704345161],20,0.012225003852320776
2843,0.001376080013752607,0.0,4,10000,[118.6213207296033],[2072.1312392225864],[0.994856704345161],20,0.012225003852320776
2844,0.016697090781986668,0.0,4,10000,[118.6213207296033],[2072.1312392225864],[0.994856704345161],20,0.012225003852320776
2845,-0.018102458434378476,0.0,4,10000,[118.6213207296033],[2072.1312392225864],[0.994856704345161],20,0.012225003852320776
2846,0.002243716320347008,0.0,4,10000,[118.6213207296033],[2072.1312392225864],[0.994856704345161],20,0.012225003852320776
2847,0.014755200264240336,0.0,4,10000,[118.6213207296033],[2072.1312392225864],[0.994856704345161],20,0.012225003852320776
2848,-0.018323734559600287,0.0,4,10000,[118.6213207296033],[2072.1312392225864],[0.994856704345161],20,0.012225003852320776
2849,0.0290037116151648,0.0,4,10000,[118.6213207296033],[2072.1312392225864],[0.994856704345161],20,0.012225003852320776
2850,-0.012374606559642128,0.0,4,10000,[118.6213207296033],[2072.1312392225864],[0.994856704345161],20,0.012225003852320776
2851,0.012984332044900565,0.0,4,10000,[118.6213207296033],[2072.1312392225864],[0.994856704345161],20,0.012225003852320776
2852,-0.02678008826595827,0.0,4,10000,[118.6213207296033],[2072.1312392225864],[0.994856704345161],20,0.012225003852320776
2853,0.003952675593116159,0.0,4,10000,[118.6213207296033],[2072.1312392225864],[0.994856704345161],20,0.012225003852320776
2854,-0.0100799711291696,0.0,4,10000,[118.6213207296033],[2072.1312392225864],[0.994856704345161],20,0.012225003852320776
2855,-0.0015994964621878678,0.0,4,10000,[118.6213207296033],[2072.1312392225864],[0.994856704345161],20,0.012225003852320776
2856,0.01011146422066618,0.0,4,10000,[118.6213207296033],[2072.1312392225864],[0.994856704345161],20,0.012225003852320776
2857,-0.010546232001935317,0.0,4,10000,[118.6213207296033],[2072.1312392225864],[0.994856704345161],20,0.012225003852320776
2858,0.0063671908790393986,0.0,4,10000,[118.6213207296033],[2072.1312392225864],[0.994856704345161],20,0.012225003852320776
2859,0.022544634954819672,0.0,4,10000,[118.6213207296033],[2072.1312392225864],[0.994856704345161],20,0.012225003852320776
2860,-0.017455726635295318,0.0,4,10000,[118.6213207296033],[2072.1312392225864],[0.994856704345161],20,0.012225003852320776
2861,0.014741784306401667,0.0,4,10000,[118.6213207296033],[2072.1312392225864],[0.994856704345161],20,0.012225003852320776
2862,0.006362842931747402,0.0,4,10000,[118.6213207296033],[2072.1312392225864],[0.994856704345161],20,0.012225003852320776
2863,0.015551993996999391,0.0,4,10000,[118.6213207296033],[2072.1312392225864],[0.994856704345161],20,0.012225003852320776
2864,0.000741143239016408,0.0,4,10000,[118.6213207296033],[2072.1312392225864],[0.994856704345161],20,0.012225003852320776
2865,0.016117930130876153,0.0,4,10000,[118.6213207296033],[2072.1312392225864],[0.994856704345161],20,0.012225003852320776
2866,-0.026932203008129756,0.0,4,10000,[118.6213207296033],[2072.1312392225864],[0.994856704345161],20,0.012225003852320776
2867,0.009964398529366796,0.0,4,10000,[118.6213207296033],[2072.1312392225864],[0.994856704345161],20,0.012225003852320776
2868,-0.011102309809367111,0.0,4,10000,[118.6213207296033],[2072.1312392225864],[0.994856704345161],20,0.012225003852320776
2869,-0.011585512612644918,0.0,4,10000,[118.6213207296033],[2072.1312392225864],[0.994856704345161],20,0.012225003852320776
2870,-0.024360624900834342,0.0,4,10000,[118.6213207296033],[2072.1312392225864],[0.994856704345161],20,0.012225003852320776
2871,-0.010394189354806613,0.0,4,10000,[118.6213207296033],[2072.1312392225864],[0.994856704345161],20,0.012225003852320776
2872,-0.0147270036034798,0.0,4,10000,[118.6213207296033],[2072.1312392225864],[0.994856704345161],20,0.012225003852320776
2873,-0.005599213094083976,0.0,4,10000,[118.6213207296033],[2072.1312392225864],[0.994856704345161],20,0.012225003852320776
2874,0.003560450541857424,0.0,4,10000,[118.6213207296033],[2072.1312392225864],[0.994856704345161],20,0.012225003852320776
2875,0.010629049785025215,0.0,4,10000,[118.6213207296033],[2072.1312392225864],[0.994856704345161],20,0.012225003852320776
2876,0.0004045907972470201,0.0,4,10000,[118.6213207296033],[2072.1312392225864],[0.994856704345161],20,0.012225003852320776
2877,-0.0134198724952991,0.0,4,10000,[118.6213207296033],[2072.1312392225864],[0.994856704345161],20,0.012225003852320776
2878,0.014729061205652571,0.0,4,10000,[118.6213207296033],[2072.1312392225864],[0.994856704345161],20,0.012225003852320776
2879,0.017247356447736954,0.0,4,10000,[118.6213207296033],[2072.1312392225864],[0.994856704345161],20,0.012225003852320776
2880,-0.025027433669809578,0.0,4,10000,[118.6213207296033],[2072.1312392225864],[0.994856704345161],20,0.012225003852320776
2881,0.0067732617384484144,0.0,4,10000,[118.6213207296033],[2072.1312392225864],[0.994856704345161],20,0.012225003852320776
2882,0.010905108307341595,0.0,4,10000,[118.6213207296033],[2072.1312392225864],[0.994856704345161],20,0.012225003852320776
2883,0.00248921131189962,0.0,4,10000,[118.6213207296033],[2072.1312392225864],[0.994856704345161],20,0.012225003852320776
2884,0.005879274682110177,0.0,4,10000,[118.6213207296033],[2072.1312392225864],[0.994856704345161],20,0.012225003852320776
2885,-0.009476230424309869,0.0,4,10000,[118.6213207296033],[2072.1312392225864],[0.994856704345161],20,0.012225003852320776
2886,-0.00632815108858748,0.0,4,10000,[118.6213207296033],[2072.1312392225864],[0.994856704345161],20,0.012225003852320776
2887,-0.011852802966817729,0.0,4,10000,[118.6213207296033],[2072.1312392225864],[0.994856704345161],20,0.012225003852320776
2888,-0.011961544262863767,0.0,4,10000,[118.6213207296033],[2072.1312392225864],[0.994856704345161],20,0.012225003852320776
2889,0.010710926548362594,0.0,4,10000,[118.6213207296033],[2072.1312392225864],[0.994856704345161],20,0.012225003852320776
2890,-0.0056931986681882955,0.0,4,10000,[118.6213207296033],[2072.1312392225864],[0.994856704345161],20,0.012225003852320776
2891,-0.0018539332287418695,0.0,4,10000,[118.6213207296033],[2072.1312392225864],[0.994856704345161],20,0.012225003852320776
2892,-0.015333386373789476,0.0,4,10000,[118.6213207296033],[2072.1312392225864],[0.994856704345161],20,0.012225003852320776
2893,-0.032006792138698115,0.0,4,10000,[118.6213207296033],[2072.1312392225864],[0.994856704345161],20,0.012225003852320776
2894,-0.0017172043654440409,0.0,4,10000,[118.6213207296033],[2072.1312392225864],[0.994856704345161],20,0.012225003852320776
2895,0.019923707729531333,0.0,4,10000,[118.6213207296033],[2072.1312392225864],[0.994856704345161],20,0.012225003852320776
2896,-0.017988430531144732,0.0,4,10000,[118.6213207296033],[2072.1312392225864],[0.994856704345161],20,0.012225003852320776
2897,-0.017749683165692674,0.0,4,10000,[118.6213207296033],[2072.1312392225864],[0.994856704345161],20,0.012225003852320776
2898,0.00650513053139851,0.0,4,10000,[118.6213207296033],[2072.1312392225864],[0.994856704345161],20,0.012225003852320776
2899,0.0031540172125187637,0.0,4,10000,[118.6213207296033],[2072.1312392225864],[0.994856704345161],20,0.012225003852320776
2900,-0.00507474698863789,0.0,4,10000,[118.6213207296033],[2072.1312392225864],[0.994856704345161],20,0.012225003852320776
2901,0.00035059208887645773,0.0,4,10000,[118.6213207296033],[2072.1312392225864],[0.994856704345161],20,0.012225003852320776
2902,-0.01215281523538121,0.0,4,10000,[118.6213207296033],[2072.1312392225864],[0.994856704345161],20,0.012225003852320776
2903,0.008966332635630379,0.0,4,10000,[118.6213207296033],[2072.1312392225864],[0.994856704345161],20,0.012225003852320776
2904,0.003487572574120123,0.0,4,10000,[118.6213207296033],[2072.1312392225864],[0.994856704345161],20,0.012225003852320776
2905,-0.013389227390818399,0.0,4,10000,[118.6213207296033],[2072.1312392225864],[0.994856704345161],20,0.012225003852320776
2906,0.026649345633377387,0.0,4,10000,[118.6213207296033],[2072.1312392225864],[0.994856704345161],20,0.012225003852320776
2907,0.010500401979919069,0.0,4,10000,[118.6213207296033],[2072.1312392225864],[0.994856704345161],20,0.012225003852320776
2908,0.000941884188776057,0.0,4,10000,[118.6213207296033],[2072.1312392225864],[0.994856704345161],20,0.012225003852320776
2909,0.008547352237784423,0.0,4,10000,[118.6213207296033],[2072.1312392225864],[0.994856704345161],20,0.012225003852320776
2910,-0.0076938534644531735,0.0,4,10000,[118.6213207296033],[2072.1312392225864],[0.994856704345161],20,0.012225003852320776
2911,0.011495966516640364,0.0,4,10000,[118.6213207296033],[2072.1312392225864],[0.994856704345161],20,0.012225003852320776
2912,-0.014689716574769491,0.0,4,10000,[118.6213207296033],[2072.1312392225864],[0.994856704345161],20,0.012225003852320776
2913,0.0034773923870240913,0.0,4,10000,[118.6213207296033],[2072.1312392225864],[0.994856704345161],20,0.012225003852320776
2914,-0.010057101779907568,0.0,4,10000,[118.6213207296033],[2072.1312392225864],[0.994856704345161],20,0.012225003852320776
2915,0.002342991947503838,0.0,4,10000,[118.6213207296033],[2072.1312392225864],[0.994856704345161],20,0.012225003852320776
2916,-0.006065240479149407,0.0,4,10000,[118.6213207296033],[2072.1312392225864],[0.994856704345161],20,0.012225003852320776
2917,0.009413726228999946,0.0,4,10000,[118.6213207296033],[2072.1312392225864],[0.994856704345161],20,0.012225003852320776
2918,-0.010280106474782776,0.0,4,10000,[118.6213207296033],[2072.1312392225864],[0.994856704345161],20,0.012225003852320776
2919,0.023751768565333516,0.0,4,10000,[118.6213207296033],[2072.1312392225864],[0.994856704345161],20,0.012225003852320776
2920,0.012619276174619797,0.0,4,10000,[118.6213207296033],[2072.1312392225864],[0.994856704345161],20,0.012225003852320776
2921,0.005725730349482195,0.0,4,10000,[118.6213207296033],[2072.1312392225864],[0.994856704345161],20,0.012225003852320776
2922,-0.012012488319477606,0.0,4,10000,[118.6213207296033],[2072.1312392225864],[0.994856704345161],20,0.012225003852320776
2923,0.008219510326810424,0.0,4,10000,[118.6213207296033],[2072.1312392225864],[0.994856704345161],20,0.012225003852320776
2924,-0.001974156602062965,0.0,4,10000,[118.6213207296033],[2072.1312392225864],[0.994856704345161],20,0.012225003852320776
2925,-0.0009649859104443679,0.0,4,10000,[118.6213207296033],[2072.1312392225864],[0.994856704345161],20,0.012225003852320776
2926,-0.005367483432121553,0.0,4,10000,[118.6213207296033],[2072.1312392225864],[0.994856704345161],20,0.012225003852320776
2927,0.011986518958023502,0.0,4,10000,[118.6213207296033],[2072.1312392225864],[0.994856704345161],20,0.012225003852320776
2928,0.0261019271704522,0.0,4,10000,[118.6213207296033],[2072.1312392225864],[0.994856704345161],20,0.012225003852320776
2929,-0.0017726747416981234,0.0,4,10000,[118.6213207296033],[2072.1312392225864],[0.994856704345161],20,0.012225003852320776
2930,-0.0024880827336924267,0.0,4,10000,[118.6213207296033],[2072.1312392225864],[0.994856704345161],20,0.012225003852320776
2931,0.002842260399732224,0.0,4,10000,[118.6213207296033],[2072.1312392225864],[0.994856704345161],20,0.012225003852320776
2932,-0.032729566281575466,0.0,4,10000,[118.6213207296033],[2072.1312392225864],[0.994856704345161],20,0.012225003852320776
2933,-0.012167314602554213,0.0,4,10000,[118.6213207296033],[2072.1312392225864],[0.994856704345161],20,0.012225003852320776
2934,-0.003980772988486123,0.0,4,10000,[118.6213207296033],[2072.1312392225864],[0.994856704345161],20,0.012225003852320776
2935,-0.020886079676099744,0.0,4,10000,[118.6213207296033],[2072.1312392225864],[0.994856704345161],20,0.012225003852320776
2936,-0.007933768290741373,0.0,4,10000,[118.6213207296033],[2072.1312392225864],[0.994856704345161],20,0.012225003852320776
2937,0.018242040438943584,0.0,4,10000,[118.6213207296033],[2072.1312392225864],[0.994856704345161],20,0.012225003852320776
2938,0.003203324606474375,0.0,4,10000,[118.6213207296033],[2072.1312392225864],[0.994856704345161],20,0.012225003852320776
2939,0.005666068702649899,0.0,4,10000,[118.6213207296033],[2072.1312392225864],[0.994856704345161],20,0.012225003852320776
2940,-0.024196471726176883,0.0,4,10000,[118.6213207296033],[2072.1312392225864],[0.994856704345161],20,0.012225003852320776
2941,-0.025249706842694286,0.0,4,10000,[118.6213207296033],[2072.1312392225864],[0.994856704345161],20,0.012225003852320776
2942,-0.008008174422780933,0.0,4,10000,[118.6213207296033],[2072.1312392225864],[0.994856704345161],20,0.012225003852320776
2943,-0.018712605957388148,0.0,4,10000,[118.6213207296033],[2072.1312392225864],[0.994856704345161],20,0.012225003852320776
2944,0.01832465960086384,0.0,4,10000,[118.6213207296033],[2072.1312392225864],[0.994856704345161],20,0.012225003852320776
2945,-0.016030528216534747,0.0,4,10000,[118.6213207296033],[2072.1312392225864],[0.994856704345161],20,0.012225003852320776
2946,0.004212592488891062,0.0,4,10000,[118.6213207296033],[2072.1312392225864],[0.994856704345161],20,0.012225003852320776
2947,0.00486263377868652,0.0,4,10000,[118.6213207296033],[2072.1312392225864],[0.994856704345161],20,0.012225003852320776
2948,0.005815204462789812,0.0,4,10000,[118.6213207296033],[2072.1312392225864],[0.994856704345161],20,0.012225003852320776
2949,0.006158660426565071,0.0,4,10000,[118.6213207296033],[2072.1312392225864],[0.994856704345161],20,0.012225003852320776
2950,-0.0027872570497365907,0.0,4,10000,[118.6213207296033],[2072.1312392225864],[0.994856704345161],20,0.012225003852320776
2951,0.0058032659315275245,0.0,4,10000,[118.6213207296033],[2072.1312392225864],[0.994856704345161],20,0.012225003852320776
2952,-0.003833080257828492,0.0,4,10000,[118.6213207296033],[2072.1312392225864],[0.994856704345161],20,0.012225003852320776
2953,0.010155171141170444,0.0,4,10000,[118.6213207296033],[2072.1312392225864],[0.994856704345161],20,0.012225003852320776
2954,0.006641126796263724,0.0,4,10000,[118.6213207296033],[2072.1312392225864],[0.994856704345161],20,0.012225003852320776
2955,-0.00280467863162897,0.0,4,10000,[118.6213207296033],[2072.1312392225864],[0.994856704345161],20,0.012225003852320776
2956,-0.007252684715974927,0.0,4,10000,[118.6213207296033],[2072.1312392225864],[0.994856704345161],20,0.012225003852320776
2957,-0.006687834437248372,0.0,4,10000,[118.6213207296033],[2072.1312392225864],[0.994856704345161],20,0.012225003852320776
2958,0.0015137908169390332,0.0,4,10000,[118.6213207296033],[2072.1312392225864],[0.994856704345161],20,0.012225003852320776
2959,0.010605323153041735,0.0,4,10000,[118.6213207296033],[2072.1312392225864],[0.994856704345161],20,0.012225003852320776
2960,-0.02772419256044533,0.0,4,10000,[118.6213207296033],[2072.1312392225864],[0.994856704345161],20,0.012225003852320776
2961,-0.01012992404754044,0.0,4,10000,[118.6213207296033],[2072.1312392225864],[0.994856704345161],20,0.012225003852320776
2962,-0.017139565632506362,0.0,4,10000,[118.6213207296033],[2072.1312392225864],[0.994856704345161],20,0.012225003852320776
2963,0.005317748619364795,0.0,4,10000,[118.6213207296033],[2072.1312392225864],[0.994856704345161],20,0.012225003852320776
2964,-0.01316501282676445,0.0,4,10000,[118.6213207296033],[2072.1312392225864],[0.994856704345161],20,0.012225003852320776
2965,0.001733492101942491,0.0,4,10000,[118.6213207296033],[2072.1312392225864],[0.994856704345161],20,0.012225003852320776
2966,0.003007986437288506,0.0,4,10000,[118.6213207296033],[2072.1312392225864],[0.994856704345161],20,0.012225003852320776
2967,-0.01722242340622223,0.0,4,10000,[118.6213207296033],[2072.1312392225864],[0.994856704345161],20,0.012225003852320776
2968,0.014724297394960482,0.0,4,10000,[118.6213207296033],[2072.1312392225864],[0.994856704345161],20,0.012225003852320776
2969,-0.007480341609027035,0.0,4,10000,[118.6213207296033],[2072.1312392225864],[0.994856704345161],20,0.012225003852320776
2970,0.01078097705479024,0.0,4,10000,[118.6213207296033],[2072.1312392225864],[0.994856704345161],20,0.012225003852320776
2971,0.004974076785631475,0.0,4,10000,[118.6213207296033],[2072.1312392225864],[0.994856704345161],20,0.012225003852320776
2972,-0.008582315200496127,0.0,4,10000,[118.6213207296033],[2072.1312392225864],[0.994856704345161],20,0.012225003852320776
2973,-0.00606409929194104,0.0,4,10000,[118.6213207296033],[2072.1312392225864],[0.994856704345161],20,0.012225003852320776
2974,-0.003653923559526456,0.0,4,10000,[118.6213207296033],[2072.1312392225864],[0.994856704345161],20,0.012225003852320776
2975,-0.021381574377815956,0.0,4,10000,[118.6213207296033],[2072.1312392225864],[0.994856704345161],20,0.012225003852320776
2976,-0.015627545095973562,0.0,4,10000,[118.6213207296033],[2072.1312392225864],[0.994856704345161],20,0.012225003852320776
2977,-0.0034325917582612125,0.0,4,10000,[118.6213207296033],[2072.1312392225864],[0.994856704345161],20,0.012225003852320776
2978,-0.010188646631355202,0.0,4,10000,[118.6213207296033],[2072.1312392225864],[0.994856704345161],20,0.012225003852320776
2979,-0.006054675235295253,0.0,4,10000,[118.6213207296033],[2072.1312392225864],[0.994856704345161],20,0.012225003852320776
2980,-0.0077919681455286965,0.0,4,10000,[118.6213207296033],[2072.1312392225864],[0.994856704345161],20,0.012225003852320776
2981,0.004270730938085399,0.0,4,10000,[118.6213207296033],[2072.1312392225864],[0.994856704345161],20,0.012225003852320776
2982,-0.006844722913704675,0.0,4,10000,[118.6213207296033],[2072.1312392225864],[0.994856704345161],20,0.012225003852320776
2983,-0.006750749025787968,0.0,4,10000,[118.6213207296033],[2072.1312392225864],[0.994856704345161],20,0.012225003852320776
2984,0.006789780372979937,0.0,4,10000,[118.6213207296033],[2072.1312392225864],[0.994856704345161],20,0.012225003852320776
2985,-0.0033248471702779833,0.0,4,10000,[118.6213207296033],[2072.1312392225864],[0.994856704345161],20,0.012225003852320776
2986,-0.0014914106868509087,0.0,4,10000,[118.6213207296033],[2072.1312392225864],[0.994856704345161],20,0.012225003852320776
2987,0.0029747958575396124,0.0,4,10000,[118.6213207296033],[2072.1312392225864],[0.994856704345161],20,0.012225003852320776
2988,0.004166461256752365,0.0,4,10000,[118.6213207296033],[2072.1312392225864],[0.994856704345161],20,0.012225003852320776
2989,0.013081690342175633,0.0,4,10000,[118.6213207296033],[2072.1312392225864],[0.994856704345161],20,0.012225003852320776
2990,-0.010695532157441767,0.0,4,10000,[118.6213207296033],[2072.1312392225864],[0.994856704345161],20,0.012225003852320776
2991,0.03412423669790363,0.0,4,10000,[118.6213207296033],[2072.1312392225864],[0.994856704345161],20,0.012225003852320776
2992,-0.016009676081129593,0.0,4,10000,[118.6213207296033],[2072.1312392225864],[0.994856704345161],20,0.012225003852320776
2993,0.004370960470144177,0.0,4,10000,[118.6213207296033],[2072.1312392225864],[0.994856704345161],20,0.012225003852320776
2994,0.0026184784933490765,0.0,4,10000,[118.6213207296033],[2072.1312392225864],[0.994856704345161],20,0.012225003852320776
2995,0.01210591356637629,0.0,4,10000,[118.6213207296033],[2072.1312392225864],[0.994856704345161],20,0.012225003852320776
2996,0.006627561688816524,0.0,4,10000,[118.6213207296033],[2072.1312392225864],[0.994856704345161],20,0.012225003852320776
2997,0.014526153219295204,0.0,4,10000,[118.6213207296033],[2072.1312392225864],[0.994856704345161],20,0.012225003852320776
2998,-0.0069203645709696995,0.0,4,10000,[118.6213207296033],[2072.1312392225864],[0.994856704345161],20,0.012225003852320776
2999,0.01253463855719104,0.0,4,10000,[118.6213207296033],[2072.1312392225864],[0.994856704345161],20,0.012225003852320776
3000,0.003355534882332594,0.0,4,10000,[118.6213207296033],[2072.1312392225864],[0.994856704345161],20,0.012225003852320776
3001,-0.012223754570545968,0.0,4,10000,[118.6213207296033],[2072.1312392225864],[0.994856704345161],20,0.012225003852320776
3002,-0.0012275027114254568,0.0,4,10000,[118.6213207296033],[2072.1312392225864],[0.994856704345161],20,0.012225003852320776
3003,0.01379617540197372,0.0,4,10000,[118.6213207296033],[2072.1312392225864],[0.994856704345161],20,0.012225003852320776
3004,-0.006647021148138389,0.0,4,10000,[118.6213207296033],[2072.1312392225864],[0.994856704345161],20,0.012225003852320776
3005,0.005015081639101647,0.0,4,10000,[118.6213207296033],[2072.1312392225864],[0.994856704345161],20,0.012225003852320776
3006,0.02481235148096024,0.0,4,10000,[118.6213207296033],[2072.1312392225864],[0.994856704345161],20,0.012225003852320776
3007,0.003971386683977341,0.0,4,10000,[118.6213207296033],[2072.1312392225864],[0.994856704345161],20,0.012225003852320776
3008,-0.0012441740656362048,0.0,4,10000,[118.6213207296033],[2072.1312392225864],[0.994856704345161],20,0.012225003852320776
3009,0.009867171370583811,0.0,4,10000,[118.6213207296033],[2072.1312392225864],[0.994856704345161],20,0.012225003852320776
3010,-0.0025613030722543757,0.0,4,10000,[118.6213207296033],[2072.1312392225864],[0.994856704345161],20,0.012225003852320776
3011,-0.02014483443155674,0.0,4,10000,[118.6213207296033],[2072.1312392225864],[0.994856704345161],20,0.012225003852320776
3012,0.001963412339949009,0.0,4,10000,[118.6213207296033],[2072.1312392225864],[0.994856704345161],20,0.012225003852320776
3013,0.0052425757186998516,0.0,4,10000,[118.6213207296033],[2072.1312392225864],[0.994856704345161],20,0.012225003852320776
3014,-0.011574014081656437,0.0,4,10000,[118.6213207296033],[2072.1312392225864],[0.994856704345161],20,0.012225003852320776
3015,0.004023221806499727,0.0,4,10000,[118.6213207296033],[2072.1312392225864],[0.994856704345161],20,0.012225003852320776
3016,-0.01102026247831171,0.0,4,10000,[118.6213207296033],[2072.1312392225864],[0.994856704345161],20,0.012225003852320776
3017,-0.0009937512697397318,0.0,4,10000,[118.6213207296033],[2072.1312392225864],[0.994856704345161],20,0.012225003852320776
3018,-0.00818502136250753,0.0,4,10000,[118.6213207296033],[2072.1312392225864],[0.994856704345161],20,0.012225003852320776
3019,-0.0077070180422180055,0.0,4,10000,[118.6213207296033],[2072.1312392225864],[0.994856704345161],20,0.012225003852320776
3020,-0.004356689123131883,0.0,4,10000,[118.6213207296033],[2072.1312392225864],[0.994856704345161],20,0.012225003852320776
3021,-0.00501575749291438,0.0,4,10000,[118.6213207296033],[2072.1312392225864],[0.994856704345161],20,0.012225003852320776
3022,-0.015875365991827223,0.0,4,10000,[118.6213207296033],[2072.1312392225864],[0.994856704345161],20,0.012225003852320776
3023,-0.0068645480254283945,0.0,4,10000,[118.6213207296033],[2072.1312392225864],[0.994856704345161],20,0.012225003852320776
3024,-0.004963399828160575,0.0,4,10000,[118.6213207296033],[2072.1312392225864],[0.994856704345161],20,0.012225003852320776
3025,0.003927739706105753,0.0,4,10000,[118.6213207296033],[2072.1312392225864],[0.994856704345161],20,0.012225003852320776
3026,0.011064358634494793,0.0,4,10000,[118.6213207296033],[2072.1312392225864],[0.994856704345161],20,0.012225003852320776
3027,-0.002563470812876712,0.0,4,10000,[118.6213207296033],[2072.1312392225864],[0.994856704345161],20,0.012225003852320776
3028,-0.01112191498561812,0.0,4,10000,[118.6213207296033],[2072.1312392225864],[0.994856704345161],20,0.012225003852320776
3029,0.0018547487550882504,0.0,4,10000,[118.6213207296033],[2072.1312392225864],[0.994856704345161],20,0.012225003852320776
3030,0.006072025236819551,0.0,4,10000,[118.6213207296033],[2072.1312392225864],[0.994856704345161],20,0.012225003852320776
3031,-0.0017321469075697298,0.0,4,10000,[118.6213207296033],[2072.1312392225864],[0.994856704345161],20,0.012225003852320776
3032,-0.020520808060095035,0.0,4,10000,[118.6213207296033],[2072.1312392225864],[0.994856704345161],20,0.012225003852320776
3033,-0.01040287732727286,0.0,4,10000,[118.6213207296033],[2072.1312392225864],[0.994856704345161],20,0.012225003852320776
3034,0.017162851971405997,0.0,4,10000,[118.6213207296033],[2072.1312392225864],[0.994856704345161],20,0.012225003852320776
3035,0.009665262880709012,0.0,4,10000,[118.6213207296033],[2072.1312392225864],[0.994856704345161],20,0.012225003852320776
3036,0.004970760394327773,0.0,4,10000,[118.6213207296033],[2072.1312392225864],[0.994856704345161],20,0.012225003852320776
3037,0.010919073926198734,0.0,4,10000,[118.6213207296033],[2072.1312392225864],[0.994856704345161],20,0.012225003852320776
3038,-0.010938291847373754,0.0,4,10000,[118.6213207296033],[2072.1312392225864],[0.994856704345161],20,0.012225003852320776
3039,-0.011452896824983209,0.0,4,10000,[118.6213207296033],[2072.1312392225864],[0.994856704345161],20,0.012225003852320776
3040,-0.0010275278721918084,0.0,4,10000,[118.6213207296033],[2072.1312392225864],[0.994856704345161],20,0.012225003852320776
3041,0.0014718233057286231,0.0,4,10000,[118.6213207296033],[2072.1312392225864],[0.994856704345161],20,0.012225003852320776
3042,0.01941051402844693,0.0,4,10000,[118.6213207296033],[2072.1312392225864],[0.994856704345161],20,0.012225003852320776
3043,0.003261856321276971,0.0,4,10000,[118.6213207296033],[2072.1312392225864],[0.994856704345161],20,0.012225003852320776
3044,0.0042213970934830815,0.0,4,10000,[118.6213207296033],[2072.1312392225864],[0.994856704345161],20,0.012225003852320776
3045,-0.0018254067354603017,0.0,4,10000,[118.6213207296033],[2072.1312392225864],[0.994856704345161],20,0.012225003852320776
3046,-0.009446509487820345,0.0,4,10000,[118.6213207296033],[2072.1312392225864],[0.994856704345161],20,0.012225003852320776
3047,0.007499243362193543,0.0,4,10000,[118.6213207296033],[2072.1312392225864],[0.994856704345161],20,0.012225003852320776
3048,0.008761090067951277,0.0,4,10000,[118.6213207296033],[2072.1312392225864],[0.994856704345161],20,0.012225003852320776
3049,0.008119959255239676,0.0,4,10000,[118.6213207296033],[2072.1312392225864],[0.994856704345161],20,0.012225003852320776
3050,0.005277379309416949,0.0,4,10000,[118.6213207296033],[2072.1312392225864],[0.994856704345161],20,0.012225003852320776
3051,-3.970254664449536e-05,0.0,4,10000,[118.6213207296033],[2072.1312392225864],[0.994856704345161],20,0.012225003852320776
3052,0.003958957509788339,0.0,4,10000,[118.6213207296033],[2072.1312392225864],[0.994856704345161],20,0.012225003852320776
3053,0.007577106523225727,0.0,4,10000,[118.6213207296033],[2072.1312392225864],[0.994856704345161],20,0.012225003852320776
3054,-0.010891629626104465,0.0,4,10000,[118.6213207296033],[2072.1312392225864],[0.994856704345161],20,0.012225003852320776
3055,-0.00428435517751013,0.0,4,10000,[118.6213207296033],[2072.1312392225864],[0.994856704345161],20,0.012225003852320776
3056,0.006491350332641636,0.0,4,10000,[118.6213207296033],[2072.1312392225864],[0.994856704345161],20,0.012225003852320776
3057,-0.014885490361475774,0.0,4,10000,[118.6213207296033],[2072.1312392225864],[0.994856704345161],20,0.012225003852320776
3058,0.0016763606708666051,0.0,4,10000,[118.6213207296033],[2072.1312392225864],[0.994856704345161],20,0.012225003852320776
3059,-0.017981188688687637,0.0,4,10000,[118.6213207296033],[2072.1312392225864],[0.994856704345161],20,0.012225003852320776
3060,0.016449649313929955,0.0,4,10000,[118.6213207296033],[2072.1312392225864],[0.994856704345161],20,0.012225003852320776
3061,0.0056145755799585015,0.0,4,10000,[118.6213207296033],[2072.1312392225864],[0.994856704345161],20,0.012225003852320776
3062,0.00977324832768767,0.0,4,10000,[118.6213207296033],[2072.1312392225864],[0.994856704345161],20,0.012225003852320776
3063,-0.003936704972126377,0.0,4,10000,[118.6213207296033],[2072.1312392225864],[0.994856704345161],20,0.012225003852320776
3064,0.008244171230695412,0.0,4,10000,[118.6213207296033],[2072.1312392225864],[0.994856704345161],20,0.012225003852320776
3065,-0.0053270442628820915,0.0,4,10000,[118.6213207296033],[2072.1312392225864],[0.994856704345161],20,0.012225003852320776
3066,-0.01861499395821871,0.0,4,10000,[118.6213207296033],[2072.1312392225864],[0.994856704345161],20,0.012225003852320776
3067,-0.02053148619747304,0.0,4,10000,[118.6213207296033],[2072.1312392225864],[0.994856704345161],20,0.012225003852320776
3068,0.0171562178951549,0.0,4,10000,[118.6213207296033],[2072.1312392225864],[0.994856704345161],20,0.012225003852320776
3069,0.008693083031908171,0.0,4,10000,[118.6213207296033],[2072.1312392225864],[0.994856704345161],20,0.012225003852320776
3070,-0.002242426593935785,0.0,4,10000,[118.6213207296033],[2072.1312392225864],[0.994856704345161],20,0.012225003852320776
3071,-0.009929910425839213,0.0,4,10000,[118.6213207296033],[2072.1312392225864],[0.994856704345161],20,0.012225003852320776
3072,0.009955004501025362,0.0,4,10000,[118.6213207296033],[2072.1312392225864],[0.994856704345161],20,0.012225003852320776
3073,0.007872511986525454,0.0,4,10000,[118.6213207296033],[2072.1312392225864],[0.994856704345161],20,0.012225003852320776
3074,-0.005854156731957666,0.0,4,10000,[118.6213207296033],[2072.1312392225864],[0.994856704345161],20,0.012225003852320776
3075,0.030709930893655358,0.0,4,10000,[118.6213207296033],[2072.1312392225864],[0.994856704345161],20,0.012225003852320776
3076,-0.0037787056331914986,0.0,4,10000,[118.6213207296033],[2072.1312392225864],[0.994856704345161],20,0.012225003852320776
3077,0.007260533718333989,0.0,4,10000,[118.6213207296033],[2072.1312392225864],[0.994856704345161],20,0.012225003852320776
3078,-0.0050138282694321,0.0,4,10000,[118.6213207296033],[2072.1312392225864],[0.994856704345161],20,0.012225003852320776
3079,0.015920229667414392,0.0,4,10000,[118.6213207296033],[2072.1312392225864],[0.994856704345161],20,0.012225003852320776
3080,-0.013235934421785304,0.0,4,10000,[118.6213207296033],[2072.1312392225864],[0.994856704345161],20,0.012225003852320776
3081,0.009316569705868943,0.0,4,10000,[118.6213207296033],[2072.1312392225864],[0.994856704345161],20,0.012225003852320776
3082,0.001487774748641693,0.0,4,10000,[118.6213207296033],[2072.1312392225864],[0.994856704345161],20,0.012225003852320776
3083,-0.0006459849679861853,0.0,4,10000,[118.6213207296033],[2072.1312392225864],[0.994856704345161],20,0.012225003852320776
3084,0.0011535676984553947,0.0,4,10000,[118.6213207296033],[2072.1312392225864],[0.994856704345161],20,0.012225003852320776
3085,-0.0005371718556350795,0.0,4,10000,[118.6213207296033],[2072.1312392225864],[0.994856704345161],20,0.012225003852320776
3086,0.023634528183023123,0.0,4,10000,[118.6213207296033],[2072.1312392225864],[0.994856704345161],20,0.012225003852320776
3087,0.018517010951258753,0.0,4,10000,[118.6213207296033],[2072.1312392225864],[0.994856704345161],20,0.012225003852320776
3088,-0.002346709040713013,0.0,4,10000,[118.6213207296033],[2072.1312392225864],[0.994856704345161],20,0.012225003852320776
3089,-0.010662305206846965,0.0,4,10000,[118.6213207296033],[2072.1312392225864],[0.994856704345161],20,0.012225003852320776
3090,-0.0027149444326095024,0.0,4,10000,[118.6213207296033],[2072.1312392225864],[0.994856704345161],20,0.012225003852320776
3091,0.009648509343272903,0.0,4,10000,[118.6213207296033],[2072.1312392225864],[0.994856704345161],20,0.012225003852320776
3092,-0.0019001173130350647,0.0,4,10000,[118.6213207296033],[2072.1312392225864],[0.994856704345161],20,0.012225003852320776
3093,0.016039329399977494,0.0,4,10000,[118.6213207296033],[2072.1312392225864],[0.994856704345161],20,0.012225003852320776
3094,0.00677493109073797,0.0,4,10000,[118.6213207296033],[2072.1312392225864],[0.994856704345161],20,0.012225003852320776
3095,0.02665449397377075,0.0,4,10000,[118.6213207296033],[2072.1312392225864],[0.994856704345161],20,0.012225003852320776
3096,-0.006851957499602295,0.0,4,10000,[118.6213207296033],[2072.1312392225864],[0.994856704345161],20,0.012225003852320776
3097,0.00532648407183436,0.0,4,10000,[118.6213207296033],[2072.1312392225864],[0.994856704345161],20,0.012225003852320776
3098,-0.01240733394696734,0.0,4,10000,[118.6213207296033],[2072.1312392225864],[0.994856704345161],20,0.012225003852320776
3099,0.001248339816152006,0.0,4,10000,[118.6213207296033],[2072.1312392225864],[0.994856704345161],20,0.012225003852320776
3100,-0.01368864996987074,0.0,4,10000,[118.6213207296033],[2072.1312392225864],[0.994856704345161],20,0.012225003852320776
3101,-0.011766744670015811,0.0,4,10000,[118.6213207296033],[2072.1312392225864],[0.994856704345161],20,0.012225003852320776
3102,-0.014366389231110301,0.0,4,10000,[118.6213207296033],[2072.1312392225864],[0.994856704345161],20,0.012225003852320776
3103,0.007573235894675812,0.0,4,10000,[118.6213207296033],[2072.1312392225864],[0.994856704345161],20,0.012225003852320776
3104,-0.004837974724876112,0.0,4,10000,[118.6213207296033],[2072.1312392225864],[0.994856704345161],20,0.012225003852320776
3105,0.008258147785628429,0.0,4,10000,[118.6213207296033],[2072.1312392225864],[0.994856704345161],20,0.012225003852320776
3106,-0.021939360746620673,0.0,4,10000,[118.6213207296033],[2072.1312392225864],[0.994856704345161],20,0.012225003852320776
3107,-0.014850477896766051,0.0,4,10000,[118.6213207296033],[2072.1312392225864],[0.994856704345161],20,0.012225003852320776
3108,0.006155489780787698,0.0,4,10000,[118.6213207296033],[2072.1312392225864],[0.994856704345161],20,0.012225003852320776
3109,0.017938870924296847,0.0,4,10000,[118.6213207296033],[2072.1312392225864],[0.994856704345161],20,0.012225003852320776
3110,-0.007256913696924796,0.0,4,10000,[118.6213207296033],[2072.1312392225864],[0.994856704345161],20,0.012225003852320776
3111,0.0005955259788248176,0.0,4,10000,[118.6213207296033],[2072.1312392225864],[0.994856704345161],20,0.012225003852320776
3112,-0.01675819006082496,0.0,4,10000,[118.6213207296033],[2072.1312392225864],[0.994856704345161],20,0.012225003852320776
3113,0.035594853362613664,0.0,4,10000,[118.6213207296033],[2072.1312392225864],[0.994856704345161],20,0.012225003852320776
3114,-0.009199347950517793,0.0,4,10000,[118.6213207296033],[2072.1312392225864],[0.994856704345161],20,0.012225003852320776
3115,0.005425952963416606,0.0,4,10000,[118.6213207296033],[2072.1312392225864],[0.994856704345161],20,0.012225003852320776
3116,0.003197979041884906,0.0,4,10000,[118.6213207296033],[2072.1312392225864],[0.994856704345161],20,0.012225003852320776
3117,0.0008119686834736175,0.0,4,10000,[118.6213207296033],[2072.1312392225864],[0.994856704345161],20,0.012225003852320776
3118,-0.02740377009486502,0.0,4,10000,[118.6213207296033],[2072.1312392225864],[0.994856704345161],20,0.012225003852320776
3119,0.015315053513707218,0.0,4,10000,[118.6213207296033],[2072.1312392225864],[0.994856704345161],20,0.012225003852320776
3120,-0.015593960273016797,0.0,4,10000,[118.6213207296033],[2072.1312392225864],[0.994856704345161],20,0.012225003852320776
3121,0.007057875141519021,0.0,4,10000,[118.6213207296033],[2072.1312392225864],[0.994856704345161],20,0.012225003852320776
3122,-0.004075252704468492,0.0,4,10000,[118.6213207296033],[2072.1312392225864],[0.994856704345161],20,0.012225003852320776
3123,-0.008770313632144462,0.0,4,10000,[118.6213207296033],[2072.1312392225864],[0.994856704345161],20,0.012225003852320776
3124,-0.017061738501509865,0.0,4,10000,[118.6213207296033],[2072.1312392225864],[0.994856704345161],20,0.012225003852320776
3125,-0.008065222190964038,0.0,4,10000,[118.6213207296033],[2072.1312392225864],[0.994856704345161],20,0.012225003852320776
3126,0.004675660716129374,0.0,4,10000,[118.6213207296033],[2072.1312392225864],[0.994856704345161],20,0.012225003852320776
3127,0.009742345422921347,0.0,4,10000,[118.6213207296033],[2072.1312392225864],[0.994856704345161],20,0.012225003852320776
3128,-0.005944627363041358,0.0,4,10000,[118.6213207296033],[2072.1312392225864],[0.994856704345161],20,0.012225003852320776
3129,0.003302047094723115,0.0,4,10000,[118.6213207296033],[2072.1312392225864],[0.994856704345161],20,0.012225003852320776
3130,-0.015118523181875227,0.0,4,10000,[118.6213207296033],[2072.1312392225864],[0.994856704345161],20,0.012225003852320776
3131,0.014201610529041531,0.0,4,10000,[118.6213207296033],[2072.1312392225864],[0.994856704345161],20,0.012225003852320776
3132,-0.019679574718626233,0.0,4,10000,[118.6213207296033],[2072.1312392225864],[0.994856704345161],20,0.012225003852320776
3133,-0.006746865167923942,0.0,4,10000,[118.6213207296033],[2072.1312392225864],[0.994856704345161],20,0.012225003852320776
3134,-0.0077654779957415316,0.0,4,10000,[118.6213207296033],[2072.1312392225864],[0.994856704345161],20,0.012225003852320776
3135,0.014615455066908459,0.0,4,10000,[118.6213207296033],[2072.1312392225864],[0.994856704345161],20,0.012225003852320776
3136,0.009371105677471313,0.0,4,10000,[118.6213207296033],[2072.1312392225864],[0.994856704345161],20,0.012225003852320776
3137,-0.014632696736143341,0.0,4,10000,[118.6213207296033],[2072.1312392225864],[0.994856704345161],20,0.012225003852320776
3138,0.011205719097752826,0.0,4,10000,[118.6213207296033],[2072.1312392225864],[0.994856704345161],20,0.012225003852320776
3139,0.002337521855967424,0.0,4,10000,[118.6213207296033],[2072.1312392225864],[0.994856704345161],20,0.012225003852320776
3140,-0.011905121433135837,0.0,4,10000,[118.6213207296033],[2072.1312392225864],[0.994856704345161],20,0.012225003852320776
3141,0.019967441508141698,0.0,4,10000,[118.6213207296033],[2072.1312392225864],[0.994856704345161],20,0.012225003852320776
3142,0.005589942853032517,0.0,4,10000,[118.6213207296033],[2072.1312392225864],[0.994856704345161],20,0.012225003852320776
3143,-0.0045599244244829765,0.0,4,10000,[118.6213207296033],[2072.1312392225864],[0.994856704345161],20,0.012225003852320776
3144,0.008270963289633584,0.0,4,10000,[118.6213207296033],[2072.1312392225864],[0.994856704345161],20,0.012225003852320776
3145,-0.01664024565769589,0.0,4,10000,[118.6213207296033],[2072.1312392225864],[0.994856704345161],20,0.012225003852320776
3146,-0.0054824946581051815,0.0,4,10000,[118.6213207296033],[2072.1312392225864],[0.994856704345161],20,0.012225003852320776
3147,0.002186473624853599,0.0,4,10000,[118.6213207296033],[2072.1312392225864],[0.994856704345161],20,0.012225003852320776
3148,0.0050605749179372,0.0,4,10000,[118.6213207296033],[2072.1312392225864],[0.994856704345161],20,0.012225003852320776
3149,0.0042829388487344,0.0,4,10000,[118.6213207296033],[2072.1312392225864],[0.994856704345161],20,0.012225003852320776
3150,-0.0067396481131472875,0.0,4,10000,[118.6213207296033],[2072.1312392225864],[0.994856704345161],20,0.012225003852320776
3151,-0.00726706572915203,0.0,4,10000,[118.6213207296033],[2072.1312392225864],[0.994856704345161],20,0.012225003852320776
3152,0.007587212497057472,0.0,4,10000,[118.6213207296033],[2072.1312392225864],[0.994856704345161],20,0.012225003852320776
3153,-0.031517640341827864,0.0,4,10000,[118.6213207296033],[2072.1312392225864],[0.994856704345161],20,0.012225003852320776
3154,-0.009081575168326373,0.0,4,10000,[118.6213207296033],[2072.1312392225864],[0.994856704345161],20,0.012225003852320776
3155,-0.017279960457323048,0.0,4,10000,[118.6213207296033],[2072.1312392225864],[0.994856704345161],20,0.012225003852320776
3156,-0.005258546670728237,0.0,4,10000,[118.6213207296033],[2072.1312392225864],[0.994856704345161],20,0.012225003852320776
3157,-0.015139303229178853,0.0,4,10000,[118.6213207296033],[2072.1312392225864],[0.994856704345161],20,0.012225003852320776
3158,-0.015994842494241875,0.0,4,10000,[118.6213207296033],[2072.1312392225864],[0.994856704345161],20,0.012225003852320776
3159,0.007126153298324496,0.0,4,10000,[118.6213207296033],[2072.1312392225864],[0.994856704345161],20,0.012225003852320776
3160,-0.0076629386722260944,0.0,4,10000,[118.6213207296033],[2072.1312392225864],[0.994856704345161],20,0.012225003852320776
3161,0.013262433783869458,0.0,4,10000,[118.6213207296033],[2072.1312392225864],[0.994856704345161],20,0.012225003852320776
3162,0.004561731603579652,0.0,4,10000,[118.6213207296033],[2072.1312392225864],[0.994856704345161],20,0.012225003852320776
3163,-0.0027812658581893054,0.0,4,10000,[118.6213207296033],[2072.1312392225864],[0.994856704345161],20,0.012225003852320776
3164,0.00491412730694325,0.0,4,10000,[118.6213207296033],[2072.1312392225864],[0.994856704345161],20,0.012225003852320776
3165,0.01167204900449516,0.0,4,10000,[118.6213207296033],[2072.1312392225864],[0.994856704345161],20,0.012225003852320776
3166,-0.006684633033466342,0.0,4,10000,[118.6213207296033],[2072.1312392225864],[0.994856704345161],20,0.012225003852320776
3167,-0.0004230515587508821,0.0,4,10000,[118.6213207296033],[2072.1312392225864],[0.994856704345161],20,0.012225003852320776
3168,0.0029422041797687645,0.0,4,10000,[118.6213207296033],[2072.1312392225864],[0.994856704345161],20,0.012225003852320776
3169,-0.018028747881426024,0.0,4,10000,[118.6213207296033],[2072.1312392225864],[0.994856704345161],20,0.012225003852320776
3170,-0.006617901734267634,0.0,4,10000,[118.6213207296033],[2072.1312392225864],[0.994856704345161],20,0.012225003852320776
3171,0.022243566731153668,0.0,4,10000,[118.6213207296033],[2072.1312392225864],[0.994856704345161],20,0.012225003852320776
3172,0.006981979673009011,0.0,4,10000,[118.6213207296033],[2072.1312392225864],[0.994856704345161],20,0.012225003852320776
3173,-0.0035903554877429636,0.0,4,10000,[118.6213207296033],[2072.1312392225864],[0.994856704345161],20,0.012225003852320776
3174,-0.010788295881335612,0.0,4,10000,[118.6213207296033],[2072.1312392225864],[0.994856704345161],20,0.012225003852320776
3175,0.01853600315371093,0.0,4,10000,[118.6213207296033],[2072.1312392225864],[0.994856704345161],20,0.012225003852320776
3176,0.00010900604826066469,0.0,4,10000,[118.6213207296033],[2072.1312392225864],[0.994856704345161],20,0.012225003852320776
3177,0.0019082730619109473,0.0,4,10000,[118.6213207296033],[2072.1312392225864],[0.994856704345161],20,0.012225003852320776
3178,0.008496114617717343,0.0,4,10000,[118.6213207296033],[2072.1312392225864],[0.994856704345161],20,0.012225003852320776
3179,-0.004578373995744883,0.0,4,10000,[118.6213207296033],[2072.1312392225864],[0.994856704345161],20,0.012225003852320776
3180,-0.00749227390930476,0.0,4,10000,[118.6213207296033],[2072.1312392225864],[0.994856704345161],20,0.012225003852320776
3181,-0.0315166776896264,0.0,4,10000,[118.6213207296033],[2072.1312392225864],[0.994856704345161],20,0.012225003852320776
3182,0.006689164259054363,0.0,4,10000,[118.6213207296033],[2072.1312392225864],[0.994856704345161],20,0.012225003852320776
3183,0.012564244868283558,0.0,4,10000,[118.6213207296033],[2072.1312392225864],[0.994856704345161],20,0.012225003852320776
3184,-0.01590161519297693,0.0,4,10000,[118.6213207296033],[2072.1312392225864],[0.994856704345161],20,0.012225003852320776
3185,-0.004281538773391553,0.0,4,10000,[118.6213207296033],[2072.1312392225864],[0.994856704345161],20,0.012225003852320776
3186,0.015376581767757297,0.0,4,10000,[118.6213207296033],[2072.1312392225864],[0.994856704345161],20,0.012225003852320776
3187,0.022661094717875377,0.0,4,10000,[118.6213207296033],[2072.1312392225864],[0.994856704345161],20,0.012225003852320776
3188,0.016072897706856524,0.0,4,10000,[118.6213207296033],[2072.1312392225864],[0.994856704345161],20,0.012225003852320776
3189,-0.01194490596099825,0.0,4,10000,[118.6213207296033],[2072.1312392225864],[0.994856704345161],20,0.012225003852320776
3190,0.005341277155289562,0.0,4,10000,[118.6213207296033],[2072.1312392225864],[0.994856704345161],20,0.012225003852320776
3191,0.007695152115793303,0.0,4,10000,[118.6213207296033],[2072.1312392225864],[0.994856704345161],20,0.012225003852320776
3192,0.0024483874456090373,0.0,4,10000,[118.6213207296033],[2072.1312392225864],[0.994856704345161],20,0.012225003852320776
3193,0.006022111622682418,0.0,4,10000,[118.6213207296033],[2072.1312392225864],[0.994856704345161],20,0.012225003852320776
3194,-0.005429240285785844,0.0,4,10000,[118.6213207296033],[2072.1312392225864],[0.994856704345161],20,0.012225003852320776
3195,-0.004219987423228982,0.0,4,10000,[118.6213207296033],[2072.1312392225864],[0.994856704345161],20,0.012225003852320776
3196,0.005805935163500666,0.0,4,10000,[118.6213207296033],[2072.1312392225864],[0.994856704345161],20,0.012225003852320776
3197,-0.013745847576320405,0.0,4,10000,[118.6213207296033],[2072.1312392225864],[0.994856704345161],20,0.012225003852320776
3198,-0.006502042693241507,0.0,4,10000,[118.6213207296033],[2072.1312392225864],[0.994856704345161],20,0.012225003852320776
3199,-0.002758603716594485,0.0,4,10000,[118.6213207296033],[2072.1312392225864],[0.994856704345161],20,0.012225003852320776
3200,-0.005183963928620732,0.0,4,10000,[118.6213207296033],[2072.1312392225864],[0.994856704345161],20,0.012225003852320776
3201,-0.0053880599710431415,0.0,4,10000,[118.6213207296033],[2072.1312392225864],[0.994856704345161],20,0.012225003852320776
3202,-0.013124213486079991,0.0,4,10000,[118.6213207296033],[2072.1312392225864],[0.994856704345161],20,0.012225003852320776
3203,-0.004863392515110554,0.0,4,10000,[118.6213207296033],[2072.1312392225864],[0.994856704345161],20,0.012225003852320776
3204,-0.013982262488302257,0.0,4,10000,[118.6213207296033],[2072.1312392225864],[0.994856704345161],20,0.012225003852320776
3205,-0.015361596533301894,0.0,4,10000,[118.6213207296033],[2072.1312392225864],[0.994856704345161],20,0.012225003852320776
3206,0.02018383555144223,0.0,4,10000,[118.6213207296033],[2072.1312392225864],[0.994856704345161],20,0.012225003852320776
3207,-0.026427293893420037,0.0,4,10000,[118.6213207296033],[2072.1312392225864],[0.994856704345161],20,0.012225003852320776
3208,-0.0182731151780095,0.0,4,10000,[118.6213207296033],[2072.1312392225864],[0.994856704345161],20,0.012225003852320776
3209,0.023962742146826616,0.0,4,10000,[118.6213207296033],[2072.1312392225864],[0.994856704345161],20,0.012225003852320776
3210,-0.0020237324561303512,0.0,4,10000,[118.6213207296033],[2072.1312392225864],[0.994856704345161],20,0.012225003852320776
3211,0.006908148196163541,0.0,4,10000,[118.6213207296033],[2072.1312392225864],[0.994856704345161],20,0.012225003852320776
3212,0.001520389080930327,0.0,4,10000,[118.6213207296033],[2072.1312392225864],[0.994856704345161],20,0.012225003852320776
3213,0.009883927865385986,0.0,4,10000,[118.6213207296033],[2072.1312392225864],[0.994856704345161],20,0.012225003852320776
3214,0.005807264003579172,0.0,4,10000,[118.6213207296033],[2072.1312392225864],[0.994856704345161],20,0.012225003852320776
3215,-0.010214489569208014,0.0,4,10000,[118.6213207296033],[2072.1312392225864],[0.994856704345161],20,0.012225003852320776
3216,-0.014451098405787394,0.0,4,10000,[118.6213207296033],[2072.1312392225864],[0.994856704345161],20,0.012225003852320776
3217,-0.011153482430626504,0.0,4,10000,[118.6213207296033],[2072.1312392225864],[0.994856704345161],20,0.012225003852320776
3218,0.008888762745800862,0.0,4,10000,[118.6213207296033],[2072.1312392225864],[0.994856704345161],20,0.012225003852320776
3219,0.016366147076326804,0.0,4,10000,[118.6213207296033],[2072.1312392225864],[0.994856704345161],20,0.012225003852320776
3220,-0.004545908329530859,0.0,4,10000,[118.6213207296033],[2072.1312392225864],[0.994856704345161],20,0.012225003852320776
3221,0.009938057009321384,0.0,4,10000,[118.6213207296033],[2072.1312392225864],[0.994856704345161],20,0.012225003852320776
3222,-0.010314927732284828,0.0,4,10000,[118.6213207296033],[2072.1312392225864],[0.994856704345161],20,0.012225003852320776
3223,0.0018927311473435785,0.0,4,10000,[118.6213207296033],[2072.1312392225864],[0.994856704345161],20,0.012225003852320776
3224,0.012387097250993157,0.0,4,10000,[118.6213207296033],[2072.1312392225864],[0.994856704345161],20,0.012225003852320776
3225,0.007027990448611081,0.0,4,10000,[118.6213207296033],[2072.1312392225864],[0.994856704345161],20,0.012225003852320776
3226,0.007507730168005247,0.0,4,10000,[118.6213207296033],[2072.1312392225864],[0.994856704345161],20,0.012225003852320776
3227,-0.004227247613408328,0.0,4,10000,[118.6213207296033],[2072.1312392225864],[0.994856704345161],20,0.012225003852320776
3228,-0.013165287224681495,0.0,4,10000,[118.6213207296033],[2072.1312392225864],[0.994856704345161],20,0.012225003852320776
3229,0.009110754738313933,0.0,4,10000,[118.6213207296033],[2072.1312392225864],[0.994856704345161],20,0.012225003852320776
3230,0.012140575719106953,0.0,4,10000,[118.6213207296033],[2072.1312392225864],[0.994856704345161],20,0.012225003852320776
3231,-0.00641585429105456,0.0,4,10000,[118.6213207296033],[2072.1312392225864],[0.994856704345161],20,0.012225003852320776
3232,0.007406897030457891,0.0,4,10000,[118.6213207296033],[2072.1312392225864],[0.994856704345161],20,0.012225003852320776
3233,0.008222803011976823,0.0,4,10000,[118.6213207296033],[2072.1312392225864],[0.994856704345161],20,0.012225003852320776
3234,0.005093423518369798,0.0,4,10000,[118.6213207296033],[2072.1312392225864],[0.994856704345161],20,0.012225003852320776
3235,-0.005922649797765639,0.0,4,10000,[118.6213207296033],[2072.1312392225864],[0.994856704345161],20,0.012225003852320776
3236,0.0012764411940276975,0.0,4,10000,[118.6213207296033],[2072.1312392225864],[0.994856704345161],20,0.012225003852320776
3237,-0.007140143484023211,0.0,4,10000,[118.6213207296033],[2072.1312392225864],[0.994856704345161],20,0.012225003852320776
3238,-0.009130941477418813,0.0,4,10000,[118.6213207296033],[2072.1312392225864],[0.994856704345161],20,0.012225003852320776
3239,0.0031623917684254137,0.0,4,10000,[118.6213207296033],[2072.1312392225864],[0.994856704345161],20,0.012225003852320776
3240,0.009038107571445964,0.0,4,10000,[118.6213207296033],[2072.1312392225864],[0.994856704345161],20,0.012225003852320776
3241,0.004399272551035961,0.0,4,10000,[118.6213207296033],[2072.1312392225864],[0.994856704345161],20,0.012225003852320776
3242,-0.011276020913107027,0.0,4,10000,[118.6213207296033],[2072.1312392225864],[0.994856704345161],20,0.012225003852320776
3243,-0.008998311056763157,0.0,4,10000,[118.6213207296033],[2072.1312392225864],[0.994856704345161],20,0.012225003852320776
3244,-0.006591631550315483,0.0,4,10000,[118.6213207296033],[2072.1312392225864],[0.994856704345161],20,0.012225003852320776
3245,0.0019924494943068718,0.0,4,10000,[118.6213207296033],[2072.1312392225864],[0.994856704345161],20,0.012225003852320776
3246,-0.0009043717942784829,0.0,4,10000,[118.6213207296033],[2072.1312392225864],[0.994856704345161],20,0.012225003852320776
3247,-0.008785738152821345,0.0,4,10000,[118.6213207296033],[2072.1312392225864],[0.994856704345161],20,0.012225003852320776
3248,-0.006916784256265648,0.0,4,10000,[118.6213207296033],[2072.1312392225864],[0.994856704345161],20,0.012225003852320776
3249,0.02802594303729037,0.0,4,10000,[118.6213207296033],[2072.1312392225864],[0.994856704345161],20,0.012225003852320776
3250,0.01044055043817596,0.0,4,10000,[118.6213207296033],[2072.1312392225864],[0.994856704345161],20,0.012225003852320776
3251,0.008471767953370068,0.0,4,10000,[118.6213207296033],[2072.1312392225864],[0.994856704345161],20,0.012225003852320776
3252,0.0014639145088284156,0.0,4,10000,[118.6213207296033],[2072.1312392225864],[0.994856704345161],20,0.012225003852320776
3253,-0.008314399243008003,0.0,4,10000,[118.6213207296033],[2072.1312392225864],[0.994856704345161],20,0.012225003852320776
3254,-0.0007875716187016167,0.0,4,10000,[118.6213207296033],[2072.1312392225864],[0.994856704345161],20,0.012225003852320776
3255,0.0064786048358362125,0.0,4,10000,[118.6213207296033],[2072.1312392225864],[0.994856704345161],20,0.012225003852320776
3256,-1.0193835306463714,-0.994856704345161,4,10000,[118.6213207296033],[2072.1312392225864],[0.994856704345161],20,0.012225003852320776
3257,-0.9904944712301132,-0.994856704345161,4,10000,[118.6213207296033],[2072.1312392225864],[0.994856704345161],20,0.012225003852320776
3258,-1.0201940653564185,-0.994856704345161,4,10000,[118.6213207296033],[2072.1312392225864],[0.994856704345161],20,0.012225003852320776
3259,-0.9982194660917767,-0.994856704345161,4,10000,[118.6213207296033],[2072.1312392225864],[0.994856704345161],20,0.012225003852320776
3260,-1.0036057858348577,-0.994856704345161,4,10000,[118.6213207296033],[2072.1312392225864],[0.994856704345161],20,0.012225003852320776
3261,-0.9823320516004048,-0.994856704345161,4,10000,[118.6213207296033],[2072.1312392225864],[0.994856704345161],20,0.012225003852320776
3262,-0.9889058787798972,-0.994856704345161,4,10000,[118.6213207296033],[2072.1312392225864],[0.994856704345161],20,0.012225003852320776
3263,-1.007752374652526,-0.994856704345161,4,10000,[118.6213207296033],[2072.1312392225864],[0.994856704345161],20,0.012225003852320776
3264,-1.001682821817824,-0.994856704345161,4,10000,[118.6213207296033],[2072.1312392225864],[0.994856704345161],20,0.012225003852320776
3265,-0.997298865133736,-0.994856704345161,4,10000,[118.6213207296033],[2072.1312392225864],[0.994856704345161],20,0.012225003852320776
3266,-1.0039546404429038,-0.994856704345161,4,10000,[118.6213207296033],[2072.1312392225864],[0.994856704345161],20,0.012225003852320776
3267,-1.0111845141374611,-0.994856704345161,4,10000,[118.6213207296033],[2072.1312392225864],[0.994856704345161],20,0.012225003852320776
3268,-0.9792367879814786,-0.994856704345161,4,10000,[118.6213207296033],[2072.1312392225864],[0.994856704345161],20,0.012225003852320776
3269,-1.0187910569487382,-0.994856704345161,4,10000,[118.6213207296033],[2072.1312392225864],[0.994856704345161],20,0.012225003852320776
3270,-1.000825365505072,-0.994856704345161,4,10000,[118.6213207296033],[2072.1312392225864],[0.994856704345161],20,0.012225003852320776
3271,-0.9918463640111826,-0.994856704345161,4,10000,[118.6213207296033],[2072.1312392225864],[0.994856704345161],20,0.012225003852320776
3272,-0.9913208590561259,-0.994856704345161,4,10000,[118.6213207296033],[2072.1312392225864],[0.994856704345161],20,0.012225003852320776
3273,-1.0091413063918646,-0.994856704345161,4,10000,[118.6213207296033],[2072.1312392225864],[0.994856704345161],20,0.012225003852320776
3274,-1.011149164279312,-0.994856704345161,4,10000,[118.6213207296033],[2072.1312392225864],[0.994856704345161],20,0.012225003852320776
3275,-0.9986196151981633,-0.994856704345161,4,10000,[118.6213207296033],[2072.1312392225864],[0.994856704345161],20,0.012225003852320776
3276,-1.005459783218006,-0.994856704345161,4,10000,[118.6213207296033],[2072.1312392225864],[0.994856704345161],20,0.012225003852320776
3277,-1.0166054798438764,-0.994856704345161,4,10000,[118.6213207296033],[2072.1312392225864],[0.994856704345161],20,0.012225003852320776
3278,-1.0114455411775214,-0.994856704345161,4,10000,[118.6213207296033],[2072.1312392225864],[0.994856704345161],20,0.012225003852320776
3279,-1.0006150874026587,-0.994856704345161,4,10000,[118.6213207296033],[2072.1312392225864],[0.994856704345161],20,0.012225003852320776
3280,-1.0076073874789204,-0.994856704345161,4,10000,[118.6213207296033],[2072.1312392225864],[0.994856704345161],20,0.012225003852320776
3281,-0.9950049578033965,-0.994856704345161,4,10000,[118.6213207296033],[2072.1312392225864],[0.994856704345161],20,0.012225003852320776
3282,-1.0048116018717712,-0.994856704345161,4,10000,[118.6213207296033],[2072.1312392225864],[0.994856704345161],20,0.012225003852320776
3283,-1.0280856069197553,-0.994856704345161,4,10000,[118.6213207296033],[2072.1312392225864],[0.994856704345161],20,0.012225003852320776
3284,-1.0240097128148917,-0.994856704345161,4,10000,[118.6213207296033],[2072.1312392225864],[0.994856704345161],20,0.012225003852320776
3285,-0.9806336349224705,-0.994856704345161,4,10000,[118.6213207296033],[2072.1312392225864],[0.994856704345161],20,0.012225003852320776
3286,-1.0038489101038133,-0.994856704345161,4,10000,[118.6213207296033],[2072.1312392225864],[0.994856704345161],20,0.012225003852320776
3287,-0.9982919835191175,-0.994856704345161,4,10000,[118.6213207296033],[2072.1312392225864],[0.994856704345161],20,0.012225003852320776
3288,-1.0058990703675348,-0.994856704345161,4,10000,[118.6213207296033],[2072.1312392225864],[0.994856704345161],20,0.012225003852320776
3289,-0.9947443581065916,-0.994856704345161,4,10000,[118.6213207296033],[2072.1312392225864],[0.994856704345161],20,0.012225003852320776
3290,-0.9958216977412992,-0.994856704345161,4,10000,[118.6213207296033],[2072.1312392225864],[0.994856704345161],20,0.012225003852320776
3291,-0.9944482049642163,-0.994856704345161,4,10000,[118.6213207296033],[2072.1312392225864],[0.994856704345161],20,0.012225003852320776
3292,-1.003239324277801,-0.994856704345161,4,10000,[118.6213207296033],[2072.1312392225864],[0.994856704345161],20,0.012225003852320776
3293,-0.9892608223173547,-0.994856704345161,4,10000,[118.6213207296033],[2072.1312392225864],[0.994856704345161],20,0.012225003852320776
3294,-0.9829604077115447,-0.994856704345161,4,10000,[118.6213207296033],[2072.1312392225864],[0.994856704345161],20,0.012225003852320776
3295,-1.0184231580230927,-0.994856704345161,4,10000,[118.6213207296033],[2072.1312392225864],[0.994856704345161],20,0.012225003852320776
3296,-0.9886394412099208,-0.994856704345161,4,10000,[118.6213207296033],[2072.1312392225864],[0.994856704345161],20,0.012225003852320776
3297,-1.0048252017746433,-0.994856704345161,4,10000,[118.6213207296033],[2072.1312392225864],[0.994856704345161],20,0.012225003852320776
3298,-0.9957687669354717,-0.994856704345161,4,10000,[118.6213207296033],[2072.1312392225864],[0.994856704345161],20,0.012225003852320776
3299,-0.9937425287405479,-0.994856704345161,4,10000,[118.6213207296033],[2072.1312392225864],[0.994856704345161],20,0.012225003852320776
3300,-1.0104379434259365,-0.994856704345161,4,10000,[118.6213207296033],[2072.1312392225864],[0.994856704345161],20,0.012225003852320776
3301,-0.990803705063417,-0.994856704345161,4,10000,[118.6213207296033],[2072.1312392225864],[0.994856704345161],20,0.012225003852320776
3302,-1.0009529934463517,-0.994856704345161,4,10000,[118.6213207296033],[2072.1312392225864],[0.994856704345161],20,0.012225003852320776
3303,-0.9798495680101346,-0.994856704345161,4,10000,[118.6213207296033],[2072.1312392225864],[0.994856704345161],20,0.012225003852320776
3304,-0.9993582042083049,-0.994856704345161,4,10000,[118.6213207296033],[2072.1312392225864],[0.994856704345161],20,0.012225003852320776
3305,-1.002947375826466,-0.994856704345161,4,10000,[118.6213207296033],[2072.1312392225864],[0.994856704345161],20,0.012225003852320776
3306,-1.0012154427443911,-0.994856704345161,4,10000,[118.6213207296033],[2072.1312392225864],[0.994856704345161],20,0.012225003852320776
3307,-1.0035100557528447,-0.994856704345161,4,10000,[118.6213207296033],[2072.1312392225864],[0.994856704345161],20,0.012225003852320776
3308,-0.9801597110503586,-0.994856704345161,4,10000,[118.6213207296033],[2072.1312392225864],[0.994856704345161],20,0.012225003852320776
3309,0.01070790513554571,0.0,4,10000,[118.6213207296033],[2072.1312392225864],[0.994856704345161],20,0.012225003852320776
3310,0.0034012802746405005,0.0,4,10000,[118.6213207296033],[2072.1312392225864],[0.994856704345161],20,0.012225003852320776
3311,-0.011683884573783814,0.0,4,10000,[118.6213207296033],[2072.1312392225864],[0.994856704345161],20,0.012225003852320776
3312,0.01212215908977656,0.0,4,10000,[118.6213207296033],[2072.1312392225864],[0.994856704345161],20,0.012225003852320776
3313,0.0010413881615357868,0.0,4,10000,[118.6213207296033],[2072.1312392225864],[0.994856704345161],20,0.012225003852320776
3314,-0.023563719041551183,0.0,4,10000,[118.6213207296033],[2072.1312392225864],[0.994856704345161],20,0.012225003852320776
3315,0.005597585908035466,0.0,4,10000,[118.6213207296033],[2072.1312392225864],[0.994856704345161],20,0.012225003852320776
3316,0.01882296395266258,0.0,4,10000,[118.6213207296033],[2072.1312392225864],[0.994856704345161],20,0.012225003852320776
3317,0.005851672969015571,0.0,4,10000,[118.6213207296033],[2072.1312392225864],[0.994856704345161],20,0.012225003852320776
3318,0.01863834245771885,0.0,4,10000,[118.6213207296033],[2072.1312392225864],[0.994856704345161],20,0.012225003852320776
3319,-0.016508112379253426,0.0,4,10000,[118.6213207296033],[2072.1312392225864],[0.994856704345161],20,0.012225003852320776
3320,-0.026155020649594466,0.0,4,10000,[118.6213207296033],[2072.1312392225864],[0.994856704345161],20,0.012225003852320776
3321,0.00350757311374297,0.0,4,10000,[118.6213207296033],[2072.1312392225864],[0.994856704345161],20,0.012225003852320776
3322,-0.009587860378746198,0.0,4,10000,[118.6213207296033],[2072.1312392225864],[0.994856704345161],20,0.012225003852320776
3323,0.006675974487099728,0.0,4,10000,[118.6213207296033],[2072.1312392225864],[0.994856704345161],20,0.012225003852320776
3324,0.0013285502330929178,0.0,4,10000,[118.6213207296033],[2072.1312392225864],[0.994856704345161],20,0.012225003852320776
3325,0.014630837795517352,0.0,4,10000,[118.6213207296033],[2072.1312392225864],[0.994856704345161],20,0.012225003852320776
3326,-0.01800897681308181,0.0,4,10000,[118.6213207296033],[2072.1312392225864],[0.994856704345161],20,0.012225003852320776
3327,0.025290078667226094,0.0,4,10000,[118.6213207296033],[2072.1312392225864],[0.994856704345161],20,0.012225003852320776
3328,0.005715955808074104,0.0,4,10000,[118.6213207296033],[2072.1312392225864],[0.994856704345161],20,0.012225003852320776
3329,-0.0015888678988292752,0.0,4,10000,[118.6213207296033],[2072.1312392225864],[0.994856704345161],20,0.012225003852320776
3330,-0.012192977118726002,0.0,4,10000,[118.6213207296033],[2072.1312392225864],[0.994856704345161],20,0.012225003852320776
3331,-0.01901789743918731,0.0,4,10000,[118.6213207296033],[2072.1312392225864],[0.994856704345161],20,0.012225003852320776
3332,-0.00710133750423078,0.0,4,10000,[118.6213207296033],[2072.1312392225864],[0.994856704345161],20,0.012225003852320776
3333,-0.004798106198134934,0.0,4,10000,[118.6213207296033],[2072.1312392225864],[0.994856704345161],20,0.012225003852320776
3334,0.0029880156471430203,0.0,4,10000,[118.6213207296033],[2072.1312392225864],[0.994856704345161],20,0.012225003852320776
3335,-0.003754311781233244,0.0,4,10000,[118.6213207296033],[2072.1312392225864],[0.994856704345161],20,0.012225003852320776
3336,-0.015408552198874683,0.0,4,10000,[118.6213207296033],[2072.1312392225864],[0.994856704345161],20,0.012225003852320776
3337,-0.005978534219117103,0.0,4,10000,[118.6213207296033],[2072.1312392225864],[0.994856704345161],20,0.012225003852320776
3338,-0.015045679631089728,0.0,4,10000,[118.6213207296033],[2072.1312392225864],[0.994856704345161],20,0.012225003852320776
3339,0.023329085886749264,0.0,4,10000,[118.6213207296033],[2072.1312392225864],[0.994856704345161],20,0.012225003852320776
3340,0.007633471568677956,0.0,4,10000,[118.6213207296033],[2072.1312392225864],[0.994856704345161],20,0.012225003852320776
3341,-0.0071268295943925745,0.0,4,10000,[118.6213207296033],[2072.1312392225864],[0.994856704345161],20,0.012225003852320776
3342,0.010554238285523548,0.0,4,10000,[118.6213207296033],[2072.1312392225864],[0.994856704345161],20,0.012225003852320776
3343,-0.01932752327251186,0.0,4,10000,[118.6213207296033],[2072.1312392225864],[0.994856704345161],20,0.012225003852320776
3344,0.003083920132761813,0.0,4,10000,[118.6213207296033],[2072.1312392225864],[0.994856704345161],20,0.012225003852320776
3345,-0.015811699159921613,0.0,4,10000,[118.6213207296033],[2072.1312392225864],[0.994856704345161],20,0.012225003852320776
3346,-0.008166813555772952,0.0,4,10000,[118.6213207296033],[2072.1312392225864],[0.994856704345161],20,0.012225003852320776
3347,0.01500583512202991,0.0,4,10000,[118.6213207296033],[2072.1312392225864],[0.994856704345161],20,0.012225003852320776
3348,-0.0013285252966687693,0.0,4,10000,[118.6213207296033],[2072.1312392225864],[0.994856704345161],20,0.012225003852320776
3349,0.021535766003865815,0.0,4,10000,[118.6213207296033],[2072.1312392225864],[0.994856704345161],20,0.012225003852320776
3350,0.01609810909003532,0.0,4,10000,[118.6213207296033],[2072.1312392225864],[0.994856704345161],20,0.012225003852320776
3351,-0.01694852912764849,0.0,4,10000,[118.6213207296033],[2072.1312392225864],[0.994856704345161],20,0.012225003852320776
3352,-0.012122983673817323,0.0,4,10000,[118.6213207296033],[2072.1312392225864],[0.994856704345161],20,0.012225003852320776
3353,0.01510183000904108,0.0,4,10000,[118.6213207296033],[2072.1312392225864],[0.994856704345161],20,0.012225003852320776
3354,0.01591073609753626,0.0,4,10000,[118.6213207296033],[2072.1312392225864],[0.994856704345161],20,0.012225003852320776
3355,-0.005929773118852055,0.0,4,10000,[118.6213207296033],[2072.1312392225864],[0.994856704345161],20,0.012225003852320776
3356,0.01366667794453119,0.0,4,10000,[118.6213207296033],[2072.1312392225864],[0.994856704345161],20,0.012225003852320776
3357,-0.014408764221682151,0.0,4,10000,[118.6213207296033],[2072.1312392225864],[0.994856704345161],20,0.012225003852320776
3358,-0.007012750458429088,0.0,4,10000,[118.6213207296033],[2072.1312392225864],[0.994856704345161],20,0.012225003852320776
3359,0.006808695052541269,0.0,4,10000,[118.6213207296033],[2072.1312392225864],[0.994856704345161],20,0.012225003852320776
3360,-0.013270710472326629,0.0,4,10000,[118.6213207296033],[2072.1312392225864],[0.994856704345161],20,0.012225003852320776
3361,0.01138801244116345,0.0,4,10000,[118.6213207296033],[2072.1312392225864],[0.994856704345161],20,0.012225003852320776
3362,-0.022452558736182182,0.0,4,10000,[118.6213207296033],[2072.1312392225864],[0.994856704345161],20,0.012225003852320776
3363,-0.00459056901445826,0.0,4,10000,[118.6213207296033],[2072.1312392225864],[0.994856704345161],20,0.012225003852320776
3364,0.021636665736703708,0.0,4,10000,[118.6213207296033],[2072.1312392225864],[0.994856704345161],20,0.012225003852320776
3365,-0.004756236536452358,0.0,4,10000,[118.6213207296033],[2072.1312392225864],[0.994856704345161],20,0.012225003852320776
3366,0.012819175791975777,0.0,4,10000,[118.6213207296033],[2072.1312392225864],[0.994856704345161],20,0.012225003852320776
3367,0.005464065954636444,0.0,4,10000,[118.6213207296033],[2072.1312392225864],[0.994856704345161],20,0.012225003852320776
3368,-0.009166435421415228,0.0,4,10000,[118.6213207296033],[2072.1312392225864],[0.994856704345161],20,0.012225003852320776
3369,0.0020914865806213687,0.0,4,10000,[118.6213207296033],[2072.1312392225864],[0.994856704345161],20,0.012225003852320776
3370,-0.00648378316096288,0.0,4,10000,[118.6213207296033],[2072.1312392225864],[0.994856704345161],20,0.012225003852320776
3371,-0.0023020895378277127,0.0,4,10000,[118.6213207296033],[2072.1312392225864],[0.994856704345161],20,0.012225003852320776
3372,0.011186830759630562,0.0,4,10000,[118.6213207296033],[2072.1312392225864],[0.994856704345161],20,0.012225003852320776
3373,0.01779695656969598,0.0,4,10000,[118.6213207296033],[2072.1312392225864],[0.994856704345161],20,0.012225003852320776
3374,-0.009345113932834603,0.0,4,10000,[118.6213207296033],[2072.1312392225864],[0.994856704345161],20,0.012225003852320776
3375,0.01932450004758141,0.0,4,10000,[118.6213207296033],[2072.1312392225864],[0.994856704345161],20,0.012225003852320776
3376,-0.001461980063198058,0.0,4,10000,[118.6213207296033],[2072.1312392225864],[0.994856704345161],20,0.012225003852320776
3377,-0.0013314058949918158,0.0,4,10000,[118.6213207296033],[2072.1312392225864],[0.994856704345161],20,0.012225003852320776
3378,0.006138153971822075,0.0,4,10000,[118.6213207296033],[2072.1312392225864],[0.994856704345161],20,0.012225003852320776
3379,-0.008670743893572329,0.0,4,10000,[118.6213207296033],[2072.1312392225864],[0.994856704345161],20,0.012225003852320776
3380,-0.0018498795720719428,0.0,4,10000,[118.6213207296033],[2072.1312392225864],[0.994856704345161],20,0.012225003852320776
3381,-0.024538577845586496,0.0,4,10000,[118.6213207296033],[2072.1312392225864],[0.994856704345161],20,0.012225003852320776
3382,0.01493020420997975,0.0,4,10000,[118.6213207296033],[2072.1312392225864],[0.994856704345161],20,0.012225003852320776
3383,0.00046472209048606,0.0,4,10000,[118.6213207296033],[2072.1312392225864],[0.994856704345161],20,0.012225003852320776
3384,0.00888245100936319,0.0,4,10000,[118.6213207296033],[2072.1312392225864],[0.994856704345161],20,0.012225003852320776
3385,-0.02410289107550501,0.0,4,10000,[118.6213207296033],[2072.1312392225864],[0.994856704345161],20,0.012225003852320776
3386,0.005609085169621354,0.0,4,10000,[118.6213207296033],[2072.1312392225864],[0.994856704345161],20,0.012225003852320776
3387,-0.010352275164852986,0.0,4,10000,[118.6213207296033],[2072.1312392225864],[0.994856704345161],20,0.012225003852320776
3388,-0.009855371270026229,0.0,4,10000,[118.6213207296033],[2072.1312392225864],[0.994856704345161],20,0.012225003852320776
3389,-0.0017240760969334304,0.0,4,10000,[118.6213207296033],[2072.1312392225864],[0.994856704345161],20,0.012225003852320776
3390,0.012640771309172424,0.0,4,10000,[118.6213207296033],[2072.1312392225864],[0.994856704345161],20,0.012225003852320776
3391,-0.007174438276855069,0.0,4,10000,[118.6213207296033],[2072.1312392225864],[0.994856704345161],20,0.012225003852320776
3392,-0.019024621644077457,0.0,4,10000,[118.6213207296033],[2072.1312392225864],[0.994856704345161],20,0.012225003852320776
3393,0.007693446807858657,0.0,4,10000,[118.6213207296033],[2072.1312392225864],[0.994856704345161],20,0.012225003852320776
3394,-0.004126754500992378,0.0,4,10000,[118.6213207296033],[2072.1312392225864],[0.994856704345161],20,0.012225003852320776
3395,-0.0008224463283021264,0.0,4,10000,[118.6213207296033],[2072.1312392225864],[0.994856704345161],20,0.012225003852320776
3396,0.009955666876022928,0.0,4,10000,[118.6213207296033],[2072.1312392225864],[0.994856704345161],20,0.012225003852320776
3397,0.0022658343790169064,0.0,4,10000,[118.6213207296033],[2072.1312392225864],[0.994856704345161],20,0.012225003852320776
3398,-0.01136902716973618,0.0,4,10000,[118.6213207296033],[2072.1312392225864],[0.994856704345161],20,0.012225003852320776
3399,0.010142096091393556,0.0,4,10000,[118.6213207296033],[2072.1312392225864],[0.994856704345161],20,0.012225003852320776
3400,0.0013010963390457137,0.0,4,10000,[118.6213207296033],[2072.1312392225864],[0.994856704345161],20,0.012225003852320776
3401,-0.0003724072981750175,0.0,4,10000,[118.6213207296033],[2072.1312392225864],[0.994856704345161],20,0.012225003852320776
3402,-0.011160116119213748,0.0,4,10000,[118.6213207296033],[2072.1312392225864],[0.994856704345161],20,0.012225003852320776
3403,-0.0031549655622097276,0.0,4,10000,[118.6213207296033],[2072.1312392225864],[0.994856704345161],20,0.012225003852320776
3404,-0.004205540450605999,0.0,4,10000,[118.6213207296033],[2072.1312392225864],[0.994856704345161],20,0.012225003852320776
3405,0.02947448952919619,0.0,4,10000,[118.6213207296033],[2072.1312392225864],[0.994856704345161],20,0.012225003852320776
3406,-0.004833584925489831,0.0,4,10000,[118.6213207296033],[2072.1312392225864],[0.994856704345161],20,0.012225003852320776
3407,0.011428989436001081,0.0,4,10000,[118.6213207296033],[2072.1312392225864],[0.994856704345161],20,0.012225003852320776
3408,-0.002961946466380158,0.0,4,10000,[118.6213207296033],[2072.1312392225864],[0.994856704345161],20,0.012225003852320776
3409,0.022328685297174362,0.0,4,10000,[118.6213207296033],[2072.1312392225864],[0.994856704345161],20,0.012225003852320776
3410,0.022698657517184997,0.0,4,10000,[118.6213207296033],[2072.1312392225864],[0.994856704345161],20,0.012225003852320776
3411,-0.013872840466301191,0.0,4,10000,[118.6213207296033],[2072.1312392225864],[0.994856704345161],20,0.012225003852320776
3412,-0.01596106822733779,0.0,4,10000,[118.6213207296033],[2072.1312392225864],[0.994856704345161],20,0.012225003852320776
3413,-0.004004810134315443,0.0,4,10000,[118.6213207296033],[2072.1312392225864],[0.994856704345161],20,0.012225003852320776
3414,0.003713523300296153,0.0,4,10000,[118.6213207296033],[2072.1312392225864],[0.994856704345161],20,0.012225003852320776
3415,0.010190623930678058,0.0,4,10000,[118.6213207296033],[2072.1312392225864],[0.994856704345161],20,0.012225003852320776
3416,0.0012563599586262726,0.0,4,10000,[118.6213207296033],[2072.1312392225864],[0.994856704345161],20,0.012225003852320776
3417,-0.011933001093356087,0.0,4,10000,[118.6213207296033],[2072.1312392225864],[0.994856704345161],20,0.012225003852320776
3418,-0.019799455815370327,0.0,4,10000,[118.6213207296033],[2072.1312392225864],[0.994856704345161],20,0.012225003852320776
3419,-0.003655584434240606,0.0,4,10000,[118.6213207296033],[2072.1312392225864],[0.994856704345161],20,0.012225003852320776
3420,-0.00612874434791914,0.0,4,10000,[118.6213207296033],[2072.1312392225864],[0.994856704345161],20,0.012225003852320776
3421,-0.004484437173425841,0.0,4,10000,[118.6213207296033],[2072.1312392225864],[0.994856704345161],20,0.012225003852320776
3422,0.010584338837721172,0.0,4,10000,[118.6213207296033],[2072.1312392225864],[0.994856704345161],20,0.012225003852320776
3423,0.014926395969735618,0.0,4,10000,[118.6213207296033],[2072.1312392225864],[0.994856704345161],20,0.012225003852320776
3424,-0.008638007408177469,0.0,4,10000,[118.6213207296033],[2072.1312392225864],[0.994856704345161],20,0.012225003852320776
3425,-0.009099854537224346,0.0,4,10000,[118.6213207296033],[2072.1312392225864],[0.994856704345161],20,0.012225003852320776
3426,0.0053271487602444,0.0,4,10000,[118.6213207296033],[2072.1312392225864],[0.994856704345161],20,0.012225003852320776
3427,0.02399043356293023,0.0,4,10000,[118.6213207296033],[2072.1312392225864],[0.994856704345161],20,0.012225003852320776
3428,0.008790188258806448,0.0,4,10000,[118.6213207296033],[2072.1312392225864],[0.994856704345161],20,0.012225003852320776
3429,0.013133702287641193,0.0,4,10000,[118.6213207296033],[2072.1312392225864],[0.994856704345161],20,0.012225003852320776
3430,-0.010530309775001107,0.0,4,10000,[118.6213207296033],[2072.1312392225864],[0.994856704345161],20,0.012225003852320776
3431,-0.006475981914916797,0.0,4,10000,[118.6213207296033],[2072.1312392225864],[0.994856704345161],20,0.012225003852320776
3432,0.004153392720403132,0.0,4,10000,[118.6213207296033],[2072.1312392225864],[0.994856704345161],20,0.012225003852320776
3433,-0.004601373704648786,0.0,4,10000,[118.6213207296033],[2072.1312392225864],[0.994856704345161],20,0.012225003852320776
3434,0.001422468677840591,0.0,4,10000,[118.6213207296033],[2072.1312392225864],[0.994856704345161],20,0.012225003852320776
3435,0.008337949142216684,0.0,4,10000,[118.6213207296033],[2072.1312392225864],[0.994856704345161],20,0.012225003852320776
3436,-0.026143835341436637,0.0,4,10000,[118.6213207296033],[2072.1312392225864],[0.994856704345161],20,0.012225003852320776
3437,0.014765328591011146,0.0,4,10000,[118.6213207296033],[2072.1312392225864],[0.994856704345161],20,0.012225003852320776
3438,-0.01292874325679225,0.0,4,10000,[118.6213207296033],[2072.1312392225864],[0.994856704345161],20,0.012225003852320776
3439,0.002933797850256557,0.0,4,10000,[118.6213207296033],[2072.1312392225864],[0.994856704345161],20,0.012225003852320776
3440,-0.01254510822884472,0.0,4,10000,[118.6213207296033],[2072.1312392225864],[0.994856704345161],20,0.012225003852320776
3441,0.004404860622684972,0.0,4,10000,[118.6213207296033],[2072.1312392225864],[0.994856704345161],20,0.012225003852320776
3442,0.007453776457068519,0.0,4,10000,[118.6213207296033],[2072.1312392225864],[0.994856704345161],20,0.012225003852320776
3443,0.006601531610657652,0.0,4,10000,[118.6213207296033],[2072.1312392225864],[0.994856704345161],20,0.012225003852320776
3444,0.0030905791722000272,0.0,4,10000,[118.6213207296033],[2072.1312392225864],[0.994856704345161],20,0.012225003852320776
3445,-0.005923582842344614,0.0,4,10000,[118.6213207296033],[2072.1312392225864],[0.994856704345161],20,0.012225003852320776
3446,-0.017227537361715905,0.0,4,10000,[118.6213207296033],[2072.1312392225864],[0.994856704345161],20,0.012225003852320776
3447,-0.0026716297845260964,0.0,4,10000,[118.6213207296033],[2072.1312392225864],[0.994856704345161],20,0.012225003852320776
3448,-0.01468700615290708,0.0,4,10000,[118.6213207296033],[2072.1312392225864],[0.994856704345161],20,0.012225003852320776
3449,-0.01052318205954166,0.0,4,10000,[118.6213207296033],[2072.1312392225864],[0.994856704345161],20,0.012225003852320776
3450,0.008500153205568156,0.0,4,10000,[118.6213207296033],[2072.1312392225864],[0.994856704345161],20,0.012225003852320776
3451,-0.016432672715284712,0.0,4,10000,[118.6213207296033],[2072.1312392225864],[0.994856704345161],20,0.012225003852320776
3452,0.03185711027264446,0.0,4,10000,[118.6213207296033],[2072.1312392225864],[0.994856704345161],20,0.012225003852320776
3453,-0.004560187558673875,0.0,4,10000,[118.6213207296033],[2072.1312392225864],[0.994856704345161],20,0.012225003852320776
3454,0.006287708664528621,0.0,4,10000,[118.6213207296033],[2072.1312392225864],[0.994856704345161],20,0.012225003852320776
3455,-0.0043818958003731525,0.0,4,10000,[118.6213207296033],[2072.1312392225864],[0.994856704345161],20,0.012225003852320776
3456,-0.006595874592592012,0.0,4,10000,[118.6213207296033],[2072.1312392225864],[0.994856704345161],20,0.012225003852320776
3457,-0.03383447190704442,0.0,4,10000,[118.6213207296033],[2072.1312392225864],[0.994856704345161],20,0.012225003852320776
3458,0.0027313815384048417,0.0,4,10000,[118.6213207296033],[2072.1312392225864],[0.994856704345161],20,0.012225003852320776
3459,-0.0013915492625034246,0.0,4,10000,[118.6213207296033],[2072.1312392225864],[0.994856704345161],20,0.012225003852320776
3460,-0.0006981445448092965,0.0,4,10000,[118.6213207296033],[2072.1312392225864],[0.994856704345161],20,0.012225003852320776
3461,0.004833678260678082,0.0,4,10000,[118.6213207296033],[2072.1312392225864],[0.994856704345161],20,0.012225003852320776
3462,0.027734946846313377,0.0,4,10000,[118.6213207296033],[2072.1312392225864],[0.994856704345161],20,0.012225003852320776
3463,-0.003034732290021731,0.0,4,10000,[118.6213207296033],[2072.1312392225864],[0.994856704345161],20,0.012225003852320776
3464,-0.01251452684679704,0.0,4,10000,[118.6213207296033],[2072.1312392225864],[0.994856704345161],20,0.012225003852320776
3465,-0.005452468980373262,0.0,4,10000,[118.6213207296033],[2072.1312392225864],[0.994856704345161],20,0.012225003852320776
3466,-0.0020382971427610657,0.0,4,10000,[118.6213207296033],[2072.1312392225864],[0.994856704345161],20,0.012225003852320776
3467,-0.009333491123829996,0.0,4,10000,[118.6213207296033],[2072.1312392225864],[0.994856704345161],20,0.012225003852320776
3468,0.002321547145688676,0.0,4,10000,[118.6213207296033],[2072.1312392225864],[0.994856704345161],20,0.012225003852320776
3469,-0.0041951949776229585,0.0,4,10000,[118.6213207296033],[2072.1312392225864],[0.994856704345161],20,0.012225003852320776
3470,0.003515615576229769,0.0,4,10000,[118.6213207296033],[2072.1312392225864],[0.994856704345161],20,0.012225003852320776
3471,0.011381567826649806,0.0,4,10000,[118.6213207296033],[2072.1312392225864],[0.994856704345161],20,0.012225003852320776
3472,0.0015319021418688829,0.0,4,10000,[118.6213207296033],[2072.1312392225864],[0.994856704345161],20,0.012225003852320776
3473,0.016990875261164384,0.0,4,10000,[118.6213207296033],[2072.1312392225864],[0.994856704345161],20,0.012225003852320776
3474,0.008841858970570231,0.0,4,10000,[118.6213207296033],[2072.1312392225864],[0.994856704345161],20,0.012225003852320776
3475,-0.014406764428280027,0.0,4,10000,[118.6213207296033],[2072.1312392225864],[0.994856704345161],20,0.012225003852320776
3476,0.020667565052890906,0.0,4,10000,[118.6213207296033],[2072.1312392225864],[0.994856704345161],20,0.012225003852320776
3477,0.0012662080017056636,0.0,4,10000,[118.6213207296033],[2072.1312392225864],[0.994856704345161],20,0.012225003852320776
3478,0.011507565765442434,0.0,4,10000,[118.6213207296033],[2072.1312392225864],[0.994856704345161],20,0.012225003852320776
3479,0.005040769716150418,0.0,4,10000,[118.6213207296033],[2072.1312392225864],[0.994856704345161],20,0.012225003852320776
3480,-0.028260061063418305,0.0,4,10000,[118.6213207296033],[2072.1312392225864],[0.994856704345161],20,0.012225003852320776
3481,-0.015430780364185246,0.0,4,10000,[118.6213207296033],[2072.1312392225864],[0.994856704345161],20,0.012225003852320776
3482,0.0021980079002949034,0.0,4,10000,[118.6213207296033],[2072.1312392225864],[0.994856704345161],20,0.012225003852320776
3483,0.009601604832212203,0.0,4,10000,[118.6213207296033],[2072.1312392225864],[0.994856704345161],20,0.012225003852320776
3484,-0.0012671043676043112,0.0,4,10000,[118.6213207296033],[2072.1312392225864],[0.994856704345161],20,0.012225003852320776
3485,-0.012966016022501956,0.0,4,10000,[118.6213207296033],[2072.1312392225864],[0.994856704345161],20,0.012225003852320776
3486,0.02578287676201685,0.0,4,10000,[118.6213207296033],[2072.1312392225864],[0.994856704345161],20,0.012225003852320776
3487,-0.008076001646089985,0.0,4,10000,[118.6213207296033],[2072.1312392225864],[0.994856704345161],20,0.012225003852320776
3488,-0.006584115124936126,0.0,4,10000,[118.6213207296033],[2072.1312392225864],[0.994856704345161],20,0.012225003852320776
3489,-0.007261189290730119,0.0,4,10000,[118.6213207296033],[2072.1312392225864],[0.994856704345161],20,0.012225003852320776
3490,-0.006082956627872883,0.0,4,10000,[118.6213207296033],[2072.1312392225864],[0.994856704345161],20,0.012225003852320776
3491,-0.0005875410013808811,0.0,4,10000,[118.6213207296033],[2072.1312392225864],[0.994856704345161],20,0.012225003852320776
3492,0.024318300469682693,0.0,4,10000,[118.6213207296033],[2072.1312392225864],[0.994856704345161],20,0.012225003852320776
3493,0.00747795273306659,0.0,4,10000,[118.6213207296033],[2072.1312392225864],[0.994856704345161],20,0.012225003852320776
3494,-0.008621248262463741,0.0,4,10000,[118.6213207296033],[2072.1312392225864],[0.994856704345161],20,0.012225003852320776
3495,0.008844052016868354,0.0,4,10000,[118.6213207296033],[2072.1312392225864],[0.994856704345161],20,0.012225003852320776
3496,0.008878660685502452,0.0,4,10000,[118.6213207296033],[2072.1312392225864],[0.994856704345161],20,0.012225003852320776
3497,-0.005224231372771349,0.0,4,10000,[118.6213207296033],[2072.1312392225864],[0.994856704345161],20,0.012225003852320776
3498,0.007273060815665668,0.0,4,10000,[118.6213207296033],[2072.1312392225864],[0.994856704345161],20,0.012225003852320776
3499,0.024724189700085487,0.0,4,10000,[118.6213207296033],[2072.1312392225864],[0.994856704345161],20,0.012225003852320776
3500,0.015256019475502001,0.0,4,10000,[118.6213207296033],[2072.1312392225864],[0.994856704345161],20,0.012225003852320776
3501,-0.014222849316877435,0.0,4,10000,[118.6213207296033],[2072.1312392225864],[0.994856704345161],20,0.012225003852320776
3502,-0.006345982637507214,0.0,4,10000,[118.6213207296033],[2072.1312392225864],[0.994856704345161],20,0.012225003852320776
3503,-0.02260656663224464,0.0,4,10000,[118.6213207296033],[2072.1312392225864],[0.994856704345161],20,0.012225003852320776
3504,-0.003298143515155638,0.0,4,10000,[118.6213207296033],[2072.1312392225864],[0.994856704345161],20,0.012225003852320776
3505,-0.005839222991171137,0.0,4,10000,[118.6213207296033],[2072.1312392225864],[0.994856704345161],20,0.012225003852320776
3506,0.006488840497418206,0.0,4,10000,[118.6213207296033],[2072.1312392225864],[0.994856704345161],20,0.012225003852320776
3507,-0.008578945440265605,0.0,4,10000,[118.6213207296033],[2072.1312392225864],[0.994856704345161],20,0.012225003852320776
3508,-0.010479748682040614,0.0,4,10000,[118.6213207296033],[2072.1312392225864],[0.994856704345161],20,0.012225003852320776
3509,-0.008637021584943934,0.0,4,10000,[118.6213207296033],[2072.1312392225864],[0.994856704345161],20,0.012225003852320776
3510,-0.025641822057585625,0.0,4,10000,[118.6213207296033],[2072.1312392225864],[0.994856704345161],20,0.012225003852320776
3511,0.007380400296485133,0.0,4,10000,[118.6213207296033],[2072.1312392225864],[0.994856704345161],20,0.012225003852320776
3512,0.00166964593655584,0.0,4,10000,[118.6213207296033],[2072.1312392225864],[0.994856704345161],20,0.012225003852320776
3513,-0.00841677677955719,0.0,4,10000,[118.6213207296033],[2072.1312392225864],[0.994856704345161],20,0.012225003852320776
3514,0.0038262341543219796,0.0,4,10000,[118.6213207296033],[2072.1312392225864],[0.994856704345161],20,0.012225003852320776
3515,-0.00011466180137789435,0.0,4,10000,[118.6213207296033],[2072.1312392225864],[0.994856704345161],20,0.012225003852320776
3516,0.014785772431902364,0.0,4,10000,[118.6213207296033],[2072.1312392225864],[0.994856704345161],20,0.012225003852320776
3517,0.002525904845512317,0.0,4,10000,[118.6213207296033],[2072.1312392225864],[0.994856704345161],20,0.012225003852320776
3518,0.007343091562504938,0.0,4,10000,[118.6213207296033],[2072.1312392225864],[0.994856704345161],20,0.012225003852320776
3519,0.012523803047314316,0.0,4,10000,[118.6213207296033],[2072.1312392225864],[0.994856704345161],20,0.012225003852320776
3520,-0.011374451013278374,0.0,4,10000,[118.6213207296033],[2072.1312392225864],[0.994856704345161],20,0.012225003852320776
3521,-0.000799970380620994,0.0,4,10000,[118.6213207296033],[2072.1312392225864],[0.994856704345161],20,0.012225003852320776
3522,0.010201379758803352,0.0,4,10000,[118.6213207296033],[2072.1312392225864],[0.994856704345161],20,0.012225003852320776
3523,-0.025909456275653733,0.0,4,10000,[118.6213207296033],[2072.1312392225864],[0.994856704345161],20,0.012225003852320776
3524,0.005342378095280015,0.0,4,10000,[118.6213207296033],[2072.1312392225864],[0.994856704345161],20,0.012225003852320776
3525,0.009321599030116878,0.0,4,10000,[118.6213207296033],[2072.1312392225864],[0.994856704345161],20,0.012225003852320776
3526,0.013268465330861205,0.0,4,10000,[118.6213207296033],[2072.1312392225864],[0.994856704345161],20,0.012225003852320776
3527,-0.021868950216603046,0.0,4,10000,[118.6213207296033],[2072.1312392225864],[0.994856704345161],20,0.012225003852320776
3528,-0.00845400674113019,0.0,4,10000,[118.6213207296033],[2072.1312392225864],[0.994856704345161],20,0.012225003852320776
3529,0.00831133764755217,0.0,4,10000,[118.6213207296033],[2072.1312392225864],[0.994856704345161],20,0.012225003852320776
3530,0.01982558957523054,0.0,4,10000,[118.6213207296033],[2072.1312392225864],[0.994856704345161],20,0.012225003852320776
3531,0.013762461254993133,0.0,4,10000,[118.6213207296033],[2072.1312392225864],[0.994856704345161],20,0.012225003852320776
3532,0.013630016719545281,0.0,4,10000,[118.6213207296033],[2072.1312392225864],[0.994856704345161],20,0.012225003852320776
3533,0.015066782128108091,0.0,4,10000,[118.6213207296033],[2072.1312392225864],[0.994856704345161],20,0.012225003852320776
3534,-0.00840814132402296,0.0,4,10000,[118.6213207296033],[2072.1312392225864],[0.994856704345161],20,0.012225003852320776
3535,0.02011245380578508,0.0,4,10000,[118.6213207296033],[2072.1312392225864],[0.994856704345161],20,0.012225003852320776
3536,-0.010987685688108161,0.0,4,10000,[118.6213207296033],[2072.1312392225864],[0.994856704345161],20,0.012225003852320776
3537,0.008912352965535114,0.0,4,10000,[118.6213207296033],[2072.1312392225864],[0.994856704345161],20,0.012225003852320776
3538,-0.009245108365181201,0.0,4,10000,[118.6213207296033],[2072.1312392225864],[0.994856704345161],20,0.012225003852320776
3539,-0.014691403761511181,0.0,4,10000,[118.6213207296033],[2072.1312392225864],[0.994856704345161],20,0.012225003852320776
3540,-0.0012621734105639805,0.0,4,10000,[118.6213207296033],[2072.1312392225864],[0.994856704345161],20,0.012225003852320776
3541,0.007843730016627581,0.0,4,10000,[118.6213207296033],[2072.1312392225864],[0.994856704345161],20,0.012225003852320776
3542,0.010567596349895694,0.0,4,10000,[118.6213207296033],[2072.1312392225864],[0.994856704345161],20,0.012225003852320776
3543,-0.008619450753238125,0.0,4,10000,[118.6213207296033],[2072.1312392225864],[0.994856704345161],20,0.012225003852320776
3544,-0.021853351757013608,0.0,4,10000,[118.6213207296033],[2072.1312392225864],[0.994856704345161],20,0.012225003852320776
3545,-0.002216825913793401,0.0,4,10000,[118.6213207296033],[2072.1312392225864],[0.994856704345161],20,0.012225003852320776
3546,0.010250155005670182,0.0,4,10000,[118.6213207296033],[2072.1312392225864],[0.994856704345161],20,0.012225003852320776
3547,-0.003264740983503303,0.0,4,10000,[118.6213207296033],[2072.1312392225864],[0.994856704345161],20,0.012225003852320776
3548,0.005660940137523855,0.0,4,10000,[118.6213207296033],[2072.1312392225864],[0.994856704345161],20,0.012225003852320776
3549,0.0029398883721410015,0.0,4,10000,[118.6213207296033],[2072.1312392225864],[0.994856704345161],20,0.012225003852320776
3550,-0.008683209698375747,0.0,4,10000,[118.6213207296033],[2072.1312392225864],[0.994856704345161],20,0.012225003852320776
3551,-0.010713233015403993,0.0,4,10000,[118.6213207296033],[2072.1312392225864],[0.994856704345161],20,0.012225003852320776
3552,-0.01865446746621117,0.0,4,10000,[118.6213207296033],[2072.1312392225864],[0.994856704345161],20,0.012225003852320776
3553,-0.0016489999647999569,0.0,4,10000,[118.6213207296033],[2072.1312392225864],[0.994856704345161],20,0.012225003852320776
3554,0.000664759978053416,0.0,4,10000,[118.6213207296033],[2072.1312392225864],[0.994856704345161],20,0.012225003852320776
3555,-0.0005984651951477397,0.0,4,10000,[118.6213207296033],[2072.1312392225864],[0.994856704345161],20,0.012225003852320776
3556,0.01642993742236854,0.0,4,10000,[118.6213207296033],[2072.1312392225864],[0.994856704345161],20,0.012225003852320776
3557,-0.01623531988088665,0.0,4,10000,[118.6213207296033],[2072.1312392225864],[0.994856704345161],20,0.012225003852320776
3558,-0.005878316618715708,0.0,4,10000,[118.6213207296033],[2072.1312392225864],[0.994856704345161],20,0.012225003852320776
3559,-0.0018309046479155653,0.0,4,10000,[118.6213207296033],[2072.1312392225864],[0.994856704345161],20,0.012225003852320776
3560,0.018802003189825306,0.0,4,10000,[118.6213207296033],[2072.1312392225864],[0.994856704345161],20,0.012225003852320776
3561,-0.007999693069655695,0.0,4,10000,[118.6213207296033],[2072.1312392225864],[0.994856704345161],20,0.012225003852320776
3562,-0.008647688886026466,0.0,4,10000,[118.6213207296033],[2072.1312392225864],[0.994856704345161],20,0.012225003852320776
3563,0.013304832754287602,0.0,4,10000,[118.6213207296033],[2072.1312392225864],[0.994856704345161],20,0.012225003852320776
3564,0.0007661709105834768,0.0,4,10000,[118.6213207296033],[2072.1312392225864],[0.994856704345161],20,0.012225003852320776
3565,-5.621183486009596e-05,0.0,4,10000,[118.6213207296033],[2072.1312392225864],[0.994856704345161],20,0.012225003852320776
3566,0.013925829839404874,0.0,4,10000,[118.6213207296033],[2072.1312392225864],[0.994856704345161],20,0.012225003852320776
3567,0.015847415689014176,0.0,4,10000,[118.6213207296033],[2072.1312392225864],[0.994856704345161],20,0.012225003852320776
3568,0.006244091638035438,0.0,4,10000,[118.6213207296033],[2072.1312392225864],[0.994856704345161],20,0.012225003852320776
3569,-0.02347979211079342,0.0,4,10000,[118.6213207296033],[2072.1312392225864],[0.994856704345161],20,0.012225003852320776
3570,0.015790472027612027,0.0,4,10000,[118.6213207296033],[2072.1312392225864],[0.994856704345161],20,0.012225003852320776
3571,-0.0054011072782292205,0.0,4,10000,[118.6213207296033],[2072.1312392225864],[0.994856704345161],20,0.012225003852320776
3572,-0.012575556476534815,0.0,4,10000,[118.6213207296033],[2072.1312392225864],[0.994856704345161],20,0.012225003852320776
3573,-0.0006503335270228013,0.0,4,10000,[118.6213207296033],[2072.1312392225864],[0.994856704345161],20,0.012225003852320776
3574,-0.012133582701424997,0.0,4,10000,[118.6213207296033],[2072.1312392225864],[0.994856704345161],20,0.012225003852320776
3575,0.003981213757204695,0.0,4,10000,[118.6213207296033],[2072.1312392225864],[0.994856704345161],20,0.012225003852320776
3576,0.00030205873976773477,0.0,4,10000,[118.6213207296033],[2072.1312392225864],[0.994856704345161],20,0.012225003852320776
3577,-0.0033581952656038076,0.0,4,10000,[118.6213207296033],[2072.1312392225864],[0.994856704345161],20,0.012225003852320776
3578,0.015014193167438895,0.0,4,10000,[118.6213207296033],[2072.1312392225864],[0.994856704345161],20,0.012225003852320776
3579,-0.012237991243380323,0.0,4,10000,[118.6213207296033],[2072.1312392225864],[0.994856704345161],20,0.012225003852320776
3580,-0.02367120215707571,0.0,4,10000,[118.6213207296033],[2072.1312392225864],[0.994856704345161],20,0.012225003852320776
3581,-0.013201386562546227,0.0,4,10000,[118.6213207296033],[2072.1312392225864],[0.994856704345161],20,0.012225003852320776
3582,0.018190834552963216,0.0,4,10000,[118.6213207296033],[2072.1312392225864],[0.994856704345161],20,0.012225003852320776
3583,0.0016384757076503753,0.0,4,10000,[118.6213207296033],[2072.1312392225864],[0.994856704345161],20,0.012225003852320776
3584,-0.004191840532937531,0.0,4,10000,[118.6213207296033],[2072.1312392225864],[0.994856704345161],20,0.012225003852320776
3585,-0.013613058535766925,0.0,4,10000,[118.6213207296033],[2072.1312392225864],[0.994856704345161],20,0.012225003852320776
3586,0.014354036117971146,0.0,4,10000,[118.6213207296033],[2072.1312392225864],[0.994856704345161],20,0.012225003852320776
3587,-0.02345158387184574,0.0,4,10000,[118.6213207296033],[2072.1312392225864],[0.994856704345161],20,0.012225003852320776
3588,-0.0007967528293888348,0.0,4,10000,[118.6213207296033],[2072.1312392225864],[0.994856704345161],20,0.012225003852320776
3589,0.005555543516086411,0.0,4,10000,[118.6213207296033],[2072.1312392225864],[0.994856704345161],20,0.012225003852320776
3590,-0.00012172659940811977,0.0,4,10000,[118.6213207296033],[2072.1312392225864],[0.994856704345161],20,0.012225003852320776
3591,-0.001458776871235126,0.0,4,10000,[118.6213207296033],[2072.1312392225864],[0.994856704345161],20,0.012225003852320776
3592,-0.00037698523301164463,0.0,4,10000,[118.6213207296033],[2072.1312392225864],[0.994856704345161],20,0.012225003852320776
3593,-0.008659966674672418,0.0,4,10000,[118.6213207296033],[2072.1312392225864],[0.994856704345161],20,0.012225003852320776
3594,-0.001621184700815408,0.0,4,10000,[118.6213207296033],[2072.1312392225864],[0.994856704345161],20,0.012225003852320776
3595,-0.005618567568221185,0.0,4,10000,[118.6213207296033],[2072.1312392225864],[0.994856704345161],20,0.012225003852320776
3596,-0.01357113144720901,0.0,4,10000,[118.6213207296033],[2072.1312392225864],[0.994856704345161],20,0.012225003852320776
3597,0.0010170554254137786,0.0,4,10000,[118.6213207296033],[2072.1312392225864],[0.994856704345161],20,0.012225003852320776
3598,0.02659346575358343,0.0,4,10000,[118.6213207296033],[2072.1312392225864],[0.994856704345161],20,0.012225003852320776
3599,0.0006848248907080243,0.0,4,10000,[118.6213207296033],[2072.1312392225864],[0.994856704345161],20,0.012225003852320776
3600,0.003209988568932299,0.0,4,10000,[118.6213207296033],[2072.1312392225864],[0.994856704345161],20,0.012225003852320776
3601,0.0014131513465872004,0.0,4,10000,[118.6213207296033],[2072.1312392225864],[0.994856704345161],20,0.012225003852320776
3602,-0.007711693220088606,0.0,4,10000,[118.6213207296033],[2072.1312392225864],[0.994856704345161],20,0.012225003852320776
3603,0.011579813955007226,0.0,4,10000,[118.6213207296033],[2072.1312392225864],[0.994856704345161],20,0.012225003852320776
3604,0.009188814315664455,0.0,4,10000,[118.6213207296033],[2072.1312392225864],[0.994856704345161],20,0.012225003852320776
3605,0.005998833585736188,0.0,4,10000,[118.6213207296033],[2072.1312392225864],[0.994856704345161],20,0.012225003852320776
3606,-0.03127108678139007,0.0,4,10000,[118.6213207296033],[2072.1312392225864],[0.994856704345161],20,0.012225003852320776
3607,-0.01799369011908518,0.0,4,10000,[118.6213207296033],[2072.1312392225864],[0.994856704345161],20,0.012225003852320776
3608,0.006125052589926162,0.0,4,10000,[118.6213207296033],[2072.1312392225864],[0.994856704345161],20,0.012225003852320776
3609,-0.017363240173444164,0.0,4,10000,[118.6213207296033],[2072.1312392225864],[0.994856704345161],20,0.012225003852320776
3610,-0.012893748791389124,0.0,4,10000,[118.6213207296033],[2072.1312392225864],[0.994856704345161],20,0.012225003852320776
3611,-0.016794703170779794,0.0,4,10000,[118.6213207296033],[2072.1312392225864],[0.994856704345161],20,0.012225003852320776
3612,-0.0033515896437663144,0.0,4,10000,[118.6213207296033],[2072.1312392225864],[0.994856704345161],20,0.012225003852320776
3613,-0.014398045023620938,0.0,4,10000,[118.6213207296033],[2072.1312392225864],[0.994856704345161],20,0.012225003852320776
3614,0.00027015242760895943,0.0,4,10000,[118.6213207296033],[2072.1312392225864],[0.994856704345161],20,0.012225003852320776
3615,0.01013373091948501,0.0,4,10000,[118.6213207296033],[2072.1312392225864],[0.994856704345161],20,0.012225003852320776
3616,-0.03326706467857996,0.0,4,10000,[118.6213207296033],[2072.1312392225864],[0.994856704345161],20,0.012225003852320776
3617,-0.007899514869158604,0.0,4,10000,[118.6213207296033],[2072.1312392225864],[0.994856704345161],20,0.012225003852320776
3618,0.004381126763018122,0.0,4,10000,[118.6213207296033],[2072.1312392225864],[0.994856704345161],20,0.012225003852320776
3619,-0.00475363508939288,0.0,4,10000,[118.6213207296033],[2072.1312392225864],[0.994856704345161],20,0.012225003852320776
3620,0.015138614695855118,0.0,4,10000,[118.6213207296033],[2072.1312392225864],[0.994856704345161],20,0.012225003852320776
3621,-0.008436614959418044,0.0,4,10000,[118.6213207296033],[2072.1312392225864],[0.994856704345161],20,0.012225003852320776
3622,0.0037294150604439743,0.0,4,10000,[118.6213207296033],[2072.1312392225864],[0.994856704345161],20,0.012225003852320776
3623,0.006203326066340818,0.0,4,10000,[118.6213207296033],[2072.1312392225864],[0.994856704345161],20,0.012225003852320776
3624,0.0022926492824422717,0.0,4,10000,[118.6213207296033],[2072.1312392225864],[0.994856704345161],20,0.012225003852320776
3625,0.025027253620494818,0.0,4,10000,[118.6213207296033],[2072.1312392225864],[0.994856704345161],20,0.012225003852320776
3626,-0.0004901259643136214,0.0,4,10000,[118.6213207296033],[2072.1312392225864],[0.994856704345161],20,0.012225003852320776
3627,0.00034586874405005853,0.0,4,10000,[118.6213207296033],[2072.1312392225864],[0.994856704345161],20,0.012225003852320776
3628,-0.02553617552525794,0.0,4,10000,[118.6213207296033],[2072.1312392225864],[0.994856704345161],20,0.012225003852320776
3629,-0.013548289813815647,0.0,4,10000,[118.6213207296033],[2072.1312392225864],[0.994856704345161],20,0.012225003852320776
3630,0.0025589312753845532,0.0,4,10000,[118.6213207296033],[2072.1312392225864],[0.994856704345161],20,0.012225003852320776
3631,-0.0066240987102857965,0.0,4,10000,[118.6213207296033],[2072.1312392225864],[0.994856704345161],20,0.012225003852320776
3632,0.005887157663829176,0.0,4,10000,[118.6213207296033],[2072.1312392225864],[0.994856704345161],20,0.012225003852320776
3633,-0.000265407059505606,0.0,4,10000,[118.6213207296033],[2072.1312392225864],[0.994856704345161],20,0.012225003852320776
3634,0.019977036657477378,0.0,4,10000,[118.6213207296033],[2072.1312392225864],[0.994856704345161],20,0.012225003852320776
3635,0.0059065287358948115,0.0,4,10000,[118.6213207296033],[2072.1312392225864],[0.994856704345161],20,0.012225003852320776
3636,0.00020086008073186997,0.0,4,10000,[118.6213207296033],[2072.1312392225864],[0.994856704345161],20,0.012225003852320776
3637,-0.00022456069923667201,0.0,4,10000,[118.6213207296033],[2072.1312392225864],[0.994856704345161],20,0.012225003852320776
3638,-0.009616034555597197,0.0,4,10000,[118.6213207296033],[2072.1312392225864],[0.994856704345161],20,0.012225003852320776
3639,-0.00471951108778024,0.0,4,10000,[118.6213207296033],[2072.1312392225864],[0.994856704345161],20,0.012225003852320776
3640,0.01969090732398096,0.0,4,10000,[118.6213207296033],[2072.1312392225864],[0.994856704345161],20,0.012225003852320776
3641,-0.004468454540577101,0.0,4,10000,[118.6213207296033],[2072.1312392225864],[0.994856704345161],20,0.012225003852320776
3642,-0.014010450632597682,0.0,4,10000,[118.6213207296033],[2072.1312392225864],[0.994856704345161],20,0.012225003852320776
3643,0.02591555634435329,0.0,4,10000,[118.6213207296033],[2072.1312392225864],[0.994856704345161],20,0.012225003852320776
3644,-0.006892528379194212,0.0,4,10000,[118.6213207296033],[2072.1312392225864],[0.994856704345161],20,0.012225003852320776
3645,-0.006760371832267593,0.0,4,10000,[118.6213207296033],[2072.1312392225864],[0.994856704345161],20,0.012225003852320776
3646,-0.019816264263317472,0.0,4,10000,[118.6213207296033],[2072.1312392225864],[0.994856704345161],20,0.012225003852320776
3647,-0.01993916345484978,0.0,4,10000,[118.6213207296033],[2072.1312392225864],[0.994856704345161],20,0.012225003852320776
3648,0.0075177918540812036,0.0,4,10000,[118.6213207296033],[2072.1312392225864],[0.994856704345161],20,0.012225003852320776
3649,0.014724539208711302,0.0,4,10000,[118.6213207296033],[2072.1312392225864],[0.994856704345161],20,0.012225003852320776
3650,0.007834746139942329,0.0,4,10000,[118.6213207296033],[2072.1312392225864],[0.994856704345161],20,0.012225003852320776
3651,-0.0031818377695397378,0.0,4,10000,[118.6213207296033],[2072.1312392225864],[0.994856704345161],20,0.012225003852320776
3652,-0.006500493196836634,0.0,4,10000,[118.6213207296033],[2072.1312392225864],[0.994856704345161],20,0.012225003852320776
3653,0.0015738325774666546,0.0,4,10000,[118.6213207296033],[2072.1312392225864],[0.994856704345161],20,0.012225003852320776
3654,0.008724561497474335,0.0,4,10000,[118.6213207296033],[2072.1312392225864],[0.994856704345161],20,0.012225003852320776
3655,0.0024738268367488453,0.0,4,10000,[118.6213207296033],[2072.1312392225864],[0.994856704345161],20,0.012225003852320776
3656,0.008124992767577374,0.0,4,10000,[118.6213207296033],[2072.1312392225864],[0.994856704345161],20,0.012225003852320776
3657,-0.007089403136195712,0.0,4,10000,[118.6213207296033],[2072.1312392225864],[0.994856704345161],20,0.012225003852320776
3658,0.024313704373859643,0.0,4,10000,[118.6213207296033],[2072.1312392225864],[0.994856704345161],20,0.012225003852320776
3659,-0.0059876121340357545,0.0,4,10000,[118.6213207296033],[2072.1312392225864],[0.994856704345161],20,0.012225003852320776
3660,0.00738201872678326,0.0,4,10000,[118.6213207296033],[2072.1312392225864],[0.994856704345161],20,0.012225003852320776
3661,-0.016606921677851612,0.0,4,10000,[118.6213207296033],[2072.1312392225864],[0.994856704345161],20,0.012225003852320776
3662,0.0031567117530977387,0.0,4,10000,[118.6213207296033],[2072.1312392225864],[0.994856704345161],20,0.012225003852320776
3663,-0.019134745646069446,0.0,4,10000,[118.6213207296033],[2072.1312392225864],[0.994856704345161],20,0.012225003852320776
3664,-0.007409310962977527,0.0,4,10000,[118.6213207296033],[2072.1312392225864],[0.994856704345161],20,0.012225003852320776
3665,-0.0016556596171366982,0.0,4,10000,[118.6213207296033],[2072.1312392225864],[0.994856704345161],20,0.012225003852320776
3666,-0.003215972990749408,0.0,4,10000,[118.6213207296033],[2072.1312392225864],[0.994856704345161],20,0.012225003852320776
3667,0.007816121270898523,0.0,4,10000,[118.6213207296033],[2072.1312392225864],[0.994856704345161],20,0.012225003852320776
3668,0.013205560699409662,0.0,4,10000,[118.6213207296033],[2072.1312392225864],[0.994856704345161],20,0.012225003852320776
3669,-0.011548575077862187,0.0,4,10000,[118.6213207296033],[2072.1312392225864],[0.994856704345161],20,0.012225003852320776
3670,0.013012897502483403,0.0,4,10000,[118.6213207296033],[2072.1312392225864],[0.994856704345161],20,0.012225003852320776
3671,-0.023175555401710356,0.0,4,10000,[118.6213207296033],[2072.1312392225864],[0.994856704345161],20,0.012225003852320776
3672,-0.011232594663436164,0.0,4,10000,[118.6213207296033],[2072.1312392225864],[0.994856704345161],20,0.012225003852320776
3673,0.005678147960160325,0.0,4,10000,[118.6213207296033],[2072.1312392225864],[0.994856704345161],20,0.012225003852320776
3674,-0.010608048974061946,0.0,4,10000,[118.6213207296033],[2072.1312392225864],[0.994856704345161],20,0.012225003852320776
3675,-0.009618789022933423,0.0,4,10000,[118.6213207296033],[2072.1312392225864],[0.994856704345161],20,0.012225003852320776
3676,0.001595946665064507,0.0,4,10000,[118.6213207296033],[2072.1312392225864],[0.994856704345161],20,0.012225003852320776
3677,0.0022692713630916386,0.0,4,10000,[118.6213207296033],[2072.1312392225864],[0.994856704345161],20,0.012225003852320776
3678,0.019466260252922467,0.0,4,10000,[118.6213207296033],[2072.1312392225864],[0.994856704345161],20,0.012225003852320776
3679,-0.01778703821651984,0.0,4,10000,[118.6213207296033],[2072.1312392225864],[0.994856704345161],20,0.012225003852320776
3680,-0.9989412274621728,-0.994856704345161,4,10000,[118.6213207296033],[2072.1312392225864],[0.994856704345161],20,0.012225003852320776
3681,-1.0034319196628063,-0.994856704345161,4,10000,[118.6213207296033],[2072.1312392225864],[0.994856704345161],20,0.012225003852320776
3682,-1.0076079038711325,-0.994856704345161,4,10000,[118.6213207296033],[2072.1312392225864],[0.994856704345161],20,0.012225003852320776
3683,-0.9951797191618011,-0.994856704345161,4,10000,[118.6213207296033],[2072.1312392225864],[0.994856704345161],20,0.012225003852320776
3684,-1.0036114297872547,-0.994856704345161,4,10000,[118.6213207296033],[2072.1312392225864],[0.994856704345161],20,0.012225003852320776
3685,-1.0042297749668831,-0.994856704345161,4,10000,[118.6213207296033],[2072.1312392225864],[0.994856704345161],20,0.012225003852320776
3686,-1.0009355114738439,-0.994856704345161,4,10000,[118.6213207296033],[2072.1312392225864],[0.994856704345161],20,0.012225003852320776
3687,-0.9961213354701807,-0.994856704345161,4,10000,[118.6213207296033],[2072.1312392225864],[0.994856704345161],20,0.012225003852320776
3688,-0.9914190328664182,-0.994856704345161,4,10000,[118.6213207296033],[2072.1312392225864],[0.994856704345161],20,0.012225003852320776
3689,-0.9842559093498243,-0.994856704345161,4,10000,[118.6213207296033],[2072.1312392225864],[0.994856704345161],20,0.012225003852320776
3690,-0.9832392560465728,-0.994856704345161,4,10000,[118.6213207296033],[2072.1312392225864],[0.994856704345161],20,0.012225003852320776
3691,-0.9843202699082733,-0.994856704345161,4,10000,[118.6213207296033],[2072.1312392225864],[0.994856704345161],20,0.012225003852320776
3692,-0.9855404536713979,-0.994856704345161,4,10000,[118.6213207296033],[2072.1312392225864],[0.994856704345161],20,0.012225003852320776
3693,-1.0037915859019984,-0.994856704345161,4,10000,[118.6213207296033],[2072.1312392225864],[0.994856704345161],20,0.012225003852320776
3694,-1.012213036569878,-0.994856704345161,4,10000,[118.6213207296033],[2072.1312392225864],[0.994856704345161],20,0.012225003852320776
3695,-1.0093362209532977,-0.994856704345161,4,10000,[118.6213207296033],[2072.1312392225864],[0.994856704345161],20,0.012225003852320776
3696,-0.9848187002779519,-0.994856704345161,4,10000,[118.6213207296033],[2072.1312392225864],[0.994856704345161],20,0.012225003852320776
3697,-1.0082712007482608,-0.994856704345161,4,10000,[118.6213207296033],[2072.1312392225864],[0.994856704345161],20,0.012225003852320776
3698,-1.0078561212819341,-0.994856704345161,4,10000,[118.6213207296033],[2072.1312392225864],[0.994856704345161],20,0.012225003852320776
3699,-0.9674372146531757,-0.994856704345161,4,10000,[118.6213207296033],[2072.1312392225864],[0.994856704345161],20,0.012225003852320776
3700,-0.009029383342061104,0.0,4,10000,[118.6213207296033],[2072.1312392225864],[0.994856704345161],20,0.012225003852320776
3701,9.042430117272692e-05,0.0,4,10000,[118.6213207296033],[2072.1312392225864],[0.994856704345161],20,0.012225003852320776
3702,-0.0030097085081314335,0.0,4,10000,[118.6213207296033],[2072.1312392225864],[0.994856704345161],20,0.012225003852320776
3703,0.01185050426415683,0.0,4,10000,[118.6213207296033],[2072.1312392225864],[0.994856704345161],20,0.012225003852320776
3704,-0.0022114079671061567,0.0,4,10000,[118.6213207296033],[2072.1312392225864],[0.994856704345161],20,0.012225003852320776
3705,0.005451393199894827,0.0,4,10000,[118.6213207296033],[2072.1312392225864],[0.994856704345161],20,0.012225003852320776
3706,-0.02154107596609856,0.0,4,10000,[118.6213207296033],[2072.1312392225864],[0.994856704345161],20,0.012225003852320776
3707,0.0030160304957292843,0.0,4,10000,[118.6213207296033],[2072.1312392225864],[0.994856704345161],20,0.012225003852320776
3708,-0.016674131168734462,0.0,4,10000,[118.6213207296033],[2072.1312392225864],[0.994856704345161],20,0.012225003852320776
3709,-0.006441894847985392,0.0,4,10000,[118.6213207296033],[2072.1312392225864],[0.994856704345161],20,0.012225003852320776
3710,-0.004351814893329064,0.0,4,10000,[118.6213207296033],[2072.1312392225864],[0.994856704345161],20,0.012225003852320776
3711,-0.004385343563454999,0.0,4,10000,[118.6213207296033],[2072.1312392225864],[0.994856704345161],20,0.012225003852320776
3712,-0.014497148093314014,0.0,4,10000,[118.6213207296033],[2072.1312392225864],[0.994856704345161],20,0.012225003852320776
3713,0.010459013863252925,0.0,4,10000,[118.6213207296033],[2072.1312392225864],[0.994856704345161],20,0.012225003852320776
3714,-0.0064928178369820025,0.0,4,10000,[118.6213207296033],[2072.1312392225864],[0.994856704345161],20,0.012225003852320776
3715,-0.027022955531751748,0.0,4,10000,[118.6213207296033],[2072.1312392225864],[0.994856704345161],20,0.012225003852320776
3716,-0.011541768042007291,0.0,4,10000,[118.6213207296033],[2072.1312392225864],[0.994856704345161],20,0.012225003852320776
3717,0.008599650708775766,0.0,4,10000,[118.6213207296033],[2072.1312392225864],[0.994856704345161],20,0.012225003852320776
3718,0.00014682260637146488,0.0,4,10000,[118.6213207296033],[2072.1312392225864],[0.994856704345161],20,0.012225003852320776
3719,-0.03481111685942605,0.0,4,10000,[118.6213207296033],[2072.1312392225864],[0.994856704345161],20,0.012225003852320776
3720,0.02614948871211288,0.0,4,10000,[118.6213207296033],[2072.1312392225864],[0.994856704345161],20,0.012225003852320776
3721,0.0027209484722723327,0.0,4,10000,[118.6213207296033],[2072.1312392225864],[0.994856704345161],20,0.012225003852320776
3722,0.005167469692258844,0.0,4,10000,[118.6213207296033],[2072.1312392225864],[0.994856704345161],20,0.012225003852320776
3723,0.00905142341946227,0.0,4,10000,[118.6213207296033],[2072.1312392225864],[0.994856704345161],20,0.012225003852320776
3724,-0.009111451610837762,0.0,4,10000,[118.6213207296033],[2072.1312392225864],[0.994856704345161],20,0.012225003852320776
3725,0.010391854944277922,0.0,4,10000,[118.6213207296033],[2072.1312392225864],[0.994856704345161],20,0.012225003852320776
3726,0.014759424301142646,0.0,4,10000,[118.6213207296033],[2072.1312392225864],[0.994856704345161],20,0.012225003852320776
3727,0.012019450753437303,0.0,4,10000,[118.6213207296033],[2072.1312392225864],[0.994856704345161],20,0.012225003852320776
3728,-0.005470424587614989,0.0,4,10000,[118.6213207296033],[2072.1312392225864],[0.994856704345161],20,0.012225003852320776
3729,-0.010686304140327386,0.0,4,10000,[118.6213207296033],[2072.1312392225864],[0.994856704345161],20,0.012225003852320776
3730,-0.00818647835093292,0.0,4,10000,[118.6213207296033],[2072.1312392225864],[0.994856704345161],20,0.012225003852320776
3731,0.024182269845275405,0.0,4,10000,[118.6213207296033],[2072.1312392225864],[0.994856704345161],20,0.012225003852320776
3732,-0.0017368956377745524,0.0,4,10000,[118.6213207296033],[2072.1312392225864],[0.994856704345161],20,0.012225003852320776
3733,0.00021047720560227252,0.0,4,10000,[118.6213207296033],[2072.1312392225864],[0.994856704345161],20,0.012225003852320776
3734,-0.0030131178637947797,0.0,4,10000,[118.6213207296033],[2072.1312392225864],[0.994856704345161],20,0.012225003852320776
3735,-0.001090531385915806,0.0,4,10000,[118.6213207296033],[2072.1312392225864],[0.994856704345161],20,0.012225003852320776
3736,-0.014388062414846295,0.0,4,10000,[118.6213207296033],[2072.1312392225864],[0.994856704345161],20,0.012225003852320776
3737,-0.015348576347700446,0.0,4,10000,[118.6213207296033],[2072.1312392225864],[0.994856704345161],20,0.012225003852320776
3738,0.008911706849767297,0.0,4,10000,[118.6213207296033],[2072.1312392225864],[0.994856704345161],20,0.012225003852320776
3739,-0.01822742922397414,0.0,4,10000,[118.6213207296033],[2072.1312392225864],[0.994856704345161],20,0.012225003852320776
3740,-0.011453589383199349,0.0,4,10000,[118.6213207296033],[2072.1312392225864],[0.994856704345161],20,0.012225003852320776
3741,-0.009480034273278294,0.0,4,10000,[118.6213207296033],[2072.1312392225864],[0.994856704345161],20,0.012225003852320776
3742,-0.012952862911151646,0.0,4,10000,[118.6213207296033],[2072.1312392225864],[0.994856704345161],20,0.012225003852320776
3743,0.004083479216934171,0.0,4,10000,[118.6213207296033],[2072.1312392225864],[0.994856704345161],20,0.012225003852320776
3744,0.024452089374285575,0.0,4,10000,[118.6213207296033],[2072.1312392225864],[0.994856704345161],20,0.012225003852320776
3745,-0.008447816778823142,0.0,4,10000,[118.6213207296033],[2072.1312392225864],[0.994856704345161],20,0.012225003852320776
3746,-0.02247247298044885,0.0,4,10000,[118.6213207296033],[2072.1312392225864],[0.994856704345161],20,0.012225003852320776
3747,-0.0028097335996935574,0.0,4,10000,[118.6213207296033],[2072.1312392225864],[0.994856704345161],20,0.012225003852320776
3748,-0.013470116159770337,0.0,4,10000,[118.6213207296033],[2072.1312392225864],[0.994856704345161],20,0.012225003852320776
3749,-0.009170796823423616,0.0,4,10000,[118.6213207296033],[2072.1312392225864],[0.994856704345161],20,0.012225003852320776
3750,-0.00395436620671096,0.0,4,10000,[118.6213207296033],[2072.1312392225864],[0.994856704345161],20,0.012225003852320776
3751,0.016033201899806882,0.0,4,10000,[118.6213207296033],[2072.1312392225864],[0.994856704345161],20,0.012225003852320776
3752,0.001541016777779759,0.0,4,10000,[118.6213207296033],[2072.1312392225864],[0.994856704345161],20,0.012225003852320776
3753,0.02025026197538377,0.0,4,10000,[118.6213207296033],[2072.1312392225864],[0.994856704345161],20,0.012225003852320776
3754,-0.01776183945790175,0.0,4,10000,[118.6213207296033],[2072.1312392225864],[0.994856704345161],20,0.012225003852320776
3755,0.0032565523040281982,0.0,4,10000,[118.6213207296033],[2072.1312392225864],[0.994856704345161],20,0.012225003852320776
3756,0.0022778639783631593,0.0,4,10000,[118.6213207296033],[2072.1312392225864],[0.994856704345161],20,0.012225003852320776
3757,-0.01226778770590237,0.0,4,10000,[118.6213207296033],[2072.1312392225864],[0.994856704345161],20,0.012225003852320776
3758,0.002713987208462934,0.0,4,10000,[118.6213207296033],[2072.1312392225864],[0.994856704345161],20,0.012225003852320776
3759,-0.005541320772663849,0.0,4,10000,[118.6213207296033],[2072.1312392225864],[0.994856704345161],20,0.012225003852320776
3760,0.01211836372859876,0.0,4,10000,[118.6213207296033],[2072.1312392225864],[0.994856704345161],20,0.012225003852320776
3761,-0.015966857517586783,0.0,4,10000,[118.6213207296033],[2072.1312392225864],[0.994856704345161],20,0.012225003852320776
3762,-0.005248557524821675,0.0,4,10000,[118.6213207296033],[2072.1312392225864],[0.994856704345161],20,0.012225003852320776
3763,0.007785390188404359,0.0,4,10000,[118.6213207296033],[2072.1312392225864],[0.994856704345161],20,0.012225003852320776
3764,0.0033850550579265404,0.0,4,10000,[118.6213207296033],[2072.1312392225864],[0.994856704345161],20,0.012225003852320776
3765,-0.014326694119623753,0.0,4,10000,[118.6213207296033],[2072.1312392225864],[0.994856704345161],20,0.012225003852320776
3766,0.0028640671196121653,0.0,4,10000,[118.6213207296033],[2072.1312392225864],[0.994856704345161],20,0.012225003852320776
3767,-0.024465741904747883,0.0,4,10000,[118.6213207296033],[2072.1312392225864],[0.994856704345161],20,0.012225003852320776
3768,-0.0027462543025678038,0.0,4,10000,[118.6213207296033],[2072.1312392225864],[0.994856704345161],20,0.012225003852320776
3769,0.0010466412015519026,0.0,4,10000,[118.6213207296033],[2072.1312392225864],[0.994856704345161],20,0.012225003852320776
3770,0.0026536411980487137,0.0,4,10000,[118.6213207296033],[2072.1312392225864],[0.994856704345161],20,0.012225003852320776
3771,0.009367081445110916,0.0,4,10000,[118.6213207296033],[2072.1312392225864],[0.994856704345161],20,0.012225003852320776
3772,0.003630471651045976,0.0,4,10000,[118.6213207296033],[2072.1312392225864],[0.994856704345161],20,0.012225003852320776
3773,0.014699338368178714,0.0,4,10000,[118.6213207296033],[2072.1312392225864],[0.994856704345161],20,0.012225003852320776
3774,-0.0031593986614555166,0.0,4,10000,[118.6213207296033],[2072.1312392225864],[0.994856704345161],20,0.012225003852320776
3775,-0.023831310347652596,0.0,4,10000,[118.6213207296033],[2072.1312392225864],[0.994856704345161],20,0.012225003852320776
3776,-0.006970117538561464,0.0,4,10000,[118.6213207296033],[2072.1312392225864],[0.994856704345161],20,0.012225003852320776
3777,-0.004797359122183467,0.0,4,10000,[118.6213207296033],[2072.1312392225864],[0.994856704345161],20,0.012225003852320776
3778,0.011567787744946607,0.0,4,10000,[118.6213207296033],[2072.1312392225864],[0.994856704345161],20,0.012225003852320776
3779,0.007558411710569577,0.0,4,10000,[118.6213207296033],[2072.1312392225864],[0.994856704345161],20,0.012225003852320776
3780,-0.005003353154313787,0.0,4,10000,[118.6213207296033],[2072.1312392225864],[0.994856704345161],20,0.012225003852320776
3781,-0.011707732185377944,0.0,4,10000,[118.6213207296033],[2072.1312392225864],[0.994856704345161],20,0.012225003852320776
3782,-0.0026459703818235477,0.0,4,10000,[118.6213207296033],[2072.1312392225864],[0.994856704345161],20,0.012225003852320776
3783,-0.01904240126934056,0.0,4,10000,[118.6213207296033],[2072.1312392225864],[0.994856704345161],20,0.012225003852320776
3784,-0.0007780672587935757,0.0,4,10000,[118.6213207296033],[2072.1312392225864],[0.994856704345161],20,0.012225003852320776
3785,0.007634998206710997,0.0,4,10000,[118.6213207296033],[2072.1312392225864],[0.994856704345161],20,0.012225003852320776
3786,0.003889491677926294,0.0,4,10000,[118.6213207296033],[2072.1312392225864],[0.994856704345161],20,0.012225003852320776
3787,0.0013591224577426228,0.0,4,10000,[118.6213207296033],[2072.1312392225864],[0.994856704345161],20,0.012225003852320776
3788,0.011796812400089646,0.0,4,10000,[118.6213207296033],[2072.1312392225864],[0.994856704345161],20,0.012225003852320776
3789,0.002686066654701568,0.0,4,10000,[118.6213207296033],[2072.1312392225864],[0.994856704345161],20,0.012225003852320776
3790,0.004104336717268333,0.0,4,10000,[118.6213207296033],[2072.1312392225864],[0.994856704345161],20,0.012225003852320776
3791,0.025078682125795736,0.0,4,10000,[118.6213207296033],[2072.1312392225864],[0.994856704345161],20,0.012225003852320776
3792,-0.012626428399800103,0.0,4,10000,[118.6213207296033],[2072.1312392225864],[0.994856704345161],20,0.012225003852320776
3793,0.027200059230649814,0.0,4,10000,[118.6213207296033],[2072.1312392225864],[0.994856704345161],20,0.012225003852320776
3794,-0.010535601999215917,0.0,4,10000,[118.6213207296033],[2072.1312392225864],[0.994856704345161],20,0.012225003852320776
3795,-0.005867865577671583,0.0,4,10000,[118.6213207296033],[2072.1312392225864],[0.994856704345161],20,0.012225003852320776
3796,0.0029305266608088847,0.0,4,10000,[118.6213207296033],[2072.1312392225864],[0.994856704345161],20,0.012225003852320776
3797,0.0017659307567196867,0.0,4,10000,[118.6213207296033],[2072.1312392225864],[0.994856704345161],20,0.012225003852320776
3798,0.019296472983038666,0.0,4,10000,[118.6213207296033],[2072.1312392225864],[0.994856704345161],20,0.012225003852320776
3799,-0.005710662210617182,0.0,4,10000,[118.6213207296033],[2072.1312392225864],[0.994856704345161],20,0.012225003852320776
3800,-0.010711751217402659,0.0,4,10000,[118.6213207296033],[2072.1312392225864],[0.994856704345161],20,0.012225003852320776
3801,-0.016468487952724327,0.0,4,10000,[118.6213207296033],[2072.1312392225864],[0.994856704345161],20,0.012225003852320776
3802,0.012321846464520139,0.0,4,10000,[118.6213207296033],[2072.1312392225864],[0.994856704345161],20,0.012225003852320776
3803,-0.0054398410163045,0.0,4,10000,[118.6213207296033],[2072.1312392225864],[0.994856704345161],20,0.012225003852320776
3804,0.008605126589798246,0.0,4,10000,[118.6213207296033],[2072.1312392225864],[0.994856704345161],20,0.012225003852320776
3805,-0.007456900475954256,0.0,4,10000,[118.6213207296033],[2072.1312392225864],[0.994856704345161],20,0.012225003852320776
3806,0.020591019181915873,0.0,4,10000,[118.6213207296033],[2072.1312392225864],[0.994856704345161],20,0.012225003852320776
3807,-0.007537044552665017,0.0,4,10000,[118.6213207296033],[2072.1312392225864],[0.994856704345161],20,0.012225003852320776
3808,-0.0011523822921862847,0.0,4,10000,[118.6213207296033],[2072.1312392225864],[0.994856704345161],20,0.012225003852320776
3809,-0.013245542408697698,0.0,4,10000,[118.6213207296033],[2072.1312392225864],[0.994856704345161],20,0.012225003852320776
3810,0.005417226353693868,0.0,4,10000,[118.6213207296033],[2072.1312392225864],[0.994856704345161],20,0.012225003852320776
3811,0.004458331733825897,0.0,4,10000,[118.6213207296033],[2072.1312392225864],[0.994856704345161],20,0.012225003852320776
3812,-0.006798940939581103,0.0,4,10000,[118.6213207296033],[2072.1312392225864],[0.994856704345161],20,0.012225003852320776
3813,0.017595809308608233,0.0,4,10000,[118.6213207296033],[2072.1312392225864],[0.994856704345161],20,0.012225003852320776
3814,-0.00985656814375309,0.0,4,10000,[118.6213207296033],[2072.1312392225864],[0.994856704345161],20,0.012225003852320776
3815,0.005657839925197852,0.0,4,10000,[118.6213207296033],[2072.1312392225864],[0.994856704345161],20,0.012225003852320776
3816,-0.0014105623671554135,0.0,4,10000,[118.6213207296033],[2072.1312392225864],[0.994856704345161],20,0.012225003852320776
3817,0.012720463901778086,0.0,4,10000,[118.6213207296033],[2072.1312392225864],[0.994856704345161],20,0.012225003852320776
3818,-0.000677125402597007,0.0,4,10000,[118.6213207296033],[2072.1312392225864],[0.994856704345161],20,0.012225003852320776
3819,-0.004562310944973916,0.0,4,10000,[118.6213207296033],[2072.1312392225864],[0.994856704345161],20,0.012225003852320776
3820,0.023851042489239277,0.0,4,10000,[118.6213207296033],[2072.1312392225864],[0.994856704345161],20,0.012225003852320776
3821,0.0016812270304763376,0.0,4,10000,[118.6213207296033],[2072.1312392225864],[0.994856704345161],20,0.012225003852320776
3822,0.03235470969850893,0.0,4,10000,[118.6213207296033],[2072.1312392225864],[0.994856704345161],20,0.012225003852320776
3823,0.0024142704071430502,0.0,4,10000,[118.6213207296033],[2072.1312392225864],[0.994856704345161],20,0.012225003852320776
3824,-0.009711944074030036,0.0,4,10000,[118.6213207296033],[2072.1312392225864],[0.994856704345161],20,0.012225003852320776
3825,-0.0006131536670588399,0.0,4,10000,[118.6213207296033],[2072.1312392225864],[0.994856704345161],20,0.012225003852320776
3826,-0.00037590436886953196,0.0,4,10000,[118.6213207296033],[2072.1312392225864],[0.994856704345161],20,0.012225003852320776
3827,-0.005107652642962881,0.0,4,10000,[118.6213207296033],[2072.1312392225864],[0.994856704345161],20,0.012225003852320776
3828,0.007335053848149014,0.0,4,10000,[118.6213207296033],[2072.1312392225864],[0.994856704345161],20,0.012225003852320776
3829,-0.008343550379398126,0.0,4,10000,[118.6213207296033],[2072.1312392225864],[0.994856704345161],20,0.012225003852320776
3830,-0.007319441246466973,0.0,4,10000,[118.6213207296033],[2072.1312392225864],[0.994856704345161],20,0.012225003852320776
3831,-0.008862519876061384,0.0,4,10000,[118.6213207296033],[2072.1312392225864],[0.994856704345161],20,0.012225003852320776
3832,-0.0059573823429194955,0.0,4,10000,[118.6213207296033],[2072.1312392225864],[0.994856704345161],20,0.012225003852320776
3833,-0.007360956296859787,0.0,4,10000,[118.6213207296033],[2072.1312392225864],[0.994856704345161],20,0.012225003852320776
3834,-0.012655515421981936,0.0,4,10000,[118.6213207296033],[2072.1312392225864],[0.994856704345161],20,0.012225003852320776
3835,-0.0012621120428775404,0.0,4,10000,[118.6213207296033],[2072.1312392225864],[0.994856704345161],20,0.012225003852320776
3836,-0.006951976037533652,0.0,4,10000,[118.6213207296033],[2072.1312392225864],[0.994856704345161],20,0.012225003852320776
3837,-0.0035633940813776686,0.0,4,10000,[118.6213207296033],[2072.1312392225864],[0.994856704345161],20,0.012225003852320776
3838,-0.004907411361925752,0.0,4,10000,[118.6213207296033],[2072.1312392225864],[0.994856704345161],20,0.012225003852320776
3839,-0.009336072758127159,0.0,4,10000,[118.6213207296033],[2072.1312392225864],[0.994856704345161],20,0.012225003852320776
3840,-0.005444123254665912,0.0,4,10000,[118.6213207296033],[2072.1312392225864],[0.994856704345161],20,0.012225003852320776
3841,0.017268395075249906,0.0,4,10000,[118.6213207296033],[2072.1312392225864],[0.994856704345161],20,0.012225003852320776
3842,0.01520858193061529,0.0,4,10000,[118.6213207296033],[2072.1312392225864],[0.994856704345161],20,0.012225003852320776
3843,0.02428624071876304,0.0,4,10000,[118.6213207296033],[2072.1312392225864],[0.994856704345161],20,0.012225003852320776
3844,0.02736695497121274,0.0,4,10000,[118.6213207296033],[2072.1312392225864],[0.994856704345161],20,0.012225003852320776
3845,0.014794949902746404,0.0,4,10000,[118.6213207296033],[2072.1312392225864],[0.994856704345161],20,0.012225003852320776
3846,-0.012435056044033608,0.0,4,10000,[118.6213207296033],[2072.1312392225864],[0.994856704345161],20,0.012225003852320776
3847,0.006039797646401651,0.0,4,10000,[118.6213207296033],[2072.1312392225864],[0.994856704345161],20,0.012225003852320776
3848,0.0040437368512456695,0.0,4,10000,[118.6213207296033],[2072.1312392225864],[0.994856704345161],20,0.012225003852320776
3849,-0.00401149539605425,0.0,4,10000,[118.6213207296033],[2072.1312392225864],[0.994856704345161],20,0.012225003852320776
3850,0.0042015960609301205,0.0,4,10000,[118.6213207296033],[2072.1312392225864],[0.994856704345161],20,0.012225003852320776
3851,-0.012269121090294358,0.0,4,10000,[118.6213207296033],[2072.1312392225864],[0.994856704345161],20,0.012225003852320776
3852,0.012317934302895217,0.0,4,10000,[118.6213207296033],[2072.1312392225864],[0.994856704345161],20,0.012225003852320776
3853,0.00036601259762102106,0.0,4,10000,[118.6213207296033],[2072.1312392225864],[0.994856704345161],20,0.012225003852320776
3854,0.003064094767480069,0.0,4,10000,[118.6213207296033],[2072.1312392225864],[0.994856704345161],20,0.012225003852320776
3855,0.01220782507711656,0.0,4,10000,[118.6213207296033],[2072.1312392225864],[0.994856704345161],20,0.012225003852320776
3856,-0.015665691613735003,0.0,4,10000,[118.6213207296033],[2072.1312392225864],[0.994856704345161],20,0.012225003852320776
3857,-0.020836755772318975,0.0,4,10000,[118.6213207296033],[2072.1312392225864],[0.994856704345161],20,0.012225003852320776
3858,-0.0015560721874724108,0.0,4,10000,[118.6213207296033],[2072.1312392225864],[0.994856704345161],20,0.012225003852320776
3859,0.021203958337513613,0.0,4,10000,[118.6213207296033],[2072.1312392225864],[0.994856704345161],20,0.012225003852320776
3860,0.017702927000986007,0.0,4,10000,[118.6213207296033],[2072.1312392225864],[0.994856704345161],20,0.012225003852320776
3861,-0.0010036962259394153,0.0,4,10000,[118.6213207296033],[2072.1312392225864],[0.994856704345161],20,0.012225003852320776
3862,0.008117720046575454,0.0,4,10000,[118.6213207296033],[2072.1312392225864],[0.994856704345161],20,0.012225003852320776
3863,0.02302394939010975,0.0,4,10000,[118.6213207296033],[2072.1312392225864],[0.994856704345161],20,0.012225003852320776
3864,0.014307368130479304,0.0,4,10000,[118.6213207296033],[2072.1312392225864],[0.994856704345161],20,0.012225003852320776
3865,-0.004948488844731537,0.0,4,10000,[118.6213207296033],[2072.1312392225864],[0.994856704345161],20,0.012225003852320776
3866,-0.01214879213919298,0.0,4,10000,[118.6213207296033],[2072.1312392225864],[0.994856704345161],20,0.012225003852320776
3867,0.008139753057166544,0.0,4,10000,[118.6213207296033],[2072.1312392225864],[0.994856704345161],20,0.012225003852320776
3868,0.013530800957153396,0.0,4,10000,[118.6213207296033],[2072.1312392225864],[0.994856704345161],20,0.012225003852320776
3869,0.017661967771925368,0.0,4,10000,[118.6213207296033],[2072.1312392225864],[0.994856704345161],20,0.012225003852320776
3870,-0.004566405782167434,0.0,4,10000,[118.6213207296033],[2072.1312392225864],[0.994856704345161],20,0.012225003852320776
3871,-0.00328911307520371,0.0,4,10000,[118.6213207296033],[2072.1312392225864],[0.994856704345161],20,0.012225003852320776
3872,-0.006626447441817868,0.0,4,10000,[118.6213207296033],[2072.1312392225864],[0.994856704345161],20,0.012225003852320776
3873,-0.02514995857752206,0.0,4,10000,[118.6213207296033],[2072.1312392225864],[0.994856704345161],20,0.012225003852320776
3874,-0.01012125528229424,0.0,4,10000,[118.6213207296033],[2072.1312392225864],[0.994856704345161],20,0.012225003852320776
3875,0.004535158668449218,0.0,4,10000,[118.6213207296033],[2072.1312392225864],[0.994856704345161],20,0.012225003852320776
3876,-0.00686504964824434,0.0,4,10000,[118.6213207296033],[2072.1312392225864],[0.994856704345161],20,0.012225003852320776
3877,-0.005234703967356907,0.0,4,10000,[118.6213207296033],[2072.1312392225864],[0.994856704345161],20,0.012225003852320776
3878,0.005166675457808542,0.0,4,10000,[118.6213207296033],[2072.1312392225864],[0.994856704345161],20,0.012225003852320776
3879,0.011505213996208975,0.0,4,10000,[118.6213207296033],[2072.1312392225864],[0.994856704345161],20,0.012225003852320776
3880,-0.007420627601109955,0.0,4,10000,[118.6213207296033],[2072.1312392225864],[0.994856704345161],20,0.012225003852320776
3881,-0.02377651953296037,0.0,4,10000,[118.6213207296033],[2072.1312392225864],[0.994856704345161],20,0.012225003852320776
3882,0.010548196568912654,0.0,4,10000,[118.6213207296033],[2072.1312392225864],[0.994856704345161],20,0.012225003852320776
3883,0.013785107588062985,0.0,4,10000,[118.6213207296033],[2072.1312392225864],[0.994856704345161],20,0.012225003852320776
3884,0.01862766044136002,0.0,4,10000,[118.6213207296033],[2072.1312392225864],[0.994856704345161],20,0.012225003852320776
3885,-0.0006379541563047168,0.0,4,10000,[118.6213207296033],[2072.1312392225864],[0.994856704345161],20,0.012225003852320776
3886,-0.014958550244703833,0.0,4,10000,[118.6213207296033],[2072.1312392225864],[0.994856704345161],20,0.012225003852320776
3887,0.009969967515784852,0.0,4,10000,[118.6213207296033],[2072.1312392225864],[0.994856704345161],20,0.012225003852320776
3888,0.018851211857322,0.0,4,10000,[118.6213207296033],[2072.1312392225864],[0.994856704345161],20,0.012225003852320776
3889,0.0005588198525649196,0.0,4,10000,[118.6213207296033],[2072.1312392225864],[0.994856704345161],20,0.012225003852320776
3890,-0.004185124832714508,0.0,4,10000,[118.6213207296033],[2072.1312392225864],[0.994856704345161],20,0.012225003852320776
3891,0.01117619981959197,0.0,4,10000,[118.6213207296033],[2072.1312392225864],[0.994856704345161],20,0.012225003852320776
3892,0.004876187265829918,0.0,4,10000,[118.6213207296033],[2072.1312392225864],[0.994856704345161],20,0.012225003852320776
3893,-0.0008147323887796702,0.0,4,10000,[118.6213207296033],[2072.1312392225864],[0.994856704345161],20,0.012225003852320776
3894,0.015084363790105757,0.0,4,10000,[118.6213207296033],[2072.1312392225864],[0.994856704345161],20,0.012225003852320776
3895,0.007051646002054128,0.0,4,10000,[118.6213207296033],[2072.1312392225864],[0.994856704345161],20,0.012225003852320776
3896,-0.01211470376418389,0.0,4,10000,[118.6213207296033],[2072.1312392225864],[0.994856704345161],20,0.012225003852320776
3897,-0.00434455557851097,0.0,4,10000,[118.6213207296033],[2072.1312392225864],[0.994856704345161],20,0.012225003852320776
3898,-0.016269749684037927,0.0,4,10000,[118.6213207296033],[2072.1312392225864],[0.994856704345161],20,0.012225003852320776
3899,-0.021453590299881115,0.0,4,10000,[118.6213207296033],[2072.1312392225864],[0.994856704345161],20,0.012225003852320776
3900,-0.010999728146512797,0.0,4,10000,[118.6213207296033],[2072.1312392225864],[0.994856704345161],20,0.012225003852320776
3901,-0.012530434346614418,0.0,4,10000,[118.6213207296033],[2072.1312392225864],[0.994856704345161],20,0.012225003852320776
3902,0.002843533034714217,0.0,4,10000,[118.6213207296033],[2072.1312392225864],[0.994856704345161],20,0.012225003852320776
3903,0.0017496021400031697,0.0,4,10000,[118.6213207296033],[2072.1312392225864],[0.994856704345161],20,0.012225003852320776
3904,-0.0012130313145591932,0.0,4,10000,[118.6213207296033],[2072.1312392225864],[0.994856704345161],20,0.012225003852320776
3905,-0.0013854537554864876,0.0,4,10000,[118.6213207296033],[2072.1312392225864],[0.994856704345161],20,0.012225003852320776
3906,0.024103197505316202,0.0,4,10000,[118.6213207296033],[2072.1312392225864],[0.994856704345161],20,0.012225003852320776
3907,-0.0033777421858762237,0.0,4,10000,[118.6213207296033],[2072.1312392225864],[0.994856704345161],20,0.012225003852320776
3908,0.0065061566863684845,0.0,4,10000,[118.6213207296033],[2072.1312392225864],[0.994856704345161],20,0.012225003852320776
3909,0.01967327733343989,0.0,4,10000,[118.6213207296033],[2072.1312392225864],[0.994856704345161],20,0.012225003852320776
3910,-0.02097787429143278,0.0,4,10000,[118.6213207296033],[2072.1312392225864],[0.994856704345161],20,0.012225003852320776
3911,-0.00012941264170640576,0.0,4,10000,[118.6213207296033],[2072.1312392225864],[0.994856704345161],20,0.012225003852320776
3912,-0.0068011308000736044,0.0,4,10000,[118.6213207296033],[2072.1312392225864],[0.994856704345161],20,0.012225003852320776
3913,-0.015131168160642791,0.0,4,10000,[118.6213207296033],[2072.1312392225864],[0.994856704345161],20,0.012225003852320776
3914,0.0021488354163185833,0.0,4,10000,[118.6213207296033],[2072.1312392225864],[0.994856704345161],20,0.012225003852320776
3915,-0.009058903831257167,0.0,4,10000,[118.6213207296033],[2072.1312392225864],[0.994856704345161],20,0.012225003852320776
3916,0.0018358756539287168,0.0,4,10000,[118.6213207296033],[2072.1312392225864],[0.994856704345161],20,0.012225003852320776
3917,-0.003025171661023065,0.0,4,10000,[118.6213207296033],[2072.1312392225864],[0.994856704345161],20,0.012225003852320776
3918,-0.0027086587580961454,0.0,4,10000,[118.6213207296033],[2072.1312392225864],[0.994856704345161],20,0.012225003852320776
3919,0.006174105331397855,0.0,4,10000,[118.6213207296033],[2072.1312392225864],[0.994856704345161],20,0.012225003852320776
3920,-0.0033001382873717095,0.0,4,10000,[118.6213207296033],[2072.1312392225864],[0.994856704345161],20,0.012225003852320776
3921,0.003303055133670866,0.0,4,10000,[118.6213207296033],[2072.1312392225864],[0.994856704345161],20,0.012225003852320776
3922,-0.016286761041277964,0.0,4,10000,[118.6213207296033],[2072.1312392225864],[0.994856704345161],20,0.012225003852320776
3923,0.006508203782242498,0.0,4,10000,[118.6213207296033],[2072.1312392225864],[0.994856704345161],20,0.012225003852320776
3924,-0.005738211621303105,0.0,4,10000,[118.6213207296033],[2072.1312392225864],[0.994856704345161],20,0.012225003852320776
3925,0.008411111226999234,0.0,4,10000,[118.6213207296033],[2072.1312392225864],[0.994856704345161],20,0.012225003852320776
3926,0.005365394650503316,0.0,4,10000,[118.6213207296033],[2072.1312392225864],[0.994856704345161],20,0.012225003852320776
3927,-0.0029597854246286334,0.0,4,10000,[118.6213207296033],[2072.1312392225864],[0.994856704345161],20,0.012225003852320776
3928,0.011176453807296522,0.0,4,10000,[118.6213207296033],[2072.1312392225864],[0.994856704345161],20,0.012225003852320776
3929,0.0024656863398054654,0.0,4,10000,[118.6213207296033],[2072.1312392225864],[0.994856704345161],20,0.012225003852320776
3930,0.004648210776771377,0.0,4,10000,[118.6213207296033],[2072.1312392225864],[0.994856704345161],20,0.012225003852320776
3931,0.010213924191907125,0.0,4,10000,[118.6213207296033],[2072.1312392225864],[0.994856704345161],20,0.012225003852320776
3932,0.011526717285127837,0.0,4,10000,[118.6213207296033],[2072.1312392225864],[0.994856704345161],20,0.012225003852320776
3933,0.002047158279881927,0.0,4,10000,[118.6213207296033],[2072.1312392225864],[0.994856704345161],20,0.012225003852320776
3934,-0.0008604405718704277,0.0,4,10000,[118.6213207296033],[2072.1312392225864],[0.994856704345161],20,0.012225003852320776
3935,0.012826838768849895,0.0,4,10000,[118.6213207296033],[2072.1312392225864],[0.994856704345161],20,0.012225003852320776
3936,-0.0005740165796405036,0.0,4,10000,[118.6213207296033],[2072.1312392225864],[0.994856704345161],20,0.012225003852320776
3937,0.012407162064286931,0.0,4,10000,[118.6213207296033],[2072.1312392225864],[0.994856704345161],20,0.012225003852320776
3938,-0.02438529181393458,0.0,4,10000,[118.6213207296033],[2072.1312392225864],[0.994856704345161],20,0.012225003852320776
3939,-0.01863101806749253,0.0,4,10000,[118.6213207296033],[2072.1312392225864],[0.994856704345161],20,0.012225003852320776
3940,-0.0009597829256081204,0.0,4,10000,[118.6213207296033],[2072.1312392225864],[0.994856704345161],20,0.012225003852320776
3941,-0.011126611686073774,0.0,4,10000,[118.6213207296033],[2072.1312392225864],[0.994856704345161],20,0.012225003852320776
3942,0.00172933761797343,0.0,4,10000,[118.6213207296033],[2072.1312392225864],[0.994856704345161],20,0.012225003852320776
3943,0.00898303114622711,0.0,4,10000,[118.6213207296033],[2072.1312392225864],[0.994856704345161],20,0.012225003852320776
3944,0.00117917861152126,0.0,4,10000,[118.6213207296033],[2072.1312392225864],[0.994856704345161],20,0.012225003852320776
3945,-0.016637248292440725,0.0,4,10000,[118.6213207296033],[2072.1312392225864],[0.994856704345161],20,0.012225003852320776
3946,-0.02071880895982095,0.0,4,10000,[118.6213207296033],[2072.1312392225864],[0.994856704345161],20,0.012225003852320776
3947,-0.0023850780024431495,0.0,4,10000,[118.6213207296033],[2072.1312392225864],[0.994856704345161],20,0.012225003852320776
3948,-0.0005566112912173475,0.0,4,10000,[118.6213207296033],[2072.1312392225864],[0.994856704345161],20,0.012225003852320776
3949,0.03124882614922478,0.0,4,10000,[118.6213207296033],[2072.1312392225864],[0.994856704345161],20,0.012225003852320776
3950,-0.030873057394500247,0.0,4,10000,[118.6213207296033],[2072.1312392225864],[0.994856704345161],20,0.012225003852320776
3951,0.015890023547075437,0.0,4,10000,[118.6213207296033],[2072.1312392225864],[0.994856704345161],20,0.012225003852320776
3952,0.037890108801628464,0.0,4,10000,[118.6213207296033],[2072.1312392225864],[0.994856704345161],20,0.012225003852320776
3953,0.00032159355033567006,0.0,4,10000,[118.6213207296033],[2072.1312392225864],[0.994856704345161],20,0.012225003852320776
3954,0.008300362566261262,0.0,4,10000,[118.6213207296033],[2072.1312392225864],[0.994856704345161],20,0.012225003852320776
3955,-0.001236318911622975,0.0,4,10000,[118.6213207296033],[2072.1312392225864],[0.994856704345161],20,0.012225003852320776
3956,-0.0005829919466644489,0.0,4,10000,[118.6213207296033],[2072.1312392225864],[0.994856704345161],20,0.012225003852320776
3957,-0.01556709601221615,0.0,4,10000,[118.6213207296033],[2072.1312392225864],[0.994856704345161],20,0.012225003852320776
3958,-0.028330054116942005,0.0,4,10000,[118.6213207296033],[2072.1312392225864],[0.994856704345161],20,0.012225003852320776
3959,0.00615378728327926,0.0,4,10000,[118.6213207296033],[2072.1312392225864],[0.994856704345161],20,0.012225003852320776
3960,-0.007669899815768662,0.0,4,10000,[118.6213207296033],[2072.1312392225864],[0.994856704345161],20,0.012225003852320776
3961,-0.007432809470713973,0.0,4,10000,[118.6213207296033],[2072.1312392225864],[0.994856704345161],20,0.012225003852320776
3962,-0.022497144127048858,0.0,4,10000,[118.6213207296033],[2072.1312392225864],[0.994856704345161],20,0.012225003852320776
3963,-0.010834909099026515,0.0,4,10000,[118.6213207296033],[2072.1312392225864],[0.994856704345161],20,0.012225003852320776
3964,-0.002512853362111435,0.0,4,10000,[118.6213207296033],[2072.1312392225864],[0.994856704345161],20,0.012225003852320776
3965,0.02601534149086652,0.0,4,10000,[118.6213207296033],[2072.1312392225864],[0.994856704345161],20,0.012225003852320776
3966,-0.02064661000677923,0.0,4,10000,[118.6213207296033],[2072.1312392225864],[0.994856704345161],20,0.012225003852320776
3967,-0.013405602481330877,0.0,4,10000,[118.6213207296033],[2072.1312392225864],[0.994856704345161],20,0.012225003852320776
3968,0.00041764964819030967,0.0,4,10000,[118.6213207296033],[2072.1312392225864],[0.994856704345161],20,0.012225003852320776
3969,0.003091476484309767,0.0,4,10000,[118.6213207296033],[2072.1312392225864],[0.994856704345161],20,0.012225003852320776
3970,0.014715297970369384,0.0,4,10000,[118.6213207296033],[2072.1312392225864],[0.994856704345161],20,0.012225003852320776
3971,-0.01620539451320143,0.0,4,10000,[118.6213207296033],[2072.1312392225864],[0.994856704345161],20,0.012225003852320776
3972,-0.008950937232389137,0.0,4,10000,[118.6213207296033],[2072.1312392225864],[0.994856704345161],20,0.012225003852320776
3973,0.007530957496494445,0.0,4,10000,[118.6213207296033],[2072.1312392225864],[0.994856704345161],20,0.012225003852320776
3974,-0.00018293105482510556,0.0,4,10000,[118.6213207296033],[2072.1312392225864],[0.994856704345161],20,0.012225003852320776
3975,0.008049658085448781,0.0,4,10000,[118.6213207296033],[2072.1312392225864],[0.994856704345161],20,0.012225003852320776
3976,0.013825950484710865,0.0,4,10000,[118.6213207296033],[2072.1312392225864],[0.994856704345161],20,0.012225003852320776
3977,0.013094116331340196,0.0,4,10000,[118.6213207296033],[2072.1312392225864],[0.994856704345161],20,0.012225003852320776
3978,-0.004098125656600346,0.0,4,10000,[118.6213207296033],[2072.1312392225864],[0.994856704345161],20,0.012225003852320776
3979,0.017568941592837943,0.0,4,10000,[118.6213207296033],[2072.1312392225864],[0.994856704345161],20,0.012225003852320776
3980,-0.004802355456711905,0.0,4,10000,[118.6213207296033],[2072.1312392225864],[0.994856704345161],20,0.012225003852320776
3981,-0.009404221731236768,0.0,4,10000,[118.6213207296033],[2072.1312392225864],[0.994856704345161],20,0.012225003852320776
3982,0.014427449745241124,0.0,4,10000,[118.6213207296033],[2072.1312392225864],[0.994856704345161],20,0.012225003852320776
3983,0.003997468228767882,0.0,4,10000,[118.6213207296033],[2072.1312392225864],[0.994856704345161],20,0.012225003852320776
3984,0.00852484713069189,0.0,4,10000,[118.6213207296033],[2072.1312392225864],[0.994856704345161],20,0.012225003852320776
3985,0.01073843444297798,0.0,4,10000,[118.6213207296033],[2072.1312392225864],[0.994856704345161],20,0.012225003852320776
3986,0.020819805685733758,0.0,4,10000,[118.6213207296033],[2072.1312392225864],[0.994856704345161],20,0.012225003852320776
3987,-0.01875419367879032,0.0,4,10000,[118.6213207296033],[2072.1312392225864],[0.994856704345161],20,0.012225003852320776
3988,-0.008789035645222723,0.0,4,10000,[118.6213207296033],[2072.1312392225864],[0.994856704345161],20,0.012225003852320776
3989,-0.004224876983246847,0.0,4,10000,[118.6213207296033],[2072.1312392225864],[0.994856704345161],20,0.012225003852320776
3990,0.007066329920828087,0.0,4,10000,[118.6213207296033],[2072.1312392225864],[0.994856704345161],20,0.012225003852320776
3991,0.010246218532336194,0.0,4,10000,[118.6213207296033],[2072.1312392225864],[0.994856704345161],20,0.012225003852320776
3992,-0.005590997134416005,0.0,4,10000,[118.6213207296033],[2072.1312392225864],[0.994856704345161],20,0.012225003852320776
3993,-0.008167625058254887,0.0,4,10000,[118.6213207296033],[2072.1312392225864],[0.994856704345161],20,0.012225003852320776
3994,0.011946945957409322,0.0,4,10000,[118.6213207296033],[2072.1312392225864],[0.994856704345161],20,0.012225003852320776
3995,0.008768040978804357,0.0,4,10000,[118.6213207296033],[2072.1312392225864],[0.994856704345161],20,0.012225003852320776
3996,0.003750985776493218,0.0,4,10000,[118.6213207296033],[2072.1312392225864],[0.994856704345161],20,0.012225003852320776
3997,0.00013376877037385516,0.0,4,10000,[118.6213207296033],[2072.1312392225864],[0.994856704345161],20,0.012225003852320776
3998,0.0048772379885225915,0.0,4,10000,[118.6213207296033],[2072.1312392225864],[0.994856704345161],20,0.012225003852320776
3999,0.0003572765100229234,0.0,4,10000,[118.6213207296033],[2072.1312392225864],[0.994856704345161],20,0.012225003852320776
4000,0.029078124583830682,0.0,4,10000,[118.6213207296033],[2072.1312392225864],[0.994856704345161],20,0.012225003852320776
4001,-0.01558160842039271,0.0,4,10000,[118.6213207296033],[2072.1312392225864],[0.994856704345161],20,0.012225003852320776
4002,0.010291742081867738,0.0,4,10000,[118.6213207296033],[2072.1312392225864],[0.994856704345161],20,0.012225003852320776
4003,-0.00540684375757026,0.0,4,10000,[118.6213207296033],[2072.1312392225864],[0.994856704345161],20,0.012225003852320776
4004,-0.0013342273698942063,0.0,4,10000,[118.6213207296033],[2072.1312392225864],[0.994856704345161],20,0.012225003852320776
4005,0.0022127549950918322,0.0,4,10000,[118.6213207296033],[2072.1312392225864],[0.994856704345161],20,0.012225003852320776
4006,-0.024095879144308125,0.0,4,10000,[118.6213207296033],[2072.1312392225864],[0.994856704345161],20,0.012225003852320776
4007,-0.007001022996735203,0.0,4,10000,[118.6213207296033],[2072.1312392225864],[0.994856704345161],20,0.012225003852320776
4008,-0.003903367335303267,0.0,4,10000,[118.6213207296033],[2072.1312392225864],[0.994856704345161],20,0.012225003852320776
4009,0.01206382310715237,0.0,4,10000,[118.6213207296033],[2072.1312392225864],[0.994856704345161],20,0.012225003852320776
4010,0.0018058428929209514,0.0,4,10000,[118.6213207296033],[2072.1312392225864],[0.994856704345161],20,0.012225003852320776
4011,0.0030715489073338646,0.0,4,10000,[118.6213207296033],[2072.1312392225864],[0.994856704345161],20,0.012225003852320776
4012,-0.0066898750659031714,0.0,4,10000,[118.6213207296033],[2072.1312392225864],[0.994856704345161],20,0.012225003852320776
4013,-0.008075103583654313,0.0,4,10000,[118.6213207296033],[2072.1312392225864],[0.994856704345161],20,0.012225003852320776
4014,0.015565946076122685,0.0,4,10000,[118.6213207296033],[2072.1312392225864],[0.994856704345161],20,0.012225003852320776
4015,-0.023168721025346617,0.0,4,10000,[118.6213207296033],[2072.1312392225864],[0.994856704345161],20,0.012225003852320776
4016,-0.029386693259294994,0.0,4,10000,[118.6213207296033],[2072.1312392225864],[0.994856704345161],20,0.012225003852320776
4017,0.006798676984872246,0.0,4,10000,[118.6213207296033],[2072.1312392225864],[0.994856704345161],20,0.012225003852320776
4018,0.008445039619531167,0.0,4,10000,[118.6213207296033],[2072.1312392225864],[0.994856704345161],20,0.012225003852320776
4019,-0.006736601258423522,0.0,4,10000,[118.6213207296033],[2072.1312392225864],[0.994856704345161],20,0.012225003852320776
4020,0.01275923466225529,0.0,4,10000,[118.6213207296033],[2072.1312392225864],[0.994856704345161],20,0.012225003852320776
4021,0.0030535994389763654,0.0,4,10000,[118.6213207296033],[2072.1312392225864],[0.994856704345161],20,0.012225003852320776
4022,-0.011299711963176282,0.0,4,10000,[118.6213207296033],[2072.1312392225864],[0.994856704345161],20,0.012225003852320776
4023,-0.012150622572324075,0.0,4,10000,[118.6213207296033],[2072.1312392225864],[0.994856704345161],20,0.012225003852320776
4024,0.009870602047787676,0.0,4,10000,[118.6213207296033],[2072.1312392225864],[0.994856704345161],20,0.012225003852320776
4025,0.01037428471543038,0.0,4,10000,[118.6213207296033],[2072.1312392225864],[0.994856704345161],20,0.012225003852320776
4026,-0.009856033696850546,0.0,4,10000,[118.6213207296033],[2072.1312392225864],[0.994856704345161],20,0.012225003852320776
4027,-0.005277438007505799,0.0,4,10000,[118.6213207296033],[2072.1312392225864],[0.994856704345161],20,0.012225003852320776
4028,0.003999633254922716,0.0,4,10000,[118.6213207296033],[2072.1312392225864],[0.994856704345161],20,0.012225003852320776
4029,-0.018444544002424706,0.0,4,10000,[118.6213207296033],[2072.1312392225864],[0.994856704345161],20,0.012225003852320776
4030,-0.003201695742139255,0.0,4,10000,[118.6213207296033],[2072.1312392225864],[0.994856704345161],20,0.012225003852320776
4031,-0.004912170070169475,0.0,4,10000,[118.6213207296033],[2072.1312392225864],[0.994856704345161],20,0.012225003852320776
4032,0.015612989390375016,0.0,4,10000,[118.6213207296033],[2072.1312392225864],[0.994856704345161],20,0.012225003852320776
4033,0.012089933521678248,0.0,4,10000,[118.6213207296033],[2072.1312392225864],[0.994856704345161],20,0.012225003852320776
4034,-0.012239350028704249,0.0,4,10000,[118.6213207296033],[2072.1312392225864],[0.994856704345161],20,0.012225003852320776
4035,0.0015403080355245306,0.0,4,10000,[118.6213207296033],[2072.1312392225864],[0.994856704345161],20,0.012225003852320776
4036,-0.017272987046189594,0.0,4,10000,[118.6213207296033],[2072.1312392225864],[0.994856704345161],20,0.012225003852320776
4037,0.00010949389503403806,0.0,4,10000,[118.6213207296033],[2072.1312392225864],[0.994856704345161],20,0.012225003852320776
4038,-0.002332100798571053,0.0,4,10000,[118.6213207296033],[2072.1312392225864],[0.994856704345161],20,0.012225003852320776
4039,-0.0067253977512583525,0.0,4,10000,[118.6213207296033],[2072.1312392225864],[0.994856704345161],20,0.012225003852320776
4040,-0.0028972748284436475,0.0,4,10000,[118.6213207296033],[2072.1312392225864],[0.994856704345161],20,0.012225003852320776
4041,-0.01522114318936407,0.0,4,10000,[118.6213207296033],[2072.1312392225864],[0.994856704345161],20,0.012225003852320776
4042,-0.004967065976364874,0.0,4,10000,[118.6213207296033],[2072.1312392225864],[0.994856704345161],20,0.012225003852320776
4043,0.002323317587102741,0.0,4,10000,[118.6213207296033],[2072.1312392225864],[0.994856704345161],20,0.012225003852320776
4044,-0.0035701846088671404,0.0,4,10000,[118.6213207296033],[2072.1312392225864],[0.994856704345161],20,0.012225003852320776
4045,0.010516888536485403,0.0,4,10000,[118.6213207296033],[2072.1312392225864],[0.994856704345161],20,0.012225003852320776
4046,0.01026043299275129,0.0,4,10000,[118.6213207296033],[2072.1312392225864],[0.994856704345161],20,0.012225003852320776
4047,0.004994270545560922,0.0,4,10000,[118.6213207296033],[2072.1312392225864],[0.994856704345161],20,0.012225003852320776
4048,0.00891578893541525,0.0,4,10000,[118.6213207296033],[2072.1312392225864],[0.994856704345161],20,0.012225003852320776
4049,0.007630504753983154,0.0,4,10000,[118.6213207296033],[2072.1312392225864],[0.994856704345161],20,0.012225003852320776
4050,-0.001373968720017534,0.0,4,10000,[118.6213207296033],[2072.1312392225864],[0.994856704345161],20,0.012225003852320776
4051,-0.005851146529539425,0.0,4,10000,[118.6213207296033],[2072.1312392225864],[0.994856704345161],20,0.012225003852320776
4052,-0.0027538979880104954,0.0,4,10000,[118.6213207296033],[2072.1312392225864],[0.994856704345161],20,0.012225003852320776
4053,-0.00905749968943141,0.0,4,10000,[118.6213207296033],[2072.1312392225864],[0.994856704345161],20,0.012225003852320776
4054,0.013565475288388354,0.0,4,10000,[118.6213207296033],[2072.1312392225864],[0.994856704345161],20,0.012225003852320776
4055,-0.00533696374032534,0.0,4,10000,[118.6213207296033],[2072.1312392225864],[0.994856704345161],20,0.012225003852320776
4056,-0.007989403634014392,0.0,4,10000,[118.6213207296033],[2072.1312392225864],[0.994856704345161],20,0.012225003852320776
4057,0.014449849619417938,0.0,4,10000,[118.6213207296033],[2072.1312392225864],[0.994856704345161],20,0.012225003852320776
4058,0.008651709748922909,0.0,4,10000,[118.6213207296033],[2072.1312392225864],[0.994856704345161],20,0.012225003852320776
4059,0.0091875610465453,0.0,4,10000,[118.6213207296033],[2072.1312392225864],[0.994856704345161],20,0.012225003852320776
4060,-0.024422160417485832,0.0,4,10000,[118.6213207296033],[2072.1312392225864],[0.994856704345161],20,0.012225003852320776
4061,0.0030418504971663875,0.0,4,10000,[118.6213207296033],[2072.1312392225864],[0.994856704345161],20,0.012225003852320776
4062,-0.0014006795361521968,0.0,4,10000,[118.6213207296033],[2072.1312392225864],[0.994856704345161],20,0.012225003852320776
4063,0.009967117242232367,0.0,4,10000,[118.6213207296033],[2072.1312392225864],[0.994856704345161],20,0.012225003852320776
4064,-0.0065110230337576775,0.0,4,10000,[118.6213207296033],[2072.1312392225864],[0.994856704345161],20,0.012225003852320776
4065,-0.00223069479791767,0.0,4,10000,[118.6213207296033],[2072.1312392225864],[0.994856704345161],20,0.012225003852320776
4066,0.003969902780507994,0.0,4,10000,[118.6213207296033],[2072.1312392225864],[0.994856704345161],20,0.012225003852320776
4067,-0.003639818251716539,0.0,4,10000,[118.6213207296033],[2072.1312392225864],[0.994856704345161],20,0.012225003852320776
4068,-0.03208341430608997,0.0,4,10000,[118.6213207296033],[2072.1312392225864],[0.994856704345161],20,0.012225003852320776
4069,0.009210808915952102,0.0,4,10000,[118.6213207296033],[2072.1312392225864],[0.994856704345161],20,0.012225003852320776
4070,-0.018681766301057508,0.0,4,10000,[118.6213207296033],[2072.1312392225864],[0.994856704345161],20,0.012225003852320776
4071,0.005274371588048789,0.0,4,10000,[118.6213207296033],[2072.1312392225864],[0.994856704345161],20,0.012225003852320776
4072,0.008269153985695275,0.0,4,10000,[118.6213207296033],[2072.1312392225864],[0.994856704345161],20,0.012225003852320776
4073,-0.0028600934601644384,0.0,4,10000,[118.6213207296033],[2072.1312392225864],[0.994856704345161],20,0.012225003852320776
4074,0.01078246650107177,0.0,4,10000,[118.6213207296033],[2072.1312392225864],[0.994856704345161],20,0.012225003852320776
4075,-0.016346924548340327,0.0,4,10000,[118.6213207296033],[2072.1312392225864],[0.994856704345161],20,0.012225003852320776
4076,-0.005885213224512185,0.0,4,10000,[118.6213207296033],[2072.1312392225864],[0.994856704345161],20,0.012225003852320776
4077,0.017453762673542362,0.0,4,10000,[118.6213207296033],[2072.1312392225864],[0.994856704345161],20,0.012225003852320776
4078,-0.006665304140675255,0.0,4,10000,[118.6213207296033],[2072.1312392225864],[0.994856704345161],20,0.012225003852320776
4079,-0.0015581011742593607,0.0,4,10000,[118.6213207296033],[2072.1312392225864],[0.994856704345161],20,0.012225003852320776
4080,0.010918276412545657,0.0,4,10000,[118.6213207296033],[2072.1312392225864],[0.994856704345161],20,0.012225003852320776
4081,-0.004999650796333309,0.0,4,10000,[118.6213207296033],[2072.1312392225864],[0.994856704345161],20,0.012225003852320776
4082,0.008972328995320812,0.0,4,10000,[118.6213207296033],[2072.1312392225864],[0.994856704345161],20,0.012225003852320776
4083,0.020114103405977024,0.0,4,10000,[118.6213207296033],[2072.1312392225864],[0.994856704345161],20,0.012225003852320776
4084,0.010280447846934373,0.0,4,10000,[118.6213207296033],[2072.1312392225864],[0.994856704345161],20,0.012225003852320776
4085,0.022559914697071373,0.0,4,10000,[118.6213207296033],[2072.1312392225864],[0.994856704345161],20,0.012225003852320776
4086,-0.007062756646833018,0.0,4,10000,[118.6213207296033],[2072.1312392225864],[0.994856704345161],20,0.012225003852320776
4087,-0.005861690691386018,0.0,4,10000,[118.6213207296033],[2072.1312392225864],[0.994856704345161],20,0.012225003852320776
4088,-0.022554516013928078,0.0,4,10000,[118.6213207296033],[2072.1312392225864],[0.994856704345161],20,0.012225003852320776
4089,-0.001579286263197271,0.0,4,10000,[118.6213207296033],[2072.1312392225864],[0.994856704345161],20,0.012225003852320776
4090,-0.0033149706184309245,0.0,4,10000,[118.6213207296033],[2072.1312392225864],[0.994856704345161],20,0.012225003852320776
4091,-0.011316577962551262,0.0,4,10000,[118.6213207296033],[2072.1312392225864],[0.994856704345161],20,0.012225003852320776
4092,0.011353830321875792,0.0,4,10000,[118.6213207296033],[2072.1312392225864],[0.994856704345161],20,0.012225003852320776
4093,0.012567049397973684,0.0,4,10000,[118.6213207296033],[2072.1312392225864],[0.994856704345161],20,0.012225003852320776
4094,0.022618996338504904,0.0,4,10000,[118.6213207296033],[2072.1312392225864],[0.994856704345161],20,0.012225003852320776
4095,0.007759119073034483,0.0,4,10000,[118.6213207296033],[2072.1312392225864],[0.994856704345161],20,0.012225003852320776
4096,-0.026728123048474835,0.0,4,10000,[118.6213207296033],[2072.1312392225864],[0.994856704345161],20,0.012225003852320776
4097,-0.01635336294068913,0.0,4,10000,[118.6213207296033],[2072.1312392225864],[0.994856704345161],20,0.012225003852320776
4098,0.01666812678930294,0.0,4,10000,[118.6213207296033],[2072.1312392225864],[0.994856704345161],20,0.012225003852320776
4099,0.0015821781299617558,0.0,4,10000,[118.6213207296033],[2072.1312392225864],[0.994856704345161],20,0.012225003852320776
4100,-0.002843347658784535,0.0,4,10000,[118.6213207296033],[2072.1312392225864],[0.994856704345161],20,0.012225003852320776
4101,-0.006233239912918478,0.0,4,10000,[118.6213207296033],[2072.1312392225864],[0.994856704345161],20,0.012225003852320776
4102,0.01905302009743396,0.0,4,10000,[118.6213207296033],[2072.1312392225864],[0.994856704345161],20,0.012225003852320776
4103,-0.016683186793567294,0.0,4,10000,[118.6213207296033],[2072.1312392225864],[0.994856704345161],20,0.012225003852320776
4104,-0.01983596722567281,0.0,4,10000,[118.6213207296033],[2072.1312392225864],[0.994856704345161],20,0.012225003852320776
4105,0.01725814430946287,0.0,4,10000,[118.6213207296033],[2072.1312392225864],[0.994856704345161],20,0.012225003852320776
4106,7.125903173664069e-05,0.0,4,10000,[118.6213207296033],[2072.1312392225864],[0.994856704345161],20,0.012225003852320776
4107,0.019724367277427175,0.0,4,10000,[118.6213207296033],[2072.1312392225864],[0.994856704345161],20,0.012225003852320776
4108,0.014851811285558816,0.0,4,10000,[118.6213207296033],[2072.1312392225864],[0.994856704345161],20,0.012225003852320776
4109,-0.019786739213904957,0.0,4,10000,[118.6213207296033],[2072.1312392225864],[0.994856704345161],20,0.012225003852320776
4110,2.7233257538213447e-05,0.0,4,10000,[118.6213207296033],[2072.1312392225864],[0.994856704345161],20,0.012225003852320776
4111,-0.026106853626246877,0.0,4,10000,[118.6213207296033],[2072.1312392225864],[0.994856704345161],20,0.012225003852320776
4112,0.0009226248110471663,0.0,4,10000,[118.6213207296033],[2072.1312392225864],[0.994856704345161],20,0.012225003852320776
4113,0.0039188916327392714,0.0,4,10000,[118.6213207296033],[2072.1312392225864],[0.994856704345161],20,0.012225003852320776
4114,-0.0028871722948839926,0.0,4,10000,[118.6213207296033],[2072.1312392225864],[0.994856704345161],20,0.012225003852320776
4115,-0.005990490170729757,0.0,4,10000,[118.6213207296033],[2072.1312392225864],[0.994856704345161],20,0.012225003852320776
4116,0.014940221795118086,0.0,4,10000,[118.6213207296033],[2072.1312392225864],[0.994856704345161],20,0.012225003852320776
4117,0.0026329901034753103,0.0,4,10000,[118.6213207296033],[2072.1312392225864],[0.994856704345161],20,0.012225003852320776
4118,-0.019548563818716315,0.0,4,10000,[118.6213207296033],[2072.1312392225864],[0.994856704345161],20,0.012225003852320776
4119,0.007981733698852756,0.0,4,10000,[118.6213207296033],[2072.1312392225864],[0.994856704345161],20,0.012225003852320776
4120,-0.017371137736030242,0.0,4,10000,[118.6213207296033],[2072.1312392225864],[0.994856704345161],20,0.012225003852320776
4121,-0.015838222277838047,0.0,4,10000,[118.6213207296033],[2072.1312392225864],[0.994856704345161],20,0.012225003852320776
4122,-0.001791423704642719,0.0,4,10000,[118.6213207296033],[2072.1312392225864],[0.994856704345161],20,0.012225003852320776
4123,-0.003417314568000129,0.0,4,10000,[118.6213207296033],[2072.1312392225864],[0.994856704345161],20,0.012225003852320776
4124,0.014001243378384246,0.0,4,10000,[118.6213207296033],[2072.1312392225864],[0.994856704345161],20,0.012225003852320776
4125,-0.005942135429147205,0.0,4,10000,[118.6213207296033],[2072.1312392225864],[0.994856704345161],20,0.012225003852320776
4126,0.010322868296100018,0.0,4,10000,[118.6213207296033],[2072.1312392225864],[0.994856704345161],20,0.012225003852320776
4127,0.005916228896507299,0.0,4,10000,[118.6213207296033],[2072.1312392225864],[0.994856704345161],20,0.012225003852320776
4128,-0.0030515468824969597,0.0,4,10000,[118.6213207296033],[2072.1312392225864],[0.994856704345161],20,0.012225003852320776
4129,0.004521121746654621,0.0,4,10000,[118.6213207296033],[2072.1312392225864],[0.994856704345161],20,0.012225003852320776
4130,-0.005844124912746832,0.0,4,10000,[118.6213207296033],[2072.1312392225864],[0.994856704345161],20,0.012225003852320776
4131,-0.00814079675991817,0.0,4,10000,[118.6213207296033],[2072.1312392225864],[0.994856704345161],20,0.012225003852320776
4132,0.0017212871989314355,0.0,4,10000,[118.6213207296033],[2072.1312392225864],[0.994856704345161],20,0.012225003852320776
4133,-0.013790763591408507,0.0,4,10000,[118.6213207296033],[2072.1312392225864],[0.994856704345161],20,0.012225003852320776
4134,0.002895533439321405,0.0,4,10000,[118.6213207296033],[2072.1312392225864],[0.994856704345161],20,0.012225003852320776
4135,0.014502496709881045,0.0,4,10000,[118.6213207296033],[2072.1312392225864],[0.994856704345161],20,0.012225003852320776
4136,-0.000751624983537338,0.0,4,10000,[118.6213207296033],[2072.1312392225864],[0.994856704345161],20,0.012225003852320776
4137,-0.0035843366559667883,0.0,4,10000,[118.6213207296033],[2072.1312392225864],[0.994856704345161],20,0.012225003852320776
4138,-0.010969846551903755,0.0,4,10000,[118.6213207296033],[2072.1312392225864],[0.994856704345161],20,0.012225003852320776
4139,-0.006902158493531749,0.0,4,10000,[118.6213207296033],[2072.1312392225864],[0.994856704345161],20,0.012225003852320776
4140,0.009821696151094536,0.0,4,10000,[118.6213207296033],[2072.1312392225864],[0.994856704345161],20,0.012225003852320776
4141,-0.004199904175513557,0.0,4,10000,[118.6213207296033],[2072.1312392225864],[0.994856704345161],20,0.012225003852320776
4142,-0.004940344278698502,0.0,4,10000,[118.6213207296033],[2072.1312392225864],[0.994856704345161],20,0.012225003852320776
4143,0.0035464796534463027,0.0,4,10000,[118.6213207296033],[2072.1312392225864],[0.994856704345161],20,0.012225003852320776
4144,0.0001196290276516532,0.0,4,10000,[118.6213207296033],[2072.1312392225864],[0.994856704345161],20,0.012225003852320776
4145,-0.019628733466318073,0.0,4,10000,[118.6213207296033],[2072.1312392225864],[0.994856704345161],20,0.012225003852320776
4146,0.014308022468712342,0.0,4,10000,[118.6213207296033],[2072.1312392225864],[0.994856704345161],20,0.012225003852320776
4147,-0.006631659624951698,0.0,4,10000,[118.6213207296033],[2072.1312392225864],[0.994856704345161],20,0.012225003852320776
4148,-0.00234109142969759,0.0,4,10000,[118.6213207296033],[2072.1312392225864],[0.994856704345161],20,0.012225003852320776
4149,0.009887828850561168,0.0,4,10000,[118.6213207296033],[2072.1312392225864],[0.994856704345161],20,0.012225003852320776
4150,0.006999343667700943,0.0,4,10000,[118.6213207296033],[2072.1312392225864],[0.994856704345161],20,0.012225003852320776
4151,-0.0017415722858863444,0.0,4,10000,[118.6213207296033],[2072.1312392225864],[0.994856704345161],20,0.012225003852320776
4152,0.012321570730068378,0.0,4,10000,[118.6213207296033],[2072.1312392225864],[0.994856704345161],20,0.012225003852320776
4153,-0.008594347731935365,0.0,4,10000,[118.6213207296033],[2072.1312392225864],[0.994856704345161],20,0.012225003852320776
4154,-0.005838046322801104,0.0,4,10000,[118.6213207296033],[2072.1312392225864],[0.994856704345161],20,0.012225003852320776
4155,0.011075148422009339,0.0,4,10000,[118.6213207296033],[2072.1312392225864],[0.994856704345161],20,0.012225003852320776
4156,-0.009411933047251835,0.0,4,10000,[118.6213207296033],[2072.1312392225864],[0.994856704345161],20,0.012225003852320776
4157,0.011046381509918646,0.0,4,10000,[118.6213207296033],[2072.1312392225864],[0.994856704345161],20,0.012225003852320776
4158,0.013957431012203115,0.0,4,10000,[118.6213207296033],[2072.1312392225864],[0.994856704345161],20,0.012225003852320776
4159,0.012851583510599271,0.0,4,10000,[118.6213207296033],[2072.1312392225864],[0.994856704345161],20,0.012225003852320776
4160,-0.0035084275469645294,0.0,4,10000,[118.6213207296033],[2072.1312392225864],[0.994856704345161],20,0.012225003852320776
4161,-0.017670228280111316,0.0,4,10000,[118.6213207296033],[2072.1312392225864],[0.994856704345161],20,0.012225003852320776
4162,-0.004419802778779871,0.0,4,10000,[118.6213207296033],[2072.1312392225864],[0.994856704345161],20,0.012225003852320776
4163,0.006348731405636645,0.0,4,10000,[118.6213207296033],[2072.1312392225864],[0.994856704345161],20,0.012225003852320776
4164,0.010641861329418717,0.0,4,10000,[118.6213207296033],[2072.1312392225864],[0.994856704345161],20,0.012225003852320776
4165,-0.00201399791612284,0.0,4,10000,[118.6213207296033],[2072.1312392225864],[0.994856704345161],20,0.012225003852320776
4166,0.004273636721255676,0.0,4,10000,[118.6213207296033],[2072.1312392225864],[0.994856704345161],20,0.012225003852320776
4167,-0.006743892496107269,0.0,4,10000,[118.6213207296033],[2072.1312392225864],[0.994856704345161],20,0.012225003852320776
4168,0.0016451266886780647,0.0,4,10000,[118.6213207296033],[2072.1312392225864],[0.994856704345161],20,0.012225003852320776
4169,0.0036255952683479547,0.0,4,10000,[118.6213207296033],[2072.1312392225864],[0.994856704345161],20,0.012225003852320776
4170,-0.010739355991981427,0.0,4,10000,[118.6213207296033],[2072.1312392225864],[0.994856704345161],20,0.012225003852320776
4171,-0.017870139028394683,0.0,4,10000,[118.6213207296033],[2072.1312392225864],[0.994856704345161],20,0.012225003852320776
4172,-0.004713274581338667,0.0,4,10000,[118.6213207296033],[2072.1312392225864],[0.994856704345161],20,0.012225003852320776
4173,0.017401214417884413,0.0,4,10000,[118.6213207296033],[2072.1312392225864],[0.994856704345161],20,0.012225003852320776
4174,0.013326603997769913,0.0,4,10000,[118.6213207296033],[2072.1312392225864],[0.994856704345161],20,0.012225003852320776
4175,-0.007057370891403521,0.0,4,10000,[118.6213207296033],[2072.1312392225864],[0.994856704345161],20,0.012225003852320776
4176,0.021617086680427472,0.0,4,10000,[118.6213207296033],[2072.1312392225864],[0.994856704345161],20,0.012225003852320776
4177,0.010530175130379191,0.0,4,10000,[118.6213207296033],[2072.1312392225864],[0.994856704345161],20,0.012225003852320776
4178,-6.361341218667688e-05,0.0,4,10000,[118.6213207296033],[2072.1312392225864],[0.994856704345161],20,0.012225003852320776
4179,-0.00784098362572738,0.0,4,10000,[118.6213207296033],[2072.1312392225864],[0.994856704345161],20,0.012225003852320776
4180,0.0009227092782897348,0.0,4,10000,[118.6213207296033],[2072.1312392225864],[0.994856704345161],20,0.012225003852320776
4181,0.004835275812804583,0.0,4,10000,[118.6213207296033],[2072.1312392225864],[0.994856704345161],20,0.012225003852320776
4182,0.009151812571593265,0.0,4,10000,[118.6213207296033],[2072.1312392225864],[0.994856704345161],20,0.012225003852320776
4183,-0.02355336533208789,0.0,4,10000,[118.6213207296033],[2072.1312392225864],[0.994856704345161],20,0.012225003852320776
4184,0.008326920416040237,0.0,4,10000,[118.6213207296033],[2072.1312392225864],[0.994856704345161],20,0.012225003852320776
4185,0.023345356771771096,0.0,4,10000,[118.6213207296033],[2072.1312392225864],[0.994856704345161],20,0.012225003852320776
4186,0.011330798889381185,0.0,4,10000,[118.6213207296033],[2072.1312392225864],[0.994856704345161],20,0.012225003852320776
4187,-0.005258653041790835,0.0,4,10000,[118.6213207296033],[2072.1312392225864],[0.994856704345161],20,0.012225003852320776
4188,0.017095827015943872,0.0,4,10000,[118.6213207296033],[2072.1312392225864],[0.994856704345161],20,0.012225003852320776
4189,0.03304500306861205,0.0,4,10000,[118.6213207296033],[2072.1312392225864],[0.994856704345161],20,0.012225003852320776
4190,-0.004303809199631608,0.0,4,10000,[118.6213207296033],[2072.1312392225864],[0.994856704345161],20,0.012225003852320776
4191,-0.007370253055353649,0.0,4,10000,[118.6213207296033],[2072.1312392225864],[0.994856704345161],20,0.012225003852320776
4192,-0.009493961627620338,0.0,4,10000,[118.6213207296033],[2072.1312392225864],[0.994856704345161],20,0.012225003852320776
4193,-0.001726215824062938,0.0,4,10000,[118.6213207296033],[2072.1312392225864],[0.994856704345161],20,0.012225003852320776
4194,-0.006767738022028478,0.0,4,10000,[118.6213207296033],[2072.1312392225864],[0.994856704345161],20,0.012225003852320776
4195,0.006863958828860677,0.0,4,10000,[118.6213207296033],[2072.1312392225864],[0.994856704345161],20,0.012225003852320776
4196,-0.009766857078454885,0.0,4,10000,[118.6213207296033],[2072.1312392225864],[0.994856704345161],20,0.012225003852320776
4197,-0.004228886425648276,0.0,4,10000,[118.6213207296033],[2072.1312392225864],[0.994856704345161],20,0.012225003852320776
4198,0.0002277160667750903,0.0,4,10000,[118.6213207296033],[2072.1312392225864],[0.994856704345161],20,0.012225003852320776
4199,0.002090712696172974,0.0,4,10000,[118.6213207296033],[2072.1312392225864],[0.994856704345161],20,0.012225003852320776
4200,0.020290985802683792,0.0,4,10000,[118.6213207296033],[2072.1312392225864],[0.994856704345161],20,0.012225003852320776
4201,-0.001202487967902765,0.0,4,10000,[118.6213207296033],[2072.1312392225864],[0.994856704345161],20,0.012225003852320776
4202,-0.010267489032686731,0.0,4,10000,[118.6213207296033],[2072.1312392225864],[0.994856704345161],20,0.012225003852320776
4203,-0.0003206614485839128,0.0,4,10000,[118.6213207296033],[2072.1312392225864],[0.994856704345161],20,0.012225003852320776
4204,0.002340775599082332,0.0,4,10000,[118.6213207296033],[2072.1312392225864],[0.994856704345161],20,0.012225003852320776
4205,-0.01922207928015869,0.0,4,10000,[118.6213207296033],[2072.1312392225864],[0.994856704345161],20,0.012225003852320776
4206,-0.017829145781594277,0.0,4,10000,[118.6213207296033],[2072.1312392225864],[0.994856704345161],20,0.012225003852320776
4207,0.011453091562808592,0.0,4,10000,[118.6213207296033],[2072.1312392225864],[0.994856704345161],20,0.012225003852320776
4208,-0.006798446483294647,0.0,4,10000,[118.6213207296033],[2072.1312392225864],[0.994856704345161],20,0.012225003852320776
4209,0.0028678417117125963,0.0,4,10000,[118.6213207296033],[2072.1312392225864],[0.994856704345161],20,0.012225003852320776
4210,0.00100840523427136,0.0,4,10000,[118.6213207296033],[2072.1312392225864],[0.994856704345161],20,0.012225003852320776
4211,0.029061884455568662,0.0,4,10000,[118.6213207296033],[2072.1312392225864],[0.994856704345161],20,0.012225003852320776
4212,0.010513269703243367,0.0,4,10000,[118.6213207296033],[2072.1312392225864],[0.994856704345161],20,0.012225003852320776
4213,-0.009891838599578364,0.0,4,10000,[118.6213207296033],[2072.1312392225864],[0.994856704345161],20,0.012225003852320776
4214,-0.007441458874193115,0.0,4,10000,[118.6213207296033],[2072.1312392225864],[0.994856704345161],20,0.012225003852320776
4215,-0.009612196241874345,0.0,4,10000,[118.6213207296033],[2072.1312392225864],[0.994856704345161],20,0.012225003852320776
4216,-0.006811833692309766,0.0,4,10000,[118.6213207296033],[2072.1312392225864],[0.994856704345161],20,0.012225003852320776
4217,-0.0004690050490562696,0.0,4,10000,[118.6213207296033],[2072.1312392225864],[0.994856704345161],20,0.012225003852320776
4218,0.0030114027295379503,0.0,4,10000,[118.6213207296033],[2072.1312392225864],[0.994856704345161],20,0.012225003852320776
4219,-0.010089419694196406,0.0,4,10000,[118.6213207296033],[2072.1312392225864],[0.994856704345161],20,0.012225003852320776
4220,-0.010192727509029099,0.0,4,10000,[118.6213207296033],[2072.1312392225864],[0.994856704345161],20,0.012225003852320776
4221,-0.013547734251129704,0.0,4,10000,[118.6213207296033],[2072.1312392225864],[0.994856704345161],20,0.012225003852320776
4222,-0.002769673988868289,0.0,4,10000,[118.6213207296033],[2072.1312392225864],[0.994856704345161],20,0.012225003852320776
4223,-0.006866550838799283,0.0,4,10000,[118.6213207296033],[2072.1312392225864],[0.994856704345161],20,0.012225003852320776
4224,-0.01724809736015447,0.0,4,10000,[118.6213207296033],[2072.1312392225864],[0.994856704345161],20,0.012225003852320776
4225,0.0005922649715896782,0.0,4,10000,[118.6213207296033],[2072.1312392225864],[0.994856704345161],20,0.012225003852320776
4226,-0.008184597456135959,0.0,4,10000,[118.6213207296033],[2072.1312392225864],[0.994856704345161],20,0.012225003852320776
4227,0.005987368771810852,0.0,4,10000,[118.6213207296033],[2072.1312392225864],[0.994856704345161],20,0.012225003852320776
4228,0.001662883035946689,0.0,4,10000,[118.6213207296033],[2072.1312392225864],[0.994856704345161],20,0.012225003852320776
4229,0.017193868808493617,0.0,4,10000,[118.6213207296033],[2072.1312392225864],[0.994856704345161],20,0.012225003852320776
4230,-0.0034891552891226107,0.0,4,10000,[118.6213207296033],[2072.1312392225864],[0.994856704345161],20,0.012225003852320776
4231,-0.010462078570349686,0.0,4,10000,[118.6213207296033],[2072.1312392225864],[0.994856704345161],20,0.012225003852320776
4232,-0.032571642216224606,0.0,4,10000,[118.6213207296033],[2072.1312392225864],[0.994856704345161],20,0.012225003852320776
4233,0.023351089531698403,0.0,4,10000,[118.6213207296033],[2072.1312392225864],[0.994856704345161],20,0.012225003852320776
4234,-0.006046156436864339,0.0,4,10000,[118.6213207296033],[2072.1312392225864],[0.994856704345161],20,0.012225003852320776
4235,-0.0041684254588667865,0.0,4,10000,[118.6213207296033],[2072.1312392225864],[0.994856704345161],20,0.012225003852320776
4236,0.020177053278843,0.0,4,10000,[118.6213207296033],[2072.1312392225864],[0.994856704345161],20,0.012225003852320776
4237,-0.008663565760721872,0.0,4,10000,[118.6213207296033],[2072.1312392225864],[0.994856704345161],20,0.012225003852320776
4238,-0.013134905585384724,0.0,4,10000,[118.6213207296033],[2072.1312392225864],[0.994856704345161],20,0.012225003852320776
4239,-0.02316849538264352,0.0,4,10000,[118.6213207296033],[2072.1312392225864],[0.994856704345161],20,0.012225003852320776
4240,-0.004328083053338758,0.0,4,10000,[118.6213207296033],[2072.1312392225864],[0.994856704345161],20,0.012225003852320776
4241,0.002270200942379897,0.0,4,10000,[118.6213207296033],[2072.1312392225864],[0.994856704345161],20,0.012225003852320776
4242,0.00874627474196512,0.0,4,10000,[118.6213207296033],[2072.1312392225864],[0.994856704345161],20,0.012225003852320776
4243,-0.0013534562770541431,0.0,4,10000,[118.6213207296033],[2072.1312392225864],[0.994856704345161],20,0.012225003852320776
4244,-0.0029275191073671785,0.0,4,10000,[118.6213207296033],[2072.1312392225864],[0.994856704345161],20,0.012225003852320776
4245,0.017207993275595176,0.0,4,10000,[118.6213207296033],[2072.1312392225864],[0.994856704345161],20,0.012225003852320776
4246,0.0006288355556602962,0.0,4,10000,[118.6213207296033],[2072.1312392225864],[0.994856704345161],20,0.012225003852320776
4247,-0.009310888745759683,0.0,4,10000,[118.6213207296033],[2072.1312392225864],[0.994856704345161],20,0.012225003852320776
4248,-0.011097774567804019,0.0,4,10000,[118.6213207296033],[2072.1312392225864],[0.994856704345161],20,0.012225003852320776
4249,0.016916473816909854,0.0,4,10000,[118.6213207296033],[2072.1312392225864],[0.994856704345161],20,0.012225003852320776
4250,-0.010705273947790741,0.0,4,10000,[118.6213207296033],[2072.1312392225864],[0.994856704345161],20,0.012225003852320776
4251,0.01222370078583634,0.0,4,10000,[118.6213207296033],[2072.1312392225864],[0.994856704345161],20,0.012225003852320776
4252,0.0012480414435572418,0.0,4,10000,[118.6213207296033],[2072.1312392225864],[0.994856704345161],20,0.012225003852320776
4253,-0.016899859948446002,0.0,4,10000,[118.6213207296033],[2072.1312392225864],[0.994856704345161],20,0.012225003852320776
4254,0.001413795326366348,0.0,4,10000,[118.6213207296033],[2072.1312392225864],[0.994856704345161],20,0.012225003852320776
4255,-0.02606166622530296,0.0,4,10000,[118.6213207296033],[2072.1312392225864],[0.994856704345161],20,0.012225003852320776
4256,0.0007951523021936597,0.0,4,10000,[118.6213207296033],[2072.1312392225864],[0.994856704345161],20,0.012225003852320776
4257,0.006075542920627761,0.0,4,10000,[118.6213207296033],[2072.1312392225864],[0.994856704345161],20,0.012225003852320776
4258,0.00687642064626158,0.0,4,10000,[118.6213207296033],[2072.1312392225864],[0.994856704345161],20,0.012225003852320776
4259,-0.00876809697272453,0.0,4,10000,[118.6213207296033],[2072.1312392225864],[0.994856704345161],20,0.012225003852320776
4260,0.006849209768168025,0.0,4,10000,[118.6213207296033],[2072.1312392225864],[0.994856704345161],20,0.012225003852320776
4261,0.005264332312153338,0.0,4,10000,[118.6213207296033],[2072.1312392225864],[0.994856704345161],20,0.012225003852320776
4262,0.0045182428324980605,0.0,4,10000,[118.6213207296033],[2072.1312392225864],[0.994856704345161],20,0.012225003852320776
4263,-0.005763333846002523,0.0,4,10000,[118.6213207296033],[2072.1312392225864],[0.994856704345161],20,0.012225003852320776
4264,0.0001210355954523158,0.0,4,10000,[118.6213207296033],[2072.1312392225864],[0.994856704345161],20,0.012225003852320776
4265,-0.014566350221882364,0.0,4,10000,[118.6213207296033],[2072.1312392225864],[0.994856704345161],20,0.012225003852320776
4266,0.0073445014361106595,0.0,4,10000,[118.6213207296033],[2072.1312392225864],[0.994856704345161],20,0.012225003852320776
4267,0.012423636772940455,0.0,4,10000,[118.6213207296033],[2072.1312392225864],[0.994856704345161],20,0.012225003852320776
4268,-0.004011220165564816,0.0,4,10000,[118.6213207296033],[2072.1312392225864],[0.994856704345161],20,0.012225003852320776
4269,0.0009009043904605964,0.0,4,10000,[118.6213207296033],[2072.1312392225864],[0.994856704345161],20,0.012225003852320776
4270,-0.0022328979696563736,0.0,4,10000,[118.6213207296033],[2072.1312392225864],[0.994856704345161],20,0.012225003852320776
4271,0.0006975606631185264,0.0,4,10000,[118.6213207296033],[2072.1312392225864],[0.994856704345161],20,0.012225003852320776
4272,-0.0008052832406968878,0.0,4,10000,[118.6213207296033],[2072.1312392225864],[0.994856704345161],20,0.012225003852320776
4273,-0.0007199298251631471,0.0,4,10000,[118.6213207296033],[2072.1312392225864],[0.994856704345161],20,0.012225003852320776
4274,-0.018680062590382084,0.0,4,10000,[118.6213207296033],[2072.1312392225864],[0.994856704345161],20,0.012225003852320776
4275,-0.000891448748877668,0.0,4,10000,[118.6213207296033],[2072.1312392225864],[0.994856704345161],20,0.012225003852320776
4276,0.0010940301819879735,0.0,4,10000,[118.6213207296033],[2072.1312392225864],[0.994856704345161],20,0.012225003852320776
4277,-0.017516878321538733,0.0,4,10000,[118.6213207296033],[2072.1312392225864],[0.994856704345161],20,0.012225003852320776
4278,0.018727039923624206,0.0,4,10000,[118.6213207296033],[2072.1312392225864],[0.994856704345161],20,0.012225003852320776
4279,-0.00015904843060703369,0.0,4,10000,[118.6213207296033],[2072.1312392225864],[0.994856704345161],20,0.012225003852320776
4280,-0.0035513680105355404,0.0,4,10000,[118.6213207296033],[2072.1312392225864],[0.994856704345161],20,0.012225003852320776
4281,0.011813328665512664,0.0,4,10000,[118.6213207296033],[2072.1312392225864],[0.994856704345161],20,0.012225003852320776
4282,0.008947790739629131,0.0,4,10000,[118.6213207296033],[2072.1312392225864],[0.994856704345161],20,0.012225003852320776
4283,0.0047155471219460544,0.0,4,10000,[118.6213207296033],[2072.1312392225864],[0.994856704345161],20,0.012225003852320776
4284,-0.022103233480829612,0.0,4,10000,[118.6213207296033],[2072.1312392225864],[0.994856704345161],20,0.012225003852320776
4285,-4.9238441444327055e-05,0.0,4,10000,[118.6213207296033],[2072.1312392225864],[0.994856704345161],20,0.012225003852320776
4286,0.0018431318981559691,0.0,4,10000,[118.6213207296033],[2072.1312392225864],[0.994856704345161],20,0.012225003852320776
4287,0.01106237047416405,0.0,4,10000,[118.6213207296033],[2072.1312392225864],[0.994856704345161],20,0.012225003852320776
4288,0.0025924119388157736,0.0,4,10000,[118.6213207296033],[2072.1312392225864],[0.994856704345161],20,0.012225003852320776
4289,-0.005360191443222775,0.0,4,10000,[118.6213207296033],[2072.1312392225864],[0.994856704345161],20,0.012225003852320776
4290,-0.007644237832118085,0.0,4,10000,[118.6213207296033],[2072.1312392225864],[0.994856704345161],20,0.012225003852320776
4291,0.004536178878266339,0.0,4,10000,[118.6213207296033],[2072.1312392225864],[0.994856704345161],20,0.012225003852320776
4292,0.01895801515445103,0.0,4,10000,[118.6213207296033],[2072.1312392225864],[0.994856704345161],20,0.012225003852320776
4293,0.016036859209199547,0.0,4,10000,[118.6213207296033],[2072.1312392225864],[0.994856704345161],20,0.012225003852320776
4294,-0.013163072860027575,0.0,4,10000,[118.6213207296033],[2072.1312392225864],[0.994856704345161],20,0.012225003852320776
4295,0.013140975190756032,0.0,4,10000,[118.6213207296033],[2072.1312392225864],[0.994856704345161],20,0.012225003852320776
4296,-0.0004645271986747448,0.0,4,10000,[118.6213207296033],[2072.1312392225864],[0.994856704345161],20,0.012225003852320776
4297,-0.013979819716384642,0.0,4,10000,[118.6213207296033],[2072.1312392225864],[0.994856704345161],20,0.012225003852320776
4298,-0.03299263910758778,0.0,4,10000,[118.6213207296033],[2072.1312392225864],[0.994856704345161],20,0.012225003852320776
4299,0.021725911051634263,0.0,4,10000,[118.6213207296033],[2072.1312392225864],[0.994856704345161],20,0.012225003852320776
4300,-0.013678035603096833,0.0,4,10000,[118.6213207296033],[2072.1312392225864],[0.994856704345161],20,0.012225003852320776
4301,-0.019047297637685697,0.0,4,10000,[118.6213207296033],[2072.1312392225864],[0.994856704345161],20,0.012225003852320776
4302,-0.003089872368594719,0.0,4,10000,[118.6213207296033],[2072.1312392225864],[0.994856704345161],20,0.012225003852320776
4303,0.0071988961384661775,0.0,4,10000,[118.6213207296033],[2072.1312392225864],[0.994856704345161],20,0.012225003852320776
4304,0.02579195223175875,0.0,4,10000,[118.6213207296033],[2072.1312392225864],[0.994856704345161],20,0.012225003852320776
4305,0.004504760431214424,0.0,4,10000,[118.6213207296033],[2072.1312392225864],[0.994856704345161],20,0.012225003852320776
4306,-0.0025933322932364753,0.0,4,10000,[118.6213207296033],[2072.1312392225864],[0.994856704345161],20,0.012225003852320776
4307,-0.0007775852377442909,0.0,4,10000,[118.6213207296033],[2072.1312392225864],[0.994856704345161],20,0.012225003852320776
4308,-0.010079575258050139,0.0,4,10000,[118.6213207296033],[2072.1312392225864],[0.994856704345161],20,0.012225003852320776
4309,0.02135054103436775,0.0,4,10000,[118.6213207296033],[2072.1312392225864],[0.994856704345161],20,0.012225003852320776
4310,-0.004066921018875049,0.0,4,10000,[118.6213207296033],[2072.1312392225864],[0.994856704345161],20,0.012225003852320776
4311,0.0025841491749344246,0.0,4,10000,[118.6213207296033],[2072.1312392225864],[0.994856704345161],20,0.012225003852320776
4312,-0.0015668754713263253,0.0,4,10000,[118.6213207296033],[2072.1312392225864],[0.994856704345161],20,0.012225003852320776
4313,0.0006448799273109836,0.0,4,10000,[118.6213207296033],[2072.1312392225864],[0.994856704345161],20,0.012225003852320776
4314,-0.006855123466736407,0.0,4,10000,[118.6213207296033],[2072.1312392225864],[0.994856704345161],20,0.012225003852320776
4315,0.0002692337115543958,0.0,4,10000,[118.6213207296033],[2072.1312392225864],[0.994856704345161],20,0.012225003852320776
4316,0.014518502730791999,0.0,4,10000,[118.6213207296033],[2072.1312392225864],[0.994856704345161],20,0.012225003852320776
4317,0.0024933880953787644,0.0,4,10000,[118.6213207296033],[2072.1312392225864],[0.994856704345161],20,0.012225003852320776
4318,-0.0035425441881929663,0.0,4,10000,[118.6213207296033],[2072.1312392225864],[0.994856704345161],20,0.012225003852320776
4319,0.012855332022725475,0.0,4,10000,[118.6213207296033],[2072.1312392225864],[0.994856704345161],20,0.012225003852320776
4320,-0.011293373618237153,0.0,4,10000,[118.6213207296033],[2072.1312392225864],[0.994856704345161],20,0.012225003852320776
4321,-0.02033237010697069,0.0,4,10000,[118.6213207296033],[2072.1312392225864],[0.994856704345161],20,0.012225003852320776
4322,0.02284966029333185,0.0,4,10000,[118.6213207296033],[2072.1312392225864],[0.994856704345161],20,0.012225003852320776
4323,-0.019432351972773095,0.0,4,10000,[118.6213207296033],[2072.1312392225864],[0.994856704345161],20,0.012225003852320776
4324,0.007195476255378989,0.0,4,10000,[118.6213207296033],[2072.1312392225864],[0.994856704345161],20,0.012225003852320776
4325,0.0027020190167647454,0.0,4,10000,[118.6213207296033],[2072.1312392225864],[0.994856704345161],20,0.012225003852320776
4326,0.008184641359260808,0.0,4,10000,[118.6213207296033],[2072.1312392225864],[0.994856704345161],20,0.012225003852320776
4327,-0.019158119069020076,0.0,4,10000,[118.6213207296033],[2072.1312392225864],[0.994856704345161],20,0.012225003852320776
4328,-0.01535090801975032,0.0,4,10000,[118.6213207296033],[2072.1312392225864],[0.994856704345161],20,0.012225003852320776
4329,0.027422476979087996,0.0,4,10000,[118.6213207296033],[2072.1312392225864],[0.994856704345161],20,0.012225003852320776
4330,0.006269085615594292,0.0,4,10000,[118.6213207296033],[2072.1312392225864],[0.994856704345161],20,0.012225003852320776
4331,0.018393841184106325,0.0,4,10000,[118.6213207296033],[2072.1312392225864],[0.994856704345161],20,0.012225003852320776
4332,-0.014797939964543162,0.0,4,10000,[118.6213207296033],[2072.1312392225864],[0.994856704345161],20,0.012225003852320776
4333,-0.013392963968119424,0.0,4,10000,[118.6213207296033],[2072.1312392225864],[0.994856704345161],20,0.012225003852320776
4334,-0.007640549159310405,0.0,4,10000,[118.6213207296033],[2072.1312392225864],[0.994856704345161],20,0.012225003852320776
4335,0.0036624870380382495,0.0,4,10000,[118.6213207296033],[2072.1312392225864],[0.994856704345161],20,0.012225003852320776
4336,-0.012677833858964802,0.0,4,10000,[118.6213207296033],[2072.1312392225864],[0.994856704345161],20,0.012225003852320776
4337,-0.005157084483841955,0.0,4,10000,[118.6213207296033],[2072.1312392225864],[0.994856704345161],20,0.012225003852320776
4338,-0.013320824784495297,0.0,4,10000,[118.6213207296033],[2072.1312392225864],[0.994856704345161],20,0.012225003852320776
4339,0.0019491396246563537,0.0,4,10000,[118.6213207296033],[2072.1312392225864],[0.994856704345161],20,0.012225003852320776
4340,-0.0024211363300051564,0.0,4,10000,[118.6213207296033],[2072.1312392225864],[0.994856704345161],20,0.012225003852320776
4341,-0.014171255468180374,0.0,4,10000,[118.6213207296033],[2072.1312392225864],[0.994856704345161],20,0.012225003852320776
4342,0.002268178800609078,0.0,4,10000,[118.6213207296033],[2072.1312392225864],[0.994856704345161],20,0.012225003852320776
4343,0.0063269754389028085,0.0,4,10000,[118.6213207296033],[2072.1312392225864],[0.994856704345161],20,0.012225003852320776
4344,0.013554786938241437,0.0,4,10000,[118.6213207296033],[2072.1312392225864],[0.994856704345161],20,0.012225003852320776
4345,0.01411006227632677,0.0,4,10000,[118.6213207296033],[2072.1312392225864],[0.994856704345161],20,0.012225003852320776
4346,0.010676303899762714,0.0,4,10000,[118.6213207296033],[2072.1312392225864],[0.994856704345161],20,0.012225003852320776
4347,0.0030804235881582757,0.0,4,10000,[118.6213207296033],[2072.1312392225864],[0.994856704345161],20,0.012225003852320776
4348,-0.019292624441697485,0.0,4,10000,[118.6213207296033],[2072.1312392225864],[0.994856704345161],20,0.012225003852320776
4349,-0.016352081030975275,0.0,4,10000,[118.6213207296033],[2072.1312392225864],[0.994856704345161],20,0.012225003852320776
4350,0.003861721969522007,0.0,4,10000,[118.6213207296033],[2072.1312392225864],[0.994856704345161],20,0.012225003852320776
4351,0.01631844418091164,0.0,4,10000,[118.6213207296033],[2072.1312392225864],[0.994856704345161],20,0.012225003852320776
4352,-0.02057917042290815,0.0,4,10000,[118.6213207296033],[2072.1312392225864],[0.994856704345161],20,0.012225003852320776
4353,0.004261637891534987,0.0,4,10000,[118.6213207296033],[2072.1312392225864],[0.994856704345161],20,0.012225003852320776
4354,0.01800794411522024,0.0,4,10000,[118.6213207296033],[2072.1312392225864],[0.994856704345161],20,0.012225003852320776
4355,-0.009876245885986687,0.0,4,10000,[118.6213207296033],[2072.1312392225864],[0.994856704345161],20,0.012225003852320776
4356,-0.017946117226286286,0.0,4,10000,[118.6213207296033],[2072.1312392225864],[0.994856704345161],20,0.012225003852320776
4357,-0.009227116751929113,0.0,4,10000,[118.6213207296033],[2072.1312392225864],[0.994856704345161],20,0.012225003852320776
4358,-0.00018705632955306445,0.0,4,10000,[118.6213207296033],[2072.1312392225864],[0.994856704345161],20,0.012225003852320776
4359,0.02030625268807424,0.0,4,10000,[118.6213207296033],[2072.1312392225864],[0.994856704345161],20,0.012225003852320776
4360,-0.013204983244511706,0.0,4,10000,[118.6213207296033],[2072.1312392225864],[0.994856704345161],20,0.012225003852320776
4361,-0.0081880341094478,0.0,4,10000,[118.6213207296033],[2072.1312392225864],[0.994856704345161],20,0.012225003852320776
4362,0.0018018732291790764,0.0,4,10000,[118.6213207296033],[2072.1312392225864],[0.994856704345161],20,0.012225003852320776
4363,0.0030434277409846864,0.0,4,10000,[118.6213207296033],[2072.1312392225864],[0.994856704345161],20,0.012225003852320776
4364,0.000593022428212638,0.0,4,10000,[118.6213207296033],[2072.1312392225864],[0.994856704345161],20,0.012225003852320776
4365,-0.012039781081829423,0.0,4,10000,[118.6213207296033],[2072.1312392225864],[0.994856704345161],20,0.012225003852320776
4366,0.009134339050265214,0.0,4,10000,[118.6213207296033],[2072.1312392225864],[0.994856704345161],20,0.012225003852320776
4367,0.01717407912443724,0.0,4,10000,[118.6213207296033],[2072.1312392225864],[0.994856704345161],20,0.012225003852320776
4368,0.004068112441375418,0.0,4,10000,[118.6213207296033],[2072.1312392225864],[0.994856704345161],20,0.012225003852320776
4369,0.003367282189433182,0.0,4,10000,[118.6213207296033],[2072.1312392225864],[0.994856704345161],20,0.012225003852320776
4370,-0.004761308328554266,0.0,4,10000,[118.6213207296033],[2072.1312392225864],[0.994856704345161],20,0.012225003852320776
4371,-0.0023780915021732523,0.0,4,10000,[118.6213207296033],[2072.1312392225864],[0.994856704345161],20,0.012225003852320776
4372,-0.02526671068499299,0.0,4,10000,[118.6213207296033],[2072.1312392225864],[0.994856704345161],20,0.012225003852320776
4373,-0.0004945482314649937,0.0,4,10000,[118.6213207296033],[2072.1312392225864],[0.994856704345161],20,0.012225003852320776
4374,-0.000600926645777851,0.0,4,10000,[118.6213207296033],[2072.1312392225864],[0.994856704345161],20,0.012225003852320776
4375,0.0031423353978828387,0.0,4,10000,[118.6213207296033],[2072.1312392225864],[0.994856704345161],20,0.012225003852320776
4376,-0.03709435477661443,0.0,4,10000,[118.6213207296033],[2072.1312392225864],[0.994856704345161],20,0.012225003852320776
4377,-0.005298026157800613,0.0,4,10000,[118.6213207296033],[2072.1312392225864],[0.994856704345161],20,0.012225003852320776
4378,0.0010139527808821023,0.0,4,10000,[118.6213207296033],[2072.1312392225864],[0.994856704345161],20,0.012225003852320776
4379,0.029525146587078728,0.0,4,10000,[118.6213207296033],[2072.1312392225864],[0.994856704345161],20,0.012225003852320776
4380,0.016392165667824206,0.0,4,10000,[118.6213207296033],[2072.1312392225864],[0.994856704345161],20,0.012225003852320776
4381,-0.01427934708975276,0.0,4,10000,[118.6213207296033],[2072.1312392225864],[0.994856704345161],20,0.012225003852320776
4382,0.024331193654186897,0.0,4,10000,[118.6213207296033],[2072.1312392225864],[0.994856704345161],20,0.012225003852320776
4383,0.017844679869952487,0.0,4,10000,[118.6213207296033],[2072.1312392225864],[0.994856704345161],20,0.012225003852320776
4384,-0.03159626055880914,0.0,4,10000,[118.6213207296033],[2072.1312392225864],[0.994856704345161],20,0.012225003852320776
4385,-0.017757941485272308,0.0,4,10000,[118.6213207296033],[2072.1312392225864],[0.994856704345161],20,0.012225003852320776
4386,0.005298111728624927,0.0,4,10000,[118.6213207296033],[2072.1312392225864],[0.994856704345161],20,0.012225003852320776
4387,0.0021951808233942544,0.0,4,10000,[118.6213207296033],[2072.1312392225864],[0.994856704345161],20,0.012225003852320776
4388,-0.008022926528348854,0.0,4,10000,[118.6213207296033],[2072.1312392225864],[0.994856704345161],20,0.012225003852320776
4389,-0.03123460633302234,0.0,4,10000,[118.6213207296033],[2072.1312392225864],[0.994856704345161],20,0.012225003852320776
4390,-0.004191731167309183,0.0,4,10000,[118.6213207296033],[2072.1312392225864],[0.994856704345161],20,0.012225003852320776
4391,-0.025507978928617673,0.0,4,10000,[118.6213207296033],[2072.1312392225864],[0.994856704345161],20,0.012225003852320776
4392,0.00694030356615287,0.0,4,10000,[118.6213207296033],[2072.1312392225864],[0.994856704345161],20,0.012225003852320776
4393,-0.008593009812272817,0.0,4,10000,[118.6213207296033],[2072.1312392225864],[0.994856704345161],20,0.012225003852320776
4394,-0.013086795586652752,0.0,4,10000,[118.6213207296033],[2072.1312392225864],[0.994856704345161],20,0.012225003852320776
4395,-0.008634391559343282,0.0,4,10000,[118.6213207296033],[2072.1312392225864],[0.994856704345161],20,0.012225003852320776
4396,-0.015346936855497217,0.0,4,10000,[118.6213207296033],[2072.1312392225864],[0.994856704345161],20,0.012225003852320776
4397,0.0028833614414535335,0.0,4,10000,[118.6213207296033],[2072.1312392225864],[0.994856704345161],20,0.012225003852320776
4398,-0.02889839782287199,0.0,4,10000,[118.6213207296033],[2072.1312392225864],[0.994856704345161],20,0.012225003852320776
4399,-0.013578247193920387,0.0,4,10000,[118.6213207296033],[2072.1312392225864],[0.994856704345161],20,0.012225003852320776
4400,0.010332754115669434,0.0,4,10000,[118.6213207296033],[2072.1312392225864],[0.994856704345161],20,0.012225003852320776
4401,-0.011041048077334326,0.0,4,10000,[118.6213207296033],[2072.1312392225864],[0.994856704345161],20,0.012225003852320776
4402,0.01473827529078552,0.0,4,10000,[118.6213207296033],[2072.1312392225864],[0.994856704345161],20,0.012225003852320776
4403,-0.0003178927548033227,0.0,4,10000,[118.6213207296033],[2072.1312392225864],[0.994856704345161],20,0.012225003852320776
4404,-0.00560012907949334,0.0,4,10000,[118.6213207296033],[2072.1312392225864],[0.994856704345161],20,0.012225003852320776
4405,0.01236036548423436,0.0,4,10000,[118.6213207296033],[2072.1312392225864],[0.994856704345161],20,0.012225003852320776
4406,-0.00936795391527952,0.0,4,10000,[118.6213207296033],[2072.1312392225864],[0.994856704345161],20,0.012225003852320776
4407,0.0035790330040700222,0.0,4,10000,[118.6213207296033],[2072.1312392225864],[0.994856704345161],20,0.012225003852320776
4408,0.0185672680538573,0.0,4,10000,[118.6213207296033],[2072.1312392225864],[0.994856704345161],20,0.012225003852320776
4409,0.006922654722946764,0.0,4,10000,[118.6213207296033],[2072.1312392225864],[0.994856704345161],20,0.012225003852320776
4410,-0.023359003022881186,0.0,4,10000,[118.6213207296033],[2072.1312392225864],[0.994856704345161],20,0.012225003852320776
4411,-0.005105079107042021,0.0,4,10000,[118.6213207296033],[2072.1312392225864],[0.994856704345161],20,0.012225003852320776
4412,-0.011210780104932722,0.0,4,10000,[118.6213207296033],[2072.1312392225864],[0.994856704345161],20,0.012225003852320776
4413,-0.003164584317470192,0.0,4,10000,[118.6213207296033],[2072.1312392225864],[0.994856704345161],20,0.012225003852320776
4414,-0.011951186693528203,0.0,4,10000,[118.6213207296033],[2072.1312392225864],[0.994856704345161],20,0.012225003852320776
4415,0.007187592261758703,0.0,4,10000,[118.6213207296033],[2072.1312392225864],[0.994856704345161],20,0.012225003852320776
4416,0.008910275470435346,0.0,4,10000,[118.6213207296033],[2072.1312392225864],[0.994856704345161],20,0.012225003852320776
4417,0.008096279873957196,0.0,4,10000,[118.6213207296033],[2072.1312392225864],[0.994856704345161],20,0.012225003852320776
4418,-0.011994625739691688,0.0,4,10000,[118.6213207296033],[2072.1312392225864],[0.994856704345161],20,0.012225003852320776
4419,-0.019839759167670577,0.0,4,10000,[118.6213207296033],[2072.1312392225864],[0.994856704345161],20,0.012225003852320776
4420,0.006705035406429067,0.0,4,10000,[118.6213207296033],[2072.1312392225864],[0.994856704345161],20,0.012225003852320776
4421,0.0020487281857408295,0.0,4,10000,[118.6213207296033],[2072.1312392225864],[0.994856704345161],20,0.012225003852320776
4422,0.0035908028221505483,0.0,4,10000,[118.6213207296033],[2072.1312392225864],[0.994856704345161],20,0.012225003852320776
4423,-0.020580913954985288,0.0,4,10000,[118.6213207296033],[2072.1312392225864],[0.994856704345161],20,0.012225003852320776
4424,-0.026927491607940255,0.0,4,10000,[118.6213207296033],[2072.1312392225864],[0.994856704345161],20,0.012225003852320776
4425,-0.0009350953648052263,0.0,4,10000,[118.6213207296033],[2072.1312392225864],[0.994856704345161],20,0.012225003852320776
4426,-0.010183482978949577,0.0,4,10000,[118.6213207296033],[2072.1312392225864],[0.994856704345161],20,0.012225003852320776
4427,-0.003008783641164858,0.0,4,10000,[118.6213207296033],[2072.1312392225864],[0.994856704345161],20,0.012225003852320776
4428,-0.009893759314053277,0.0,4,10000,[118.6213207296033],[2072.1312392225864],[0.994856704345161],20,0.012225003852320776
4429,0.01135689746472885,0.0,4,10000,[118.6213207296033],[2072.1312392225864],[0.994856704345161],20,0.012225003852320776
4430,-0.00027771301658749187,0.0,4,10000,[118.6213207296033],[2072.1312392225864],[0.994856704345161],20,0.012225003852320776
4431,0.01265432882127124,0.0,4,10000,[118.6213207296033],[2072.1312392225864],[0.994856704345161],20,0.012225003852320776
4432,0.006852225692854173,0.0,4,10000,[118.6213207296033],[2072.1312392225864],[0.994856704345161],20,0.012225003852320776
4433,-0.005179030653218334,0.0,4,10000,[118.6213207296033],[2072.1312392225864],[0.994856704345161],20,0.012225003852320776
4434,-0.0041718748390986325,0.0,4,10000,[118.6213207296033],[2072.1312392225864],[0.994856704345161],20,0.012225003852320776
4435,0.025331328952225958,0.0,4,10000,[118.6213207296033],[2072.1312392225864],[0.994856704345161],20,0.012225003852320776
4436,0.0031375033247177755,0.0,4,10000,[118.6213207296033],[2072.1312392225864],[0.994856704345161],20,0.012225003852320776
4437,0.0029814990051262027,0.0,4,10000,[118.6213207296033],[2072.1312392225864],[0.994856704345161],20,0.012225003852320776
4438,-0.018062492337156594,0.0,4,10000,[118.6213207296033],[2072.1312392225864],[0.994856704345161],20,0.012225003852320776
4439,0.011209854915321692,0.0,4,10000,[118.6213207296033],[2072.1312392225864],[0.994856704345161],20,0.012225003852320776
4440,-0.021621773332973892,0.0,4,10000,[118.6213207296033],[2072.1312392225864],[0.994856704345161],20,0.012225003852320776
4441,-0.011818011342029464,0.0,4,10000,[118.6213207296033],[2072.1312392225864],[0.994856704345161],20,0.012225003852320776
4442,0.017082908188506673,0.0,4,10000,[118.6213207296033],[2072.1312392225864],[0.994856704345161],20,0.012225003852320776
4443,-0.009156276570725732,0.0,4,10000,[118.6213207296033],[2072.1312392225864],[0.994856704345161],20,0.012225003852320776
4444,0.005412790429396294,0.0,4,10000,[118.6213207296033],[2072.1312392225864],[0.994856704345161],20,0.012225003852320776
4445,-0.018510525009978185,0.0,4,10000,[118.6213207296033],[2072.1312392225864],[0.994856704345161],20,0.012225003852320776
4446,0.022148044326386118,0.0,4,10000,[118.6213207296033],[2072.1312392225864],[0.994856704345161],20,0.012225003852320776
4447,0.009408578163330591,0.0,4,10000,[118.6213207296033],[2072.1312392225864],[0.994856704345161],20,0.012225003852320776
4448,-0.0006838458576425469,0.0,4,10000,[118.6213207296033],[2072.1312392225864],[0.994856704345161],20,0.012225003852320776
4449,-0.01772948289018151,0.0,4,10000,[118.6213207296033],[2072.1312392225864],[0.994856704345161],20,0.012225003852320776
4450,-0.018407385702842644,0.0,4,10000,[118.6213207296033],[2072.1312392225864],[0.994856704345161],20,0.012225003852320776
4451,-0.0035867814826064095,0.0,4,10000,[118.6213207296033],[2072.1312392225864],[0.994856704345161],20,0.012225003852320776
4452,0.011011846416587638,0.0,4,10000,[118.6213207296033],[2072.1312392225864],[0.994856704345161],20,0.012225003852320776
4453,0.010741968918329048,0.0,4,10000,[118.6213207296033],[2072.1312392225864],[0.994856704345161],20,0.012225003852320776
4454,0.01607814200385434,0.0,4,10000,[118.6213207296033],[2072.1312392225864],[0.994856704345161],20,0.012225003852320776
4455,0.01223647841573956,0.0,4,10000,[118.6213207296033],[2072.1312392225864],[0.994856704345161],20,0.012225003852320776
4456,0.01963889396457786,0.0,4,10000,[118.6213207296033],[2072.1312392225864],[0.994856704345161],20,0.012225003852320776
4457,0.014784945582413153,0.0,4,10000,[118.6213207296033],[2072.1312392225864],[0.994856704345161],20,0.012225003852320776
4458,-0.011807337909974827,0.0,4,10000,[118.6213207296033],[2072.1312392225864],[0.994856704345161],20,0.012225003852320776
4459,-0.01926752076730703,0.0,4,10000,[118.6213207296033],[2072.1312392225864],[0.994856704345161],20,0.012225003852320776
4460,-0.0016781736744929492,0.0,4,10000,[118.6213207296033],[2072.1312392225864],[0.994856704345161],20,0.012225003852320776
4461,0.007025811019524178,0.0,4,10000,[118.6213207296033],[2072.1312392225864],[0.994856704345161],20,0.012225003852320776
4462,0.00563634329373893,0.0,4,10000,[118.6213207296033],[2072.1312392225864],[0.994856704345161],20,0.012225003852320776
4463,-5.894452064906269e-05,0.0,4,10000,[118.6213207296033],[2072.1312392225864],[0.994856704345161],20,0.012225003852320776
4464,-0.010921745976519954,0.0,4,10000,[118.6213207296033],[2072.1312392225864],[0.994856704345161],20,0.012225003852320776
4465,0.0004296174537839294,0.0,4,10000,[118.6213207296033],[2072.1312392225864],[0.994856704345161],20,0.012225003852320776
4466,0.007567106190795943,0.0,4,10000,[118.6213207296033],[2072.1312392225864],[0.994856704345161],20,0.012225003852320776
4467,-0.011875317179049326,0.0,4,10000,[118.6213207296033],[2072.1312392225864],[0.994856704345161],20,0.012225003852320776
4468,-0.008562888711654431,0.0,4,10000,[118.6213207296033],[2072.1312392225864],[0.994856704345161],20,0.012225003852320776
4469,0.0026702792757360427,0.0,4,10000,[118.6213207296033],[2072.1312392225864],[0.994856704345161],20,0.012225003852320776
4470,0.010719446742820965,0.0,4,10000,[118.6213207296033],[2072.1312392225864],[0.994856704345161],20,0.012225003852320776
4471,-0.0298279571087331,0.0,4,10000,[118.6213207296033],[2072.1312392225864],[0.994856704345161],20,0.012225003852320776
4472,0.0010956850046675848,0.0,4,10000,[118.6213207296033],[2072.1312392225864],[0.994856704345161],20,0.012225003852320776
4473,-0.03476436594256905,0.0,4,10000,[118.6213207296033],[2072.1312392225864],[0.994856704345161],20,0.012225003852320776
4474,-0.01246359232137839,0.0,4,10000,[118.6213207296033],[2072.1312392225864],[0.994856704345161],20,0.012225003852320776
4475,-0.01555163001336442,0.0,4,10000,[118.6213207296033],[2072.1312392225864],[0.994856704345161],20,0.012225003852320776
4476,-0.01897396399844929,0.0,4,10000,[118.6213207296033],[2072.1312392225864],[0.994856704345161],20,0.012225003852320776
4477,-0.008245500603171243,0.0,4,10000,[118.6213207296033],[2072.1312392225864],[0.994856704345161],20,0.012225003852320776
4478,-0.010856087774952585,0.0,4,10000,[118.6213207296033],[2072.1312392225864],[0.994856704345161],20,0.012225003852320776
4479,-0.0036888495971285854,0.0,4,10000,[118.6213207296033],[2072.1312392225864],[0.994856704345161],20,0.012225003852320776
4480,-0.009248362650497118,0.0,4,10000,[118.6213207296033],[2072.1312392225864],[0.994856704345161],20,0.012225003852320776
4481,-0.007029310379006267,0.0,4,10000,[118.6213207296033],[2072.1312392225864],[0.994856704345161],20,0.012225003852320776
4482,-0.011099780391275552,0.0,4,10000,[118.6213207296033],[2072.1312392225864],[0.994856704345161],20,0.012225003852320776
4483,-0.016774654700977557,0.0,4,10000,[118.6213207296033],[2072.1312392225864],[0.994856704345161],20,0.012225003852320776
4484,0.00938598607391365,0.0,4,10000,[118.6213207296033],[2072.1312392225864],[0.994856704345161],20,0.012225003852320776
4485,-0.003304369598417329,0.0,4,10000,[118.6213207296033],[2072.1312392225864],[0.994856704345161],20,0.012225003852320776
4486,0.00020343048761299663,0.0,4,10000,[118.6213207296033],[2072.1312392225864],[0.994856704345161],20,0.012225003852320776
4487,0.001059056692267413,0.0,4,10000,[118.6213207296033],[2072.1312392225864],[0.994856704345161],20,0.012225003852320776
4488,0.004954135363186474,0.0,4,10000,[118.6213207296033],[2072.1312392225864],[0.994856704345161],20,0.012225003852320776
4489,0.011254933419610357,0.0,4,10000,[118.6213207296033],[2072.1312392225864],[0.994856704345161],20,0.012225003852320776
4490,0.004899389487098762,0.0,4,10000,[118.6213207296033],[2072.1312392225864],[0.994856704345161],20,0.012225003852320776
4491,-0.010109906575644277,0.0,4,10000,[118.6213207296033],[2072.1312392225864],[0.994856704345161],20,0.012225003852320776
4492,-0.0089479669891773,0.0,4,10000,[118.6213207296033],[2072.1312392225864],[0.994856704345161],20,0.012225003852320776
4493,0.03373529042854519,0.0,4,10000,[118.6213207296033],[2072.1312392225864],[0.994856704345161],20,0.012225003852320776
4494,0.010947649806053835,0.0,4,10000,[118.6213207296033],[2072.1312392225864],[0.994856704345161],20,0.012225003852320776
4495,-0.006791301685926515,0.0,4,10000,[118.6213207296033],[2072.1312392225864],[0.994856704345161],20,0.012225003852320776
4496,0.01964365345333827,0.0,4,10000,[118.6213207296033],[2072.1312392225864],[0.994856704345161],20,0.012225003852320776
4497,0.011207253570084312,0.0,4,10000,[118.6213207296033],[2072.1312392225864],[0.994856704345161],20,0.012225003852320776
4498,0.03179266779486494,0.0,4,10000,[118.6213207296033],[2072.1312392225864],[0.994856704345161],20,0.012225003852320776
4499,0.02333281288082501,0.0,4,10000,[118.6213207296033],[2072.1312392225864],[0.994856704345161],20,0.012225003852320776
4500,-0.0015721688083085614,0.0,4,10000,[118.6213207296033],[2072.1312392225864],[0.994856704345161],20,0.012225003852320776
4501,0.005313945389055646,0.0,4,10000,[118.6213207296033],[2072.1312392225864],[0.994856704345161],20,0.012225003852320776
4502,-0.0015257593667224885,0.0,4,10000,[118.6213207296033],[2072.1312392225864],[0.994856704345161],20,0.012225003852320776
4503,-0.017301698920414374,0.0,4,10000,[118.6213207296033],[2072.1312392225864],[0.994856704345161],20,0.012225003852320776
4504,0.009381623466005379,0.0,4,10000,[118.6213207296033],[2072.1312392225864],[0.994856704345161],20,0.012225003852320776
4505,0.012405206560468111,0.0,4,10000,[118.6213207296033],[2072.1312392225864],[0.994856704345161],20,0.012225003852320776
4506,-0.011084763826781228,0.0,4,10000,[118.6213207296033],[2072.1312392225864],[0.994856704345161],20,0.012225003852320776
4507,-0.00010658610867814347,0.0,4,10000,[118.6213207296033],[2072.1312392225864],[0.994856704345161],20,0.012225003852320776
4508,0.004115619841458102,0.0,4,10000,[118.6213207296033],[2072.1312392225864],[0.994856704345161],20,0.012225003852320776
4509,-0.016094020557776118,0.0,4,10000,[118.6213207296033],[2072.1312392225864],[0.994856704345161],20,0.012225003852320776
4510,0.012513557340777493,0.0,4,10000,[118.6213207296033],[2072.1312392225864],[0.994856704345161],20,0.012225003852320776
4511,0.008575976298874877,0.0,4,10000,[118.6213207296033],[2072.1312392225864],[0.994856704345161],20,0.012225003852320776
4512,0.005634343163995305,0.0,4,10000,[118.6213207296033],[2072.1312392225864],[0.994856704345161],20,0.012225003852320776
4513,-0.00547252070392641,0.0,4,10000,[118.6213207296033],[2072.1312392225864],[0.994856704345161],20,0.012225003852320776
4514,-0.007804995832436265,0.0,4,10000,[118.6213207296033],[2072.1312392225864],[0.994856704345161],20,0.012225003852320776
4515,0.029752140473628855,0.0,4,10000,[118.6213207296033],[2072.1312392225864],[0.994856704345161],20,0.012225003852320776
4516,0.02358892802021573,0.0,4,10000,[118.6213207296033],[2072.1312392225864],[0.994856704345161],20,0.012225003852320776
4517,-0.006202755785136074,0.0,4,10000,[118.6213207296033],[2072.1312392225864],[0.994856704345161],20,0.012225003852320776
4518,0.009725980090865784,0.0,4,10000,[118.6213207296033],[2072.1312392225864],[0.994856704345161],20,0.012225003852320776
4519,0.0002794949591187695,0.0,4,10000,[118.6213207296033],[2072.1312392225864],[0.994856704345161],20,0.012225003852320776
4520,-0.0017568376874900523,0.0,4,10000,[118.6213207296033],[2072.1312392225864],[0.994856704345161],20,0.012225003852320776
4521,-0.023907750772260913,0.0,4,10000,[118.6213207296033],[2072.1312392225864],[0.994856704345161],20,0.012225003852320776
4522,0.004493031826729426,0.0,4,10000,[118.6213207296033],[2072.1312392225864],[0.994856704345161],20,0.012225003852320776
4523,-0.015466321395878889,0.0,4,10000,[118.6213207296033],[2072.1312392225864],[0.994856704345161],20,0.012225003852320776
4524,-0.011820692089042179,0.0,4,10000,[118.6213207296033],[2072.1312392225864],[0.994856704345161],20,0.012225003852320776
4525,0.03043525925921219,0.0,4,10000,[118.6213207296033],[2072.1312392225864],[0.994856704345161],20,0.012225003852320776
4526,0.0032840110730853155,0.0,4,10000,[118.6213207296033],[2072.1312392225864],[0.994856704345161],20,0.012225003852320776
4527,-0.006749844801113509,0.0,4,10000,[118.6213207296033],[2072.1312392225864],[0.994856704345161],20,0.012225003852320776
4528,-0.0015723178142044052,0.0,4,10000,[118.6213207296033],[2072.1312392225864],[0.994856704345161],20,0.012225003852320776
4529,0.0007843824897186266,0.0,4,10000,[118.6213207296033],[2072.1312392225864],[0.994856704345161],20,0.012225003852320776
4530,0.010108181609002122,0.0,4,10000,[118.6213207296033],[2072.1312392225864],[0.994856704345161],20,0.012225003852320776
4531,-0.011393585695705739,0.0,4,10000,[118.6213207296033],[2072.1312392225864],[0.994856704345161],20,0.012225003852320776
4532,0.01348351623530946,0.0,4,10000,[118.6213207296033],[2072.1312392225864],[0.994856704345161],20,0.012225003852320776
4533,0.0012436793034410142,0.0,4,10000,[118.6213207296033],[2072.1312392225864],[0.994856704345161],20,0.012225003852320776
4534,-0.006373546797078679,0.0,4,10000,[118.6213207296033],[2072.1312392225864],[0.994856704345161],20,0.012225003852320776
4535,0.01735643558862598,0.0,4,10000,[118.6213207296033],[2072.1312392225864],[0.994856704345161],20,0.012225003852320776
4536,-0.0026488383299500917,0.0,4,10000,[118.6213207296033],[2072.1312392225864],[0.994856704345161],20,0.012225003852320776
4537,-0.0038487231945640832,0.0,4,10000,[118.6213207296033],[2072.1312392225864],[0.994856704345161],20,0.012225003852320776
4538,-0.002946025367159306,0.0,4,10000,[118.6213207296033],[2072.1312392225864],[0.994856704345161],20,0.012225003852320776
4539,-4.4528745051353015e-05,0.0,4,10000,[118.6213207296033],[2072.1312392225864],[0.994856704345161],20,0.012225003852320776
4540,0.005452438240466781,0.0,4,10000,[118.6213207296033],[2072.1312392225864],[0.994856704345161],20,0.012225003852320776
4541,0.001708860367241693,0.0,4,10000,[118.6213207296033],[2072.1312392225864],[0.994856704345161],20,0.012225003852320776
4542,-0.012934820152757319,0.0,4,10000,[118.6213207296033],[2072.1312392225864],[0.994856704345161],20,0.012225003852320776
4543,-0.0005665085101749557,0.0,4,10000,[118.6213207296033],[2072.1312392225864],[0.994856704345161],20,0.012225003852320776
4544,-0.0009802722307177515,0.0,4,10000,[118.6213207296033],[2072.1312392225864],[0.994856704345161],20,0.012225003852320776
4545,0.010386997126785301,0.0,4,10000,[118.6213207296033],[2072.1312392225864],[0.994856704345161],20,0.012225003852320776
4546,-0.0033374947026116324,0.0,4,10000,[118.6213207296033],[2072.1312392225864],[0.994856704345161],20,0.012225003852320776
4547,0.017068743575746278,0.0,4,10000,[118.6213207296033],[2072.1312392225864],[0.994856704345161],20,0.012225003852320776
4548,-0.002051798739252662,0.0,4,10000,[118.6213207296033],[2072.1312392225864],[0.994856704345161],20,0.012225003852320776
4549,-0.002522567131076332,0.0,4,10000,[118.6213207296033],[2072.1312392225864],[0.994856704345161],20,0.012225003852320776
4550,0.016373734438634227,0.0,4,10000,[118.6213207296033],[2072.1312392225864],[0.994856704345161],20,0.012225003852320776
4551,-0.0021692419965263767,0.0,4,10000,[118.6213207296033],[2072.1312392225864],[0.994856704345161],20,0.012225003852320776
4552,-0.024219092464840778,0.0,4,10000,[118.6213207296033],[2072.1312392225864],[0.994856704345161],20,0.012225003852320776
4553,0.0035108208912656667,0.0,4,10000,[118.6213207296033],[2072.1312392225864],[0.994856704345161],20,0.012225003852320776
4554,-0.016674157677736893,0.0,4,10000,[118.6213207296033],[2072.1312392225864],[0.994856704345161],20,0.012225003852320776
4555,0.007731670724334912,0.0,4,10000,[118.6213207296033],[2072.1312392225864],[0.994856704345161],20,0.012225003852320776
4556,0.009109258989801595,0.0,4,10000,[118.6213207296033],[2072.1312392225864],[0.994856704345161],20,0.012225003852320776
4557,-0.005508705111420503,0.0,4,10000,[118.6213207296033],[2072.1312392225864],[0.994856704345161],20,0.012225003852320776
4558,-0.01288644457994196,0.0,4,10000,[118.6213207296033],[2072.1312392225864],[0.994856704345161],20,0.012225003852320776
4559,0.0021918124370451787,0.0,4,10000,[118.6213207296033],[2072.1312392225864],[0.994856704345161],20,0.012225003852320776
4560,0.008531174565777636,0.0,4,10000,[118.6213207296033],[2072.1312392225864],[0.994856704345161],20,0.012225003852320776
4561,-0.021750382226394332,0.0,4,10000,[118.6213207296033],[2072.1312392225864],[0.994856704345161],20,0.012225003852320776
4562,0.00541586926941297,0.0,4,10000,[118.6213207296033],[2072.1312392225864],[0.994856704345161],20,0.012225003852320776
4563,-0.013889635340573133,0.0,4,10000,[118.6213207296033],[2072.1312392225864],[0.994856704345161],20,0.012225003852320776
4564,-0.009341278303948592,0.0,4,10000,[118.6213207296033],[2072.1312392225864],[0.994856704345161],20,0.012225003852320776
4565,0.016342530045024117,0.0,4,10000,[118.6213207296033],[2072.1312392225864],[0.994856704345161],20,0.012225003852320776
4566,0.007381908215503225,0.0,4,10000,[118.6213207296033],[2072.1312392225864],[0.994856704345161],20,0.012225003852320776
4567,-0.012942490017168998,0.0,4,10000,[118.6213207296033],[2072.1312392225864],[0.994856704345161],20,0.012225003852320776
4568,-0.00819933663407857,0.0,4,10000,[118.6213207296033],[2072.1312392225864],[0.994856704345161],20,0.012225003852320776
4569,-0.0033147240202128945,0.0,4,10000,[118.6213207296033],[2072.1312392225864],[0.994856704345161],20,0.012225003852320776
4570,-0.004062933051816363,0.0,4,10000,[118.6213207296033],[2072.1312392225864],[0.994856704345161],20,0.012225003852320776
4571,0.0075637499271069,0.0,4,10000,[118.6213207296033],[2072.1312392225864],[0.994856704345161],20,0.012225003852320776
4572,-0.004919242536694424,0.0,4,10000,[118.6213207296033],[2072.1312392225864],[0.994856704345161],20,0.012225003852320776
4573,-0.01751851580492921,0.0,4,10000,[118.6213207296033],[2072.1312392225864],[0.994856704345161],20,0.012225003852320776
4574,-0.0007954527127332963,0.0,4,10000,[118.6213207296033],[2072.1312392225864],[0.994856704345161],20,0.012225003852320776
4575,-0.011662632704838962,0.0,4,10000,[118.6213207296033],[2072.1312392225864],[0.994856704345161],20,0.012225003852320776
4576,-0.01185752913964946,0.0,4,10000,[118.6213207296033],[2072.1312392225864],[0.994856704345161],20,0.012225003852320776
4577,-0.0030020634398750983,0.0,4,10000,[118.6213207296033],[2072.1312392225864],[0.994856704345161],20,0.012225003852320776
4578,-0.006727267154862293,0.0,4,10000,[118.6213207296033],[2072.1312392225864],[0.994856704345161],20,0.012225003852320776
4579,-0.008231161492023216,0.0,4,10000,[118.6213207296033],[2072.1312392225864],[0.994856704345161],20,0.012225003852320776
4580,0.0015803277292338704,0.0,4,10000,[118.6213207296033],[2072.1312392225864],[0.994856704345161],20,0.012225003852320776
4581,0.01402698887133655,0.0,4,10000,[118.6213207296033],[2072.1312392225864],[0.994856704345161],20,0.012225003852320776
4582,-0.021372591397250056,0.0,4,10000,[118.6213207296033],[2072.1312392225864],[0.994856704345161],20,0.012225003852320776
4583,0.0024421285091696704,0.0,4,10000,[118.6213207296033],[2072.1312392225864],[0.994856704345161],20,0.012225003852320776
4584,-0.003027755424582634,0.0,4,10000,[118.6213207296033],[2072.1312392225864],[0.994856704345161],20,0.012225003852320776
4585,-0.000930745642615237,0.0,4,10000,[118.6213207296033],[2072.1312392225864],[0.994856704345161],20,0.012225003852320776
4586,0.004261160444712586,0.0,4,10000,[118.6213207296033],[2072.1312392225864],[0.994856704345161],20,0.012225003852320776
4587,0.008217219291151817,0.0,4,10000,[118.6213207296033],[2072.1312392225864],[0.994856704345161],20,0.012225003852320776
4588,0.012859952318356687,0.0,4,10000,[118.6213207296033],[2072.1312392225864],[0.994856704345161],20,0.012225003852320776
4589,0.001036671422378174,0.0,4,10000,[118.6213207296033],[2072.1312392225864],[0.994856704345161],20,0.012225003852320776
4590,0.0003618637155034116,0.0,4,10000,[118.6213207296033],[2072.1312392225864],[0.994856704345161],20,0.012225003852320776
4591,-0.008446167491138695,0.0,4,10000,[118.6213207296033],[2072.1312392225864],[0.994856704345161],20,0.012225003852320776
4592,-0.017840334195364214,0.0,4,10000,[118.6213207296033],[2072.1312392225864],[0.994856704345161],20,0.012225003852320776
4593,-0.015641290615898275,0.0,4,10000,[118.6213207296033],[2072.1312392225864],[0.994856704345161],20,0.012225003852320776
4594,-0.01113515186406484,0.0,4,10000,[118.6213207296033],[2072.1312392225864],[0.994856704345161],20,0.012225003852320776
4595,0.01652930356345549,0.0,4,10000,[118.6213207296033],[2072.1312392225864],[0.994856704345161],20,0.012225003852320776
4596,-0.012321045474803827,0.0,4,10000,[118.6213207296033],[2072.1312392225864],[0.994856704345161],20,0.012225003852320776
4597,-0.015302855699015244,0.0,4,10000,[118.6213207296033],[2072.1312392225864],[0.994856704345161],20,0.012225003852320776
4598,-0.004821453406827569,0.0,4,10000,[118.6213207296033],[2072.1312392225864],[0.994856704345161],20,0.012225003852320776
4599,-0.017483684952907932,0.0,4,10000,[118.6213207296033],[2072.1312392225864],[0.994856704345161],20,0.012225003852320776
4600,0.012195149745535226,0.0,4,10000,[118.6213207296033],[2072.1312392225864],[0.994856704345161],20,0.012225003852320776
4601,-0.011333476420347235,0.0,4,10000,[118.6213207296033],[2072.1312392225864],[0.994856704345161],20,0.012225003852320776
4602,0.011291572974005024,0.0,4,10000,[118.6213207296033],[2072.1312392225864],[0.994856704345161],20,0.012225003852320776
4603,-0.009224116990590657,0.0,4,10000,[118.6213207296033],[2072.1312392225864],[0.994856704345161],20,0.012225003852320776
4604,-0.009117106554123405,0.0,4,10000,[118.6213207296033],[2072.1312392225864],[0.994856704345161],20,0.012225003852320776
4605,-0.00012689535055813628,0.0,4,10000,[118.6213207296033],[2072.1312392225864],[0.994856704345161],20,0.012225003852320776
4606,-0.008675887716176795,0.0,4,10000,[118.6213207296033],[2072.1312392225864],[0.994856704345161],20,0.012225003852320776
4607,0.0113511150603073,0.0,4,10000,[118.6213207296033],[2072.1312392225864],[0.994856704345161],20,0.012225003852320776
4608,0.025448561628217084,0.0,4,10000,[118.6213207296033],[2072.1312392225864],[0.994856704345161],20,0.012225003852320776
4609,-0.020752742867125407,0.0,4,10000,[118.6213207296033],[2072.1312392225864],[0.994856704345161],20,0.012225003852320776
4610,0.007839935789184937,0.0,4,10000,[118.6213207296033],[2072.1312392225864],[0.994856704345161],20,0.012225003852320776
4611,-0.0018986412301526185,0.0,4,10000,[118.6213207296033],[2072.1312392225864],[0.994856704345161],20,0.012225003852320776
4612,0.010298861118362033,0.0,4,10000,[118.6213207296033],[2072.1312392225864],[0.994856704345161],20,0.012225003852320776
4613,0.023776266559906237,0.0,4,10000,[118.6213207296033],[2072.1312392225864],[0.994856704345161],20,0.012225003852320776
4614,0.0006589902654242679,0.0,4,10000,[118.6213207296033],[2072.1312392225864],[0.994856704345161],20,0.012225003852320776
4615,0.0159337733309299,0.0,4,10000,[118.6213207296033],[2072.1312392225864],[0.994856704345161],20,0.012225003852320776
4616,0.00571127703444413,0.0,4,10000,[118.6213207296033],[2072.1312392225864],[0.994856704345161],20,0.012225003852320776
4617,-0.00759024438830969,0.0,4,10000,[118.6213207296033],[2072.1312392225864],[0.994856704345161],20,0.012225003852320776
4618,-0.025054664716167664,0.0,4,10000,[118.6213207296033],[2072.1312392225864],[0.994856704345161],20,0.012225003852320776
4619,-0.0051508023333234725,0.0,4,10000,[118.6213207296033],[2072.1312392225864],[0.994856704345161],20,0.012225003852320776
4620,0.011134216433168913,0.0,4,10000,[118.6213207296033],[2072.1312392225864],[0.994856704345161],20,0.012225003852320776
4621,-0.007117456867088775,0.0,4,10000,[118.6213207296033],[2072.1312392225864],[0.994856704345161],20,0.012225003852320776
4622,-0.004301622203690807,0.0,4,10000,[118.6213207296033],[2072.1312392225864],[0.994856704345161],20,0.012225003852320776
4623,0.00031030778745193076,0.0,4,10000,[118.6213207296033],[2072.1312392225864],[0.994856704345161],20,0.012225003852320776
4624,0.028028490769157994,0.0,4,10000,[118.6213207296033],[2072.1312392225864],[0.994856704345161],20,0.012225003852320776
4625,-0.006033767725156112,0.0,4,10000,[118.6213207296033],[2072.1312392225864],[0.994856704345161],20,0.012225003852320776
4626,0.009802230395177278,0.0,4,10000,[118.6213207296033],[2072.1312392225864],[0.994856704345161],20,0.012225003852320776
4627,0.0017297988686292515,0.0,4,10000,[118.6213207296033],[2072.1312392225864],[0.994856704345161],20,0.012225003852320776
4628,-8.318248241825678e-05,0.0,4,10000,[118.6213207296033],[2072.1312392225864],[0.994856704345161],20,0.012225003852320776
4629,0.004216557522699039,0.0,4,10000,[118.6213207296033],[2072.1312392225864],[0.994856704345161],20,0.012225003852320776
4630,0.0009182585962744128,0.0,4,10000,[118.6213207296033],[2072.1312392225864],[0.994856704345161],20,0.012225003852320776
4631,-0.0025520804949198494,0.0,4,10000,[118.6213207296033],[2072.1312392225864],[0.994856704345161],20,0.012225003852320776
4632,0.01967081544577201,0.0,4,10000,[118.6213207296033],[2072.1312392225864],[0.994856704345161],20,0.012225003852320776
4633,-0.01648027509739419,0.0,4,10000,[118.6213207296033],[2072.1312392225864],[0.994856704345161],20,0.012225003852320776
4634,-0.010860682425141046,0.0,4,10000,[118.6213207296033],[2072.1312392225864],[0.994856704345161],20,0.012225003852320776
4635,0.009450523854461523,0.0,4,10000,[118.6213207296033],[2072.1312392225864],[0.994856704345161],20,0.012225003852320776
4636,0.00491434750656537,0.0,4,10000,[118.6213207296033],[2072.1312392225864],[0.994856704345161],20,0.012225003852320776
4637,0.004829259108738273,0.0,4,10000,[118.6213207296033],[2072.1312392225864],[0.994856704345161],20,0.012225003852320776
4638,0.029621830755925223,0.0,4,10000,[118.6213207296033],[2072.1312392225864],[0.994856704345161],20,0.012225003852320776
4639,-0.011797482993527205,0.0,4,10000,[118.6213207296033],[2072.1312392225864],[0.994856704345161],20,0.012225003852320776
4640,1.8796888718569383e-05,0.0,4,10000,[118.6213207296033],[2072.1312392225864],[0.994856704345161],20,0.012225003852320776
4641,-0.0024463776406358066,0.0,4,10000,[118.6213207296033],[2072.1312392225864],[0.994856704345161],20,0.012225003852320776
4642,-0.02356257882452819,0.0,4,10000,[118.6213207296033],[2072.1312392225864],[0.994856704345161],20,0.012225003852320776
4643,0.011119066208162961,0.0,4,10000,[118.6213207296033],[2072.1312392225864],[0.994856704345161],20,0.012225003852320776
4644,-0.006408653220560524,0.0,4,10000,[118.6213207296033],[2072.1312392225864],[0.994856704345161],20,0.012225003852320776
4645,0.0012905406308071899,0.0,4,10000,[118.6213207296033],[2072.1312392225864],[0.994856704345161],20,0.012225003852320776
4646,0.012036752218315662,0.0,4,10000,[118.6213207296033],[2072.1312392225864],[0.994856704345161],20,0.012225003852320776
4647,-0.013572295778034442,0.0,4,10000,[118.6213207296033],[2072.1312392225864],[0.994856704345161],20,0.012225003852320776
4648,-0.014142614838837185,0.0,4,10000,[118.6213207296033],[2072.1312392225864],[0.994856704345161],20,0.012225003852320776
4649,-0.007392868735815658,0.0,4,10000,[118.6213207296033],[2072.1312392225864],[0.994856704345161],20,0.012225003852320776
4650,0.017173120062627743,0.0,4,10000,[118.6213207296033],[2072.1312392225864],[0.994856704345161],20,0.012225003852320776
4651,0.022384355205279764,0.0,4,10000,[118.6213207296033],[2072.1312392225864],[0.994856704345161],20,0.012225003852320776
4652,-0.010282759491413272,0.0,4,10000,[118.6213207296033],[2072.1312392225864],[0.994856704345161],20,0.012225003852320776
4653,-0.010171418409169861,0.0,4,10000,[118.6213207296033],[2072.1312392225864],[0.994856704345161],20,0.012225003852320776
4654,-0.0007466947166180059,0.0,4,10000,[118.6213207296033],[2072.1312392225864],[0.994856704345161],20,0.012225003852320776
4655,0.012304946693452539,0.0,4,10000,[118.6213207296033],[2072.1312392225864],[0.994856704345161],20,0.012225003852320776
4656,-0.010677775448881857,0.0,4,10000,[118.6213207296033],[2072.1312392225864],[0.994856704345161],20,0.012225003852320776
4657,0.022229526812372183,0.0,4,10000,[118.6213207296033],[2072.1312392225864],[0.994856704345161],20,0.012225003852320776
4658,0.004978765849973114,0.0,4,10000,[118.6213207296033],[2072.1312392225864],[0.994856704345161],20,0.012225003852320776
4659,-0.003143219179492369,0.0,4,10000,[118.6213207296033],[2072.1312392225864],[0.994856704345161],20,0.012225003852320776
4660,-0.0012894442176095895,0.0,4,10000,[118.6213207296033],[2072.1312392225864],[0.994856704345161],20,0.012225003852320776
4661,-0.003918142527902818,0.0,4,10000,[118.6213207296033],[2072.1312392225864],[0.994856704345161],20,0.012225003852320776
4662,-0.0006755876551018059,0.0,4,10000,[118.6213207296033],[2072.1312392225864],[0.994856704345161],20,0.012225003852320776
4663,0.03084838441327244,0.0,4,10000,[118.6213207296033],[2072.1312392225864],[0.994856704345161],20,0.012225003852320776
4664,-0.017356860643311725,0.0,4,10000,[118.6213207296033],[2072.1312392225864],[0.994856704345161],20,0.012225003852320776
4665,0.025988454079271018,0.0,4,10000,[118.6213207296033],[2072.1312392225864],[0.994856704345161],20,0.012225003852320776
4666,0.01851496813099798,0.0,4,10000,[118.6213207296033],[2072.1312392225864],[0.994856704345161],20,0.012225003852320776
4667,-0.008047565995192869,0.0,4,10000,[118.6213207296033],[2072.1312392225864],[0.994856704345161],20,0.012225003852320776
4668,-0.0037525899303938203,0.0,4,10000,[118.6213207296033],[2072.1312392225864],[0.994856704345161],20,0.012225003852320776
4669,-0.006118061814865356,0.0,4,10000,[118.6213207296033],[2072.1312392225864],[0.994856704345161],20,0.012225003852320776
4670,-0.001574324808558517,0.0,4,10000,[118.6213207296033],[2072.1312392225864],[0.994856704345161],20,0.012225003852320776
4671,-0.00932456761572546,0.0,4,10000,[118.6213207296033],[2072.1312392225864],[0.994856704345161],20,0.012225003852320776
4672,0.0031316071569771685,0.0,4,10000,[118.6213207296033],[2072.1312392225864],[0.994856704345161],20,0.012225003852320776
4673,-0.015424964321319908,0.0,4,10000,[118.6213207296033],[2072.1312392225864],[0.994856704345161],20,0.012225003852320776
4674,0.0028459782320711022,0.0,4,10000,[118.6213207296033],[2072.1312392225864],[0.994856704345161],20,0.012225003852320776
4675,-0.009890995494816708,0.0,4,10000,[118.6213207296033],[2072.1312392225864],[0.994856704345161],20,0.012225003852320776
4676,0.0062434110413682395,0.0,4,10000,[118.6213207296033],[2072.1312392225864],[0.994856704345161],20,0.012225003852320776
4677,-0.004188189754110318,0.0,4,10000,[118.6213207296033],[2072.1312392225864],[0.994856704345161],20,0.012225003852320776
4678,0.008111705890529826,0.0,4,10000,[118.6213207296033],[2072.1312392225864],[0.994856704345161],20,0.012225003852320776
4679,-0.01709353247581413,0.0,4,10000,[118.6213207296033],[2072.1312392225864],[0.994856704345161],20,0.012225003852320776
4680,0.011239782979793536,0.0,4,10000,[118.6213207296033],[2072.1312392225864],[0.994856704345161],20,0.012225003852320776
4681,0.006673944562112668,0.0,4,10000,[118.6213207296033],[2072.1312392225864],[0.994856704345161],20,0.012225003852320776
4682,-0.017555455465823665,0.0,4,10000,[118.6213207296033],[2072.1312392225864],[0.994856704345161],20,0.012225003852320776
4683,-0.007022727590055404,0.0,4,10000,[118.6213207296033],[2072.1312392225864],[0.994856704345161],20,0.012225003852320776
4684,0.0003190017580935856,0.0,4,10000,[118.6213207296033],[2072.1312392225864],[0.994856704345161],20,0.012225003852320776
4685,-0.0013069902500338975,0.0,4,10000,[118.6213207296033],[2072.1312392225864],[0.994856704345161],20,0.012225003852320776
4686,0.008761064735963036,0.0,4,10000,[118.6213207296033],[2072.1312392225864],[0.994856704345161],20,0.012225003852320776
4687,-0.01791642531791283,0.0,4,10000,[118.6213207296033],[2072.1312392225864],[0.994856704345161],20,0.012225003852320776
4688,0.007827122935739193,0.0,4,10000,[118.6213207296033],[2072.1312392225864],[0.994856704345161],20,0.012225003852320776
4689,-0.0024393080297969625,0.0,4,10000,[118.6213207296033],[2072.1312392225864],[0.994856704345161],20,0.012225003852320776
4690,-0.012732937292515836,0.0,4,10000,[118.6213207296033],[2072.1312392225864],[0.994856704345161],20,0.012225003852320776
4691,-0.013029819357722199,0.0,4,10000,[118.6213207296033],[2072.1312392225864],[0.994856704345161],20,0.012225003852320776
4692,-0.023112893490006406,0.0,4,10000,[118.6213207296033],[2072.1312392225864],[0.994856704345161],20,0.012225003852320776
4693,0.0025531082952260998,0.0,4,10000,[118.6213207296033],[2072.1312392225864],[0.994856704345161],20,0.012225003852320776
4694,0.021676247913844943,0.0,4,10000,[118.6213207296033],[2072.1312392225864],[0.994856704345161],20,0.012225003852320776
4695,-0.002480185577898916,0.0,4,10000,[118.6213207296033],[2072.1312392225864],[0.994856704345161],20,0.012225003852320776
4696,0.02950283497941873,0.0,4,10000,[118.6213207296033],[2072.1312392225864],[0.994856704345161],20,0.012225003852320776
4697,-0.0015950461065976356,0.0,4,10000,[118.6213207296033],[2072.1312392225864],[0.994856704345161],20,0.012225003852320776
4698,-0.01113209609651892,0.0,4,10000,[118.6213207296033],[2072.1312392225864],[0.994856704345161],20,0.012225003852320776
4699,-0.013536319150141219,0.0,4,10000,[118.6213207296033],[2072.1312392225864],[0.994856704345161],20,0.012225003852320776
4700,0.002959858341664011,0.0,4,10000,[118.6213207296033],[2072.1312392225864],[0.994856704345161],20,0.012225003852320776
4701,-0.0028277924012477815,0.0,4,10000,[118.6213207296033],[2072.1312392225864],[0.994856704345161],20,0.012225003852320776
4702,0.006716320009515978,0.0,4,10000,[118.6213207296033],[2072.1312392225864],[0.994856704345161],20,0.012225003852320776
4703,-0.017946298034886017,0.0,4,10000,[118.6213207296033],[2072.1312392225864],[0.994856704345161],20,0.012225003852320776
4704,-0.0089096221388035,0.0,4,10000,[118.6213207296033],[2072.1312392225864],[0.994856704345161],20,0.012225003852320776
4705,-0.00847267054598101,0.0,4,10000,[118.6213207296033],[2072.1312392225864],[0.994856704345161],20,0.012225003852320776
4706,0.03619162496071849,0.0,4,10000,[118.6213207296033],[2072.1312392225864],[0.994856704345161],20,0.012225003852320776
4707,0.00724924863277883,0.0,4,10000,[118.6213207296033],[2072.1312392225864],[0.994856704345161],20,0.012225003852320776
4708,0.020435898692438913,0.0,4,10000,[118.6213207296033],[2072.1312392225864],[0.994856704345161],20,0.012225003852320776
4709,0.012297314876052652,0.0,4,10000,[118.6213207296033],[2072.1312392225864],[0.994856704345161],20,0.012225003852320776
4710,-0.008869333641578435,0.0,4,10000,[118.6213207296033],[2072.1312392225864],[0.994856704345161],20,0.012225003852320776
4711,-0.013539413738147184,0.0,4,10000,[118.6213207296033],[2072.1312392225864],[0.994856704345161],20,0.012225003852320776
4712,0.006810933037060426,0.0,4,10000,[118.6213207296033],[2072.1312392225864],[0.994856704345161],20,0.012225003852320776
4713,0.0004912579115765606,0.0,4,10000,[118.6213207296033],[2072.1312392225864],[0.994856704345161],20,0.012225003852320776
4714,-0.007009948671249601,0.0,4,10000,[118.6213207296033],[2072.1312392225864],[0.994856704345161],20,0.012225003852320776
4715,0.011147530235170363,0.0,4,10000,[118.6213207296033],[2072.1312392225864],[0.994856704345161],20,0.012225003852320776
4716,-0.012215510380770804,0.0,4,10000,[118.6213207296033],[2072.1312392225864],[0.994856704345161],20,0.012225003852320776
4717,7.804201708681782e-05,0.0,4,10000,[118.6213207296033],[2072.1312392225864],[0.994856704345161],20,0.012225003852320776
4718,-0.014463212792073101,0.0,4,10000,[118.6213207296033],[2072.1312392225864],[0.994856704345161],20,0.012225003852320776
4719,-0.0022133278940907335,0.0,4,10000,[118.6213207296033],[2072.1312392225864],[0.994856704345161],20,0.012225003852320776
4720,-0.015663626600594498,0.0,4,10000,[118.6213207296033],[2072.1312392225864],[0.994856704345161],20,0.012225003852320776
4721,0.015685596251164925,0.0,4,10000,[118.6213207296033],[2072.1312392225864],[0.994856704345161],20,0.012225003852320776
4722,-0.008254869131948261,0.0,4,10000,[118.6213207296033],[2072.1312392225864],[0.994856704345161],20,0.012225003852320776
4723,-0.0030294017082616626,0.0,4,10000,[118.6213207296033],[2072.1312392225864],[0.994856704345161],20,0.012225003852320776
4724,0.006405390847947542,0.0,4,10000,[118.6213207296033],[2072.1312392225864],[0.994856704345161],20,0.012225003852320776
4725,0.0010776845392603917,0.0,4,10000,[118.6213207296033],[2072.1312392225864],[0.994856704345161],20,0.012225003852320776
4726,0.004054856420298855,0.0,4,10000,[118.6213207296033],[2072.1312392225864],[0.994856704345161],20,0.012225003852320776
4727,0.007150337558099825,0.0,4,10000,[118.6213207296033],[2072.1312392225864],[0.994856704345161],20,0.012225003852320776
4728,0.0013984901270600253,0.0,4,10000,[118.6213207296033],[2072.1312392225864],[0.994856704345161],20,0.012225003852320776
4729,0.018217558028952863,0.0,4,10000,[118.6213207296033],[2072.1312392225864],[0.994856704345161],20,0.012225003852320776
4730,-0.00040827026996972406,0.0,4,10000,[118.6213207296033],[2072.1312392225864],[0.994856704345161],20,0.012225003852320776
4731,-0.003647725257409157,0.0,4,10000,[118.6213207296033],[2072.1312392225864],[0.994856704345161],20,0.012225003852320776
4732,0.00985482862702889,0.0,4,10000,[118.6213207296033],[2072.1312392225864],[0.994856704345161],20,0.012225003852320776
4733,0.00048325273862555155,0.0,4,10000,[118.6213207296033],[2072.1312392225864],[0.994856704345161],20,0.012225003852320776
4734,0.02261726603167239,0.0,4,10000,[118.6213207296033],[2072.1312392225864],[0.994856704345161],20,0.012225003852320776
4735,0.00586519217466351,0.0,4,10000,[118.6213207296033],[2072.1312392225864],[0.994856704345161],20,0.012225003852320776
4736,0.003456980680708821,0.0,4,10000,[118.6213207296033],[2072.1312392225864],[0.994856704345161],20,0.012225003852320776
4737,-0.014882825667995701,0.0,4,10000,[118.6213207296033],[2072.1312392225864],[0.994856704345161],20,0.012225003852320776
4738,0.002771521996993172,0.0,4,10000,[118.6213207296033],[2072.1312392225864],[0.994856704345161],20,0.012225003852320776
4739,-0.0038321859192973463,0.0,4,10000,[118.6213207296033],[2072.1312392225864],[0.994856704345161],20,0.012225003852320776
4740,0.002204756143333294,0.0,4,10000,[118.6213207296033],[2072.1312392225864],[0.994856704345161],20,0.012225003852320776
4741,0.005046924663199341,0.0,4,10000,[118.6213207296033],[2072.1312392225864],[0.994856704345161],20,0.012225003852320776
4742,-0.015452761606914237,0.0,4,10000,[118.6213207296033],[2072.1312392225864],[0.994856704345161],20,0.012225003852320776
4743,-0.007208911881358368,0.0,4,10000,[118.6213207296033],[2072.1312392225864],[0.994856704345161],20,0.012225003852320776
4744,0.00016824200745749207,0.0,4,10000,[118.6213207296033],[2072.1312392225864],[0.994856704345161],20,0.012225003852320776
4745,0.01185593690504438,0.0,4,10000,[118.6213207296033],[2072.1312392225864],[0.994856704345161],20,0.012225003852320776
4746,-0.00477603800140867,0.0,4,10000,[118.6213207296033],[2072.1312392225864],[0.994856704345161],20,0.012225003852320776
4747,0.011396407804062696,0.0,4,10000,[118.6213207296033],[2072.1312392225864],[0.994856704345161],20,0.012225003852320776
4748,-0.016991781030364528,0.0,4,10000,[118.6213207296033],[2072.1312392225864],[0.994856704345161],20,0.012225003852320776
4749,0.006043334432610991,0.0,4,10000,[118.6213207296033],[2072.1312392225864],[0.994856704345161],20,0.012225003852320776
4750,-0.0029473557499413135,0.0,4,10000,[118.6213207296033],[2072.1312392225864],[0.994856704345161],20,0.012225003852320776
4751,0.015410108871379564,0.0,4,10000,[118.6213207296033],[2072.1312392225864],[0.994856704345161],20,0.012225003852320776
4752,-0.03147376846938963,0.0,4,10000,[118.6213207296033],[2072.1312392225864],[0.994856704345161],20,0.012225003852320776
4753,-0.00985300254724295,0.0,4,10000,[118.6213207296033],[2072.1312392225864],[0.994856704345161],20,0.012225003852320776
4754,-0.0212293436473312,0.0,4,10000,[118.6213207296033],[2072.1312392225864],[0.994856704345161],20,0.012225003852320776
4755,-0.016958415032564813,0.0,4,10000,[118.6213207296033],[2072.1312392225864],[0.994856704345161],20,0.012225003852320776
4756,0.007588997902469668,0.0,4,10000,[118.6213207296033],[2072.1312392225864],[0.994856704345161],20,0.012225003852320776
4757,0.017136464169616086,0.0,4,10000,[118.6213207296033],[2072.1312392225864],[0.994856704345161],20,0.012225003852320776
4758,0.0004967258305054606,0.0,4,10000,[118.6213207296033],[2072.1312392225864],[0.994856704345161],20,0.012225003852320776
4759,-0.0007201526586868289,0.0,4,10000,[118.6213207296033],[2072.1312392225864],[0.994856704345161],20,0.012225003852320776
4760,0.009408180587441696,0.0,4,10000,[118.6213207296033],[2072.1312392225864],[0.994856704345161],20,0.012225003852320776
4761,0.006221254452420405,0.0,4,10000,[118.6213207296033],[2072.1312392225864],[0.994856704345161],20,0.012225003852320776
4762,0.009548279679373656,0.0,4,10000,[118.6213207296033],[2072.1312392225864],[0.994856704345161],20,0.012225003852320776
4763,-0.008501814512937574,0.0,4,10000,[118.6213207296033],[2072.1312392225864],[0.994856704345161],20,0.012225003852320776
4764,-0.01216554177300932,0.0,4,10000,[118.6213207296033],[2072.1312392225864],[0.994856704345161],20,0.012225003852320776
4765,-0.018967848798198426,0.0,4,10000,[118.6213207296033],[2072.1312392225864],[0.994856704345161],20,0.012225003852320776
4766,0.0040611178340317754,0.0,4,10000,[118.6213207296033],[2072.1312392225864],[0.994856704345161],20,0.012225003852320776
4767,-0.0024204799149075843,0.0,4,10000,[118.6213207296033],[2072.1312392225864],[0.994856704345161],20,0.012225003852320776
4768,0.004478253653997382,0.0,4,10000,[118.6213207296033],[2072.1312392225864],[0.994856704345161],20,0.012225003852320776
4769,0.014696984287415695,0.0,4,10000,[118.6213207296033],[2072.1312392225864],[0.994856704345161],20,0.012225003852320776
4770,-0.007674653717218139,0.0,4,10000,[118.6213207296033],[2072.1312392225864],[0.994856704345161],20,0.012225003852320776
4771,-0.005984808459340003,0.0,4,10000,[118.6213207296033],[2072.1312392225864],[0.994856704345161],20,0.012225003852320776
4772,0.010595174342370998,0.0,4,10000,[118.6213207296033],[2072.1312392225864],[0.994856704345161],20,0.012225003852320776
4773,0.015908129719539105,0.0,4,10000,[118.6213207296033],[2072.1312392225864],[0.994856704345161],20,0.012225003852320776
4774,-0.009774099842673181,0.0,4,10000,[118.6213207296033],[2072.1312392225864],[0.994856704345161],20,0.012225003852320776
4775,0.020714371856877835,0.0,4,10000,[118.6213207296033],[2072.1312392225864],[0.994856704345161],20,0.012225003852320776
4776,-0.015110575155517683,0.0,4,10000,[118.6213207296033],[2072.1312392225864],[0.994856704345161],20,0.012225003852320776
4777,-0.004041532022455306,0.0,4,10000,[118.6213207296033],[2072.1312392225864],[0.994856704345161],20,0.012225003852320776
4778,0.022105388147378526,0.0,4,10000,[118.6213207296033],[2072.1312392225864],[0.994856704345161],20,0.012225003852320776
4779,-0.007388912185011525,0.0,4,10000,[118.6213207296033],[2072.1312392225864],[0.994856704345161],20,0.012225003852320776
4780,-0.0036614687439489456,0.0,4,10000,[118.6213207296033],[2072.1312392225864],[0.994856704345161],20,0.012225003852320776
4781,-0.0017867433819237187,0.0,4,10000,[118.6213207296033],[2072.1312392225864],[0.994856704345161],20,0.012225003852320776
4782,0.0012473692045274032,0.0,4,10000,[118.6213207296033],[2072.1312392225864],[0.994856704345161],20,0.012225003852320776
4783,0.0035125581235830217,0.0,4,10000,[118.6213207296033],[2072.1312392225864],[0.994856704345161],20,0.012225003852320776
4784,0.007862884694457149,0.0,4,10000,[118.6213207296033],[2072.1312392225864],[0.994856704345161],20,0.012225003852320776
4785,-0.0047299434061385155,0.0,4,10000,[118.6213207296033],[2072.1312392225864],[0.994856704345161],20,0.012225003852320776
4786,-0.02006813659927979,0.0,4,10000,[118.6213207296033],[2072.1312392225864],[0.994856704345161],20,0.012225003852320776
4787,2.4667149985763914e-05,0.0,4,10000,[118.6213207296033],[2072.1312392225864],[0.994856704345161],20,0.012225003852320776
4788,0.017596566825967313,0.0,4,10000,[118.6213207296033],[2072.1312392225864],[0.994856704345161],20,0.012225003852320776
4789,0.01919873776833219,0.0,4,10000,[118.6213207296033],[2072.1312392225864],[0.994856704345161],20,0.012225003852320776
4790,-0.0162619352240552,0.0,4,10000,[118.6213207296033],[2072.1312392225864],[0.994856704345161],20,0.012225003852320776
4791,-0.018818289089018503,0.0,4,10000,[118.6213207296033],[2072.1312392225864],[0.994856704345161],20,0.012225003852320776
4792,-0.006288787633591965,0.0,4,10000,[118.6213207296033],[2072.1312392225864],[0.994856704345161],20,0.012225003852320776
4793,0.008802369118300733,0.0,4,10000,[118.6213207296033],[2072.1312392225864],[0.994856704345161],20,0.012225003852320776
4794,-0.01678995823500714,0.0,4,10000,[118.6213207296033],[2072.1312392225864],[0.994856704345161],20,0.012225003852320776
4795,0.008006329922130583,0.0,4,10000,[118.6213207296033],[2072.1312392225864],[0.994856704345161],20,0.012225003852320776
4796,0.002537896949420246,0.0,4,10000,[118.6213207296033],[2072.1312392225864],[0.994856704345161],20,0.012225003852320776
4797,0.0016513694186516819,0.0,4,10000,[118.6213207296033],[2072.1312392225864],[0.994856704345161],20,0.012225003852320776
4798,-0.011179725904260864,0.0,4,10000,[118.6213207296033],[2072.1312392225864],[0.994856704345161],20,0.012225003852320776
4799,0.004434005086083918,0.0,4,10000,[118.6213207296033],[2072.1312392225864],[0.994856704345161],20,0.012225003852320776
4800,0.0031846587409336863,0.0,4,10000,[118.6213207296033],[2072.1312392225864],[0.994856704345161],20,0.012225003852320776
4801,-0.017492142882878346,0.0,4,10000,[118.6213207296033],[2072.1312392225864],[0.994856704345161],20,0.012225003852320776
4802,0.0018402855501524933,0.0,4,10000,[118.6213207296033],[2072.1312392225864],[0.994856704345161],20,0.012225003852320776
4803,0.020250092205578888,0.0,4,10000,[118.6213207296033],[2072.1312392225864],[0.994856704345161],20,0.012225003852320776
4804,-0.007683157480432353,0.0,4,10000,[118.6213207296033],[2072.1312392225864],[0.994856704345161],20,0.012225003852320776
4805,-0.012552157727284925,0.0,4,10000,[118.6213207296033],[2072.1312392225864],[0.994856704345161],20,0.012225003852320776
4806,0.008563180485032698,0.0,4,10000,[118.6213207296033],[2072.1312392225864],[0.994856704345161],20,0.012225003852320776
4807,0.008431467779006609,0.0,4,10000,[118.6213207296033],[2072.1312392225864],[0.994856704345161],20,0.012225003852320776
4808,0.013595027868549128,0.0,4,10000,[118.6213207296033],[2072.1312392225864],[0.994856704345161],20,0.012225003852320776
4809,0.0023699756486072893,0.0,4,10000,[118.6213207296033],[2072.1312392225864],[0.994856704345161],20,0.012225003852320776
4810,-0.004017089796989119,0.0,4,10000,[118.6213207296033],[2072.1312392225864],[0.994856704345161],20,0.012225003852320776
4811,-0.006645809391768161,0.0,4,10000,[118.6213207296033],[2072.1312392225864],[0.994856704345161],20,0.012225003852320776
4812,0.002465676886391931,0.0,4,10000,[118.6213207296033],[2072.1312392225864],[0.994856704345161],20,0.012225003852320776
4813,0.01331661595001627,0.0,4,10000,[118.6213207296033],[2072.1312392225864],[0.994856704345161],20,0.012225003852320776
4814,0.0015402495447858178,0.0,4,10000,[118.6213207296033],[2072.1312392225864],[0.994856704345161],20,0.012225003852320776
4815,0.01814059356583412,0.0,4,10000,[118.6213207296033],[2072.1312392225864],[0.994856704345161],20,0.012225003852320776
4816,-0.014139801053148517,0.0,4,10000,[118.6213207296033],[2072.1312392225864],[0.994856704345161],20,0.012225003852320776
4817,0.004036113721468314,0.0,4,10000,[118.6213207296033],[2072.1312392225864],[0.994856704345161],20,0.012225003852320776
4818,-0.020668124347539514,0.0,4,10000,[118.6213207296033],[2072.1312392225864],[0.994856704345161],20,0.012225003852320776
4819,0.0012813107232617787,0.0,4,10000,[118.6213207296033],[2072.1312392225864],[0.994856704345161],20,0.012225003852320776
4820,-0.02283901498354566,0.0,4,10000,[118.6213207296033],[2072.1312392225864],[0.994856704345161],20,0.012225003852320776
4821,0.023617991714509706,0.0,4,10000,[118.6213207296033],[2072.1312392225864],[0.994856704345161],20,0.012225003852320776
4822,0.013168808080402983,0.0,4,10000,[118.6213207296033],[2072.1312392225864],[0.994856704345161],20,0.012225003852320776
4823,0.001995964260199671,0.0,4,10000,[118.6213207296033],[2072.1312392225864],[0.994856704345161],20,0.012225003852320776
4824,0.005874760250561371,0.0,4,10000,[118.6213207296033],[2072.1312392225864],[0.994856704345161],20,0.012225003852320776
4825,0.018028966555769955,0.0,4,10000,[118.6213207296033],[2072.1312392225864],[0.994856704345161],20,0.012225003852320776
4826,-0.010556996314363553,0.0,4,10000,[118.6213207296033],[2072.1312392225864],[0.994856704345161],20,0.012225003852320776
4827,-0.015571531876891382,0.0,4,10000,[118.6213207296033],[2072.1312392225864],[0.994856704345161],20,0.012225003852320776
4828,-0.007570163353692713,0.0,4,10000,[118.6213207296033],[2072.1312392225864],[0.994856704345161],20,0.012225003852320776
4829,-0.004748568719888485,0.0,4,10000,[118.6213207296033],[2072.1312392225864],[0.994856704345161],20,0.012225003852320776
4830,-0.0015893648118628732,0.0,4,10000,[118.6213207296033],[2072.1312392225864],[0.994856704345161],20,0.012225003852320776
4831,0.005776311316920373,0.0,4,10000,[118.6213207296033],[2072.1312392225864],[0.994856704345161],20,0.012225003852320776
4832,0.002123549824496768,0.0,4,10000,[118.6213207296033],[2072.1312392225864],[0.994856704345161],20,0.012225003852320776
4833,0.007004584661243579,0.0,4,10000,[118.6213207296033],[2072.1312392225864],[0.994856704345161],20,0.012225003852320776
4834,-0.006667056163344089,0.0,4,10000,[118.6213207296033],[2072.1312392225864],[0.994856704345161],20,0.012225003852320776
4835,0.014364659353887857,0.0,4,10000,[118.6213207296033],[2072.1312392225864],[0.994856704345161],20,0.012225003852320776
4836,0.013350189260174486,0.0,4,10000,[118.6213207296033],[2072.1312392225864],[0.994856704345161],20,0.012225003852320776
4837,0.007753335026324766,0.0,4,10000,[118.6213207296033],[2072.1312392225864],[0.994856704345161],20,0.012225003852320776
4838,0.01435265013073771,0.0,4,10000,[118.6213207296033],[2072.1312392225864],[0.994856704345161],20,0.012225003852320776
4839,-0.008012939080509263,0.0,4,10000,[118.6213207296033],[2072.1312392225864],[0.994856704345161],20,0.012225003852320776
4840,-0.0026302362536594383,0.0,4,10000,[118.6213207296033],[2072.1312392225864],[0.994856704345161],20,0.012225003852320776
4841,0.006952176792710623,0.0,4,10000,[118.6213207296033],[2072.1312392225864],[0.994856704345161],20,0.012225003852320776
4842,-0.00041992781899924896,0.0,4,10000,[118.6213207296033],[2072.1312392225864],[0.994856704345161],20,0.012225003852320776
4843,0.0021633742491306393,0.0,4,10000,[118.6213207296033],[2072.1312392225864],[0.994856704345161],20,0.012225003852320776
4844,0.016194390284153346,0.0,4,10000,[118.6213207296033],[2072.1312392225864],[0.994856704345161],20,0.012225003852320776
4845,0.005661407984230099,0.0,4,10000,[118.6213207296033],[2072.1312392225864],[0.994856704345161],20,0.012225003852320776
4846,-0.003840205373744632,0.0,4,10000,[118.6213207296033],[2072.1312392225864],[0.994856704345161],20,0.012225003852320776
4847,-0.015083358773605619,0.0,4,10000,[118.6213207296033],[2072.1312392225864],[0.994856704345161],20,0.012225003852320776
4848,-0.015406703820861397,0.0,4,10000,[118.6213207296033],[2072.1312392225864],[0.994856704345161],20,0.012225003852320776
4849,0.003019385140788273,0.0,4,10000,[118.6213207296033],[2072.1312392225864],[0.994856704345161],20,0.012225003852320776
4850,0.0030262286274728256,0.0,4,10000,[118.6213207296033],[2072.1312392225864],[0.994856704345161],20,0.012225003852320776
4851,0.014911161564635803,0.0,4,10000,[118.6213207296033],[2072.1312392225864],[0.994856704345161],20,0.012225003852320776
4852,-0.00715200347028514,0.0,4,10000,[118.6213207296033],[2072.1312392225864],[0.994856704345161],20,0.012225003852320776
4853,0.008946504298611456,0.0,4,10000,[118.6213207296033],[2072.1312392225864],[0.994856704345161],20,0.012225003852320776
4854,0.00462941834343504,0.0,4,10000,[118.6213207296033],[2072.1312392225864],[0.994856704345161],20,0.012225003852320776
4855,0.001468589174449592,0.0,4,10000,[118.6213207296033],[2072.1312392225864],[0.994856704345161],20,0.012225003852320776
4856,-0.012577321991165302,0.0,4,10000,[118.6213207296033],[2072.1312392225864],[0.994856704345161],20,0.012225003852320776
4857,4.187559496467905e-06,0.0,4,10000,[118.6213207296033],[2072.1312392225864],[0.994856704345161],20,0.012225003852320776
4858,-0.005027206177083141,0.0,4,10000,[118.6213207296033],[2072.1312392225864],[0.994856704345161],20,0.012225003852320776
4859,-0.020466595584815936,0.0,4,10000,[118.6213207296033],[2072.1312392225864],[0.994856704345161],20,0.012225003852320776
4860,0.006694185430749642,0.0,4,10000,[118.6213207296033],[2072.1312392225864],[0.994856704345161],20,0.012225003852320776
4861,0.03270878920607361,0.0,4,10000,[118.6213207296033],[2072.1312392225864],[0.994856704345161],20,0.012225003852320776
4862,-0.006937158531756117,0.0,4,10000,[118.6213207296033],[2072.1312392225864],[0.994856704345161],20,0.012225003852320776
4863,-0.008728002851494098,0.0,4,10000,[118.6213207296033],[2072.1312392225864],[0.994856704345161],20,0.012225003852320776
4864,-0.00199400295858107,0.0,4,10000,[118.6213207296033],[2072.1312392225864],[0.994856704345161],20,0.012225003852320776
4865,0.0124444755818722,0.0,4,10000,[118.6213207296033],[2072.1312392225864],[0.994856704345161],20,0.012225003852320776
4866,-0.0015258994536224105,0.0,4,10000,[118.6213207296033],[2072.1312392225864],[0.994856704345161],20,0.012225003852320776
4867,-0.008521813775430206,0.0,4,10000,[118.6213207296033],[2072.1312392225864],[0.994856704345161],20,0.012225003852320776
4868,-0.01603530131844173,0.0,4,10000,[118.6213207296033],[2072.1312392225864],[0.994856704345161],20,0.012225003852320776
4869,0.019820876206266123,0.0,4,10000,[118.6213207296033],[2072.1312392225864],[0.994856704345161],20,0.012225003852320776
4870,-0.010727813645056988,0.0,4,10000,[118.6213207296033],[2072.1312392225864],[0.994856704345161],20,0.012225003852320776
4871,-0.002531317683713776,0.0,4,10000,[118.6213207296033],[2072.1312392225864],[0.994856704345161],20,0.012225003852320776
4872,0.005447408329224447,0.0,4,10000,[118.6213207296033],[2072.1312392225864],[0.994856704345161],20,0.012225003852320776
4873,0.013244083056673472,0.0,4,10000,[118.6213207296033],[2072.1312392225864],[0.994856704345161],20,0.012225003852320776
4874,0.005806454136769547,0.0,4,10000,[118.6213207296033],[2072.1312392225864],[0.994856704345161],20,0.012225003852320776
4875,-0.005331119486417128,0.0,4,10000,[118.6213207296033],[2072.1312392225864],[0.994856704345161],20,0.012225003852320776
4876,-0.01673165044932872,0.0,4,10000,[118.6213207296033],[2072.1312392225864],[0.994856704345161],20,0.012225003852320776
4877,-0.006652942397086742,0.0,4,10000,[118.6213207296033],[2072.1312392225864],[0.994856704345161],20,0.012225003852320776
4878,-0.01637884789602042,0.0,4,10000,[118.6213207296033],[2072.1312392225864],[0.994856704345161],20,0.012225003852320776
4879,0.00862544776602178,0.0,4,10000,[118.6213207296033],[2072.1312392225864],[0.994856704345161],20,0.012225003852320776
4880,-0.014317667612551684,0.0,4,10000,[118.6213207296033],[2072.1312392225864],[0.994856704345161],20,0.012225003852320776
4881,-0.006602805698971613,0.0,4,10000,[118.6213207296033],[2072.1312392225864],[0.994856704345161],20,0.012225003852320776
4882,-0.0034165204882135995,0.0,4,10000,[118.6213207296033],[2072.1312392225864],[0.994856704345161],20,0.012225003852320776
4883,0.0036446067424388343,0.0,4,10000,[118.6213207296033],[2072.1312392225864],[0.994856704345161],20,0.012225003852320776
4884,0.01570481400923066,0.0,4,10000,[118.6213207296033],[2072.1312392225864],[0.994856704345161],20,0.012225003852320776
4885,0.01715452902664125,0.0,4,10000,[118.6213207296033],[2072.1312392225864],[0.994856704345161],20,0.012225003852320776
4886,-0.00015029598256981858,0.0,4,10000,[118.6213207296033],[2072.1312392225864],[0.994856704345161],20,0.012225003852320776
4887,-0.006982299222014914,0.0,4,10000,[118.6213207296033],[2072.1312392225864],[0.994856704345161],20,0.012225003852320776
4888,0.007831093724457389,0.0,4,10000,[118.6213207296033],[2072.1312392225864],[0.994856704345161],20,0.012225003852320776
4889,-0.009051074280274405,0.0,4,10000,[118.6213207296033],[2072.1312392225864],[0.994856704345161],20,0.012225003852320776
4890,0.011694498278916641,0.0,4,10000,[118.6213207296033],[2072.1312392225864],[0.994856704345161],20,0.012225003852320776
4891,-0.019257285950303172,0.0,4,10000,[118.6213207296033],[2072.1312392225864],[0.994856704345161],20,0.012225003852320776
4892,-0.011256621325190105,0.0,4,10000,[118.6213207296033],[2072.1312392225864],[0.994856704345161],20,0.012225003852320776
4893,0.008868947997726353,0.0,4,10000,[118.6213207296033],[2072.1312392225864],[0.994856704345161],20,0.012225003852320776
4894,-0.008489242933253444,0.0,4,10000,[118.6213207296033],[2072.1312392225864],[0.994856704345161],20,0.012225003852320776
4895,-0.0030899202135823796,0.0,4,10000,[118.6213207296033],[2072.1312392225864],[0.994856704345161],20,0.012225003852320776
4896,-0.015722543304321338,0.0,4,10000,[118.6213207296033],[2072.1312392225864],[0.994856704345161],20,0.012225003852320776
4897,-0.0043241961110421275,0.0,4,10000,[118.6213207296033],[2072.1312392225864],[0.994856704345161],20,0.012225003852320776
4898,0.011499923838293794,0.0,4,10000,[118.6213207296033],[2072.1312392225864],[0.994856704345161],20,0.012225003852320776
4899,-0.022135608682170592,0.0,4,10000,[118.6213207296033],[2072.1312392225864],[0.994856704345161],20,0.012225003852320776
4900,-0.002857036816969518,0.0,4,10000,[118.6213207296033],[2072.1312392225864],[0.994856704345161],20,0.012225003852320776
4901,0.02475988998154691,0.0,4,10000,[118.6213207296033],[2072.1312392225864],[0.994856704345161],20,0.012225003852320776
4902,-0.01641547849851745,0.0,4,10000,[118.6213207296033],[2072.1312392225864],[0.994856704345161],20,0.012225003852320776
4903,-0.016701625176529587,0.0,4,10000,[118.6213207296033],[2072.1312392225864],[0.994856704345161],20,0.012225003852320776
4904,-0.023931219875939772,0.0,4,10000,[118.6213207296033],[2072.1312392225864],[0.994856704345161],20,0.012225003852320776
4905,0.013829251922867906,0.0,4,10000,[118.6213207296033],[2072.1312392225864],[0.994856704345161],20,0.012225003852320776
4906,0.007648967981423676,0.0,4,10000,[118.6213207296033],[2072.1312392225864],[0.994856704345161],20,0.012225003852320776
4907,0.025034240740585467,0.0,4,10000,[118.6213207296033],[2072.1312392225864],[0.994856704345161],20,0.012225003852320776
4908,-0.01240908990750726,0.0,4,10000,[118.6213207296033],[2072.1312392225864],[0.994856704345161],20,0.012225003852320776
4909,-0.007850745247527735,0.0,4,10000,[118.6213207296033],[2072.1312392225864],[0.994856704345161],20,0.012225003852320776
4910,0.001689127346742675,0.0,4,10000,[118.6213207296033],[2072.1312392225864],[0.994856704345161],20,0.012225003852320776
4911,-0.0194639443270801,0.0,4,10000,[118.6213207296033],[2072.1312392225864],[0.994856704345161],20,0.012225003852320776
4912,-0.0032321204817858324,0.0,4,10000,[118.6213207296033],[2072.1312392225864],[0.994856704345161],20,0.012225003852320776
4913,0.02216951957982702,0.0,4,10000,[118.6213207296033],[2072.1312392225864],[0.994856704345161],20,0.012225003852320776
4914,0.02319200814185749,0.0,4,10000,[118.6213207296033],[2072.1312392225864],[0.994856704345161],20,0.012225003852320776
4915,0.010356753549325868,0.0,4,10000,[118.6213207296033],[2072.1312392225864],[0.994856704345161],20,0.012225003852320776
4916,-0.031942785912227274,0.0,4,10000,[118.6213207296033],[2072.1312392225864],[0.994856704345161],20,0.012225003852320776
4917,-0.003969119704596032,0.0,4,10000,[118.6213207296033],[2072.1312392225864],[0.994856704345161],20,0.012225003852320776
4918,-0.01979229252703925,0.0,4,10000,[118.6213207296033],[2072.1312392225864],[0.994856704345161],20,0.012225003852320776
4919,-0.011652644618611974,0.0,4,10000,[118.6213207296033],[2072.1312392225864],[0.994856704345161],20,0.012225003852320776
4920,-0.006567753222190303,0.0,4,10000,[118.6213207296033],[2072.1312392225864],[0.994856704345161],20,0.012225003852320776
4921,-0.007191223696765429,0.0,4,10000,[118.6213207296033],[2072.1312392225864],[0.994856704345161],20,0.012225003852320776
4922,0.008567453570287263,0.0,4,10000,[118.6213207296033],[2072.1312392225864],[0.994856704345161],20,0.012225003852320776
4923,-0.0008469098274544243,0.0,4,10000,[118.6213207296033],[2072.1312392225864],[0.994856704345161],20,0.012225003852320776
4924,-0.010206475401732973,0.0,4,10000,[118.6213207296033],[2072.1312392225864],[0.994856704345161],20,0.012225003852320776
4925,0.002235610548150369,0.0,4,10000,[118.6213207296033],[2072.1312392225864],[0.994856704345161],20,0.012225003852320776
4926,-0.005889706172810209,0.0,4,10000,[118.6213207296033],[2072.1312392225864],[0.994856704345161],20,0.012225003852320776
4927,0.00838105113833937,0.0,4,10000,[118.6213207296033],[2072.1312392225864],[0.994856704345161],20,0.012225003852320776
4928,0.008554558192011572,0.0,4,10000,[118.6213207296033],[2072.1312392225864],[0.994856704345161],20,0.012225003852320776
4929,-0.008325020492729762,0.0,4,10000,[118.6213207296033],[2072.1312392225864],[0.994856704345161],20,0.012225003852320776
4930,-0.014887905017173072,0.0,4,10000,[118.6213207296033],[2072.1312392225864],[0.994856704345161],20,0.012225003852320776
4931,-0.00138165481808226,0.0,4,10000,[118.6213207296033],[2072.1312392225864],[0.994856704345161],20,0.012225003852320776
4932,-0.004518528884035947,0.0,4,10000,[118.6213207296033],[2072.1312392225864],[0.994856704345161],20,0.012225003852320776
4933,0.014568226723886918,0.0,4,10000,[118.6213207296033],[2072.1312392225864],[0.994856704345161],20,0.012225003852320776
4934,-0.006122409682449552,0.0,4,10000,[118.6213207296033],[2072.1312392225864],[0.994856704345161],20,0.012225003852320776
4935,-0.0005494934595639854,0.0,4,10000,[118.6213207296033],[2072.1312392225864],[0.994856704345161],20,0.012225003852320776
4936,0.0023052924142672976,0.0,4,10000,[118.6213207296033],[2072.1312392225864],[0.994856704345161],20,0.012225003852320776
4937,0.00837297516866077,0.0,4,10000,[118.6213207296033],[2072.1312392225864],[0.994856704345161],20,0.012225003852320776
4938,0.003833485566657943,0.0,4,10000,[118.6213207296033],[2072.1312392225864],[0.994856704345161],20,0.012225003852320776
4939,-0.005863511095493883,0.0,4,10000,[118.6213207296033],[2072.1312392225864],[0.994856704345161],20,0.012225003852320776
4940,-0.0044140937765648,0.0,4,10000,[118.6213207296033],[2072.1312392225864],[0.994856704345161],20,0.012225003852320776
4941,-0.006929163794889289,0.0,4,10000,[118.6213207296033],[2072.1312392225864],[0.994856704345161],20,0.012225003852320776
4942,-0.00350292150654615,0.0,4,10000,[118.6213207296033],[2072.1312392225864],[0.994856704345161],20,0.012225003852320776
4943,-0.01041213530766803,0.0,4,10000,[118.6213207296033],[2072.1312392225864],[0.994856704345161],20,0.012225003852320776
4944,-0.021402818571678518,0.0,4,10000,[118.6213207296033],[2072.1312392225864],[0.994856704345161],20,0.012225003852320776
4945,-0.0004375178450808153,0.0,4,10000,[118.6213207296033],[2072.1312392225864],[0.994856704345161],20,0.012225003852320776
4946,-0.004300808197875531,0.0,4,10000,[118.6213207296033],[2072.1312392225864],[0.994856704345161],20,0.012225003852320776
4947,-0.008904808408808,0.0,4,10000,[118.6213207296033],[2072.1312392225864],[0.994856704345161],20,0.012225003852320776
4948,-0.0010103188532937148,0.0,4,10000,[118.6213207296033],[2072.1312392225864],[0.994856704345161],20,0.012225003852320776
4949,0.005573534944569345,0.0,4,10000,[118.6213207296033],[2072.1312392225864],[0.994856704345161],20,0.012225003852320776
4950,-0.008156130475915117,0.0,4,10000,[118.6213207296033],[2072.1312392225864],[0.994856704345161],20,0.012225003852320776
4951,0.007964326414470159,0.0,4,10000,[118.6213207296033],[2072.1312392225864],[0.994856704345161],20,0.012225003852320776
4952,-0.023193232440922418,0.0,4,10000,[118.6213207296033],[2072.1312392225864],[0.994856704345161],20,0.012225003852320776
4953,0.02083076852067558,0.0,4,10000,[118.6213207296033],[2072.1312392225864],[0.994856704345161],20,0.012225003852320776
4954,0.0010063706759917046,0.0,4,10000,[118.6213207296033],[2072.1312392225864],[0.994856704345161],20,0.012225003852320776
4955,-0.008182969430736728,0.0,4,10000,[118.6213207296033],[2072.1312392225864],[0.994856704345161],20,0.012225003852320776
4956,-0.012652695363690935,0.0,4,10000,[118.6213207296033],[2072.1312392225864],[0.994856704345161],20,0.012225003852320776
4957,0.011805449520901677,0.0,4,10000,[118.6213207296033],[2072.1312392225864],[0.994856704345161],20,0.012225003852320776
4958,0.00975065991112237,0.0,4,10000,[118.6213207296033],[2072.1312392225864],[0.994856704345161],20,0.012225003852320776
4959,-0.011782625476028551,0.0,4,10000,[118.6213207296033],[2072.1312392225864],[0.994856704345161],20,0.012225003852320776
4960,0.019364029001647083,0.0,4,10000,[118.6213207296033],[2072.1312392225864],[0.994856704345161],20,0.012225003852320776
4961,-0.0038898674280851728,0.0,4,10000,[118.6213207296033],[2072.1312392225864],[0.994856704345161],20,0.012225003852320776
4962,0.009781834667246515,0.0,4,10000,[118.6213207296033],[2072.1312392225864],[0.994856704345161],20,0.012225003852320776
4963,0.0023864865011042455,0.0,4,10000,[118.6213207296033],[2072.1312392225864],[0.994856704345161],20,0.012225003852320776
4964,-0.015018176918423248,0.0,4,10000,[118.6213207296033],[2072.1312392225864],[0.994856704345161],20,0.012225003852320776
4965,-0.009061914858390765,0.0,4,10000,[118.6213207296033],[2072.1312392225864],[0.994856704345161],20,0.012225003852320776
4966,0.02146731287561124,0.0,4,10000,[118.6213207296033],[2072.1312392225864],[0.994856704345161],20,0.012225003852320776
4967,-0.0026390567036732376,0.0,4,10000,[118.6213207296033],[2072.1312392225864],[0.994856704345161],20,0.012225003852320776
4968,-0.0022188295669648495,0.0,4,10000,[118.6213207296033],[2072.1312392225864],[0.994856704345161],20,0.012225003852320776
4969,0.0007048221246754617,0.0,4,10000,[118.6213207296033],[2072.1312392225864],[0.994856704345161],20,0.012225003852320776
4970,0.0054431458244550155,0.0,4,10000,[118.6213207296033],[2072.1312392225864],[0.994856704345161],20,0.012225003852320776
4971,-0.011022408900539451,0.0,4,10000,[118.6213207296033],[2072.1312392225864],[0.994856704345161],20,0.012225003852320776
4972,0.001128633358687126,0.0,4,10000,[118.6213207296033],[2072.1312392225864],[0.994856704345161],20,0.012225003852320776
4973,0.03705835089157265,0.0,4,10000,[118.6213207296033],[2072.1312392225864],[0.994856704345161],20,0.012225003852320776
4974,-0.010477593862588086,0.0,4,10000,[118.6213207296033],[2072.1312392225864],[0.994856704345161],20,0.012225003852320776
4975,-0.013238795134234519,0.0,4,10000,[118.6213207296033],[2072.1312392225864],[0.994856704345161],20,0.012225003852320776
4976,0.005612145816685625,0.0,4,10000,[118.6213207296033],[2072.1312392225864],[0.994856704345161],20,0.012225003852320776
4977,0.006205173640132698,0.0,4,10000,[118.6213207296033],[2072.1312392225864],[0.994856704345161],20,0.012225003852320776
4978,0.00267207755575976,0.0,4,10000,[118.6213207296033],[2072.1312392225864],[0.994856704345161],20,0.012225003852320776
4979,0.0023919173476265533,0.0,4,10000,[118.6213207296033],[2072.1312392225864],[0.994856704345161],20,0.012225003852320776
4980,0.012360434235755913,0.0,4,10000,[118.6213207296033],[2072.1312392225864],[0.994856704345161],20,0.012225003852320776
4981,0.008101177568343661,0.0,4,10000,[118.6213207296033],[2072.1312392225864],[0.994856704345161],20,0.012225003852320776
4982,0.005321404626857084,0.0,4,10000,[118.6213207296033],[2072.1312392225864],[0.994856704345161],20,0.012225003852320776
4983,-0.0036086415415606072,0.0,4,10000,[118.6213207296033],[2072.1312392225864],[0.994856704345161],20,0.012225003852320776
4984,-0.009273521104789642,0.0,4,10000,[118.6213207296033],[2072.1312392225864],[0.994856704345161],20,0.012225003852320776
4985,0.015220902271374256,0.0,4,10000,[118.6213207296033],[2072.1312392225864],[0.994856704345161],20,0.012225003852320776
4986,-0.014310103773724353,0.0,4,10000,[118.6213207296033],[2072.1312392225864],[0.994856704345161],20,0.012225003852320776
4987,0.0217011498528984,0.0,4,10000,[118.6213207296033],[2072.1312392225864],[0.994856704345161],20,0.012225003852320776
4988,0.008696048589144119,0.0,4,10000,[118.6213207296033],[2072.1312392225864],[0.994856704345161],20,0.012225003852320776
4989,-0.0031708166699012186,0.0,4,10000,[118.6213207296033],[2072.1312392225864],[0.994856704345161],20,0.012225003852320776
4990,0.0062434508200145105,0.0,4,10000,[118.6213207296033],[2072.1312392225864],[0.994856704345161],20,0.012225003852320776
4991,8.169100219240331e-05,0.0,4,10000,[118.6213207296033],[2072.1312392225864],[0.994856704345161],20,0.012225003852320776
4992,0.0256361441796076,0.0,4,10000,[118.6213207296033],[2072.1312392225864],[0.994856704345161],20,0.012225003852320776
4993,-0.009256170087258448,0.0,4,10000,[118.6213207296033],[2072.1312392225864],[0.994856704345161],20,0.012225003852320776
4994,-0.0014651874811545589,0.0,4,10000,[118.6213207296033],[2072.1312392225864],[0.994856704345161],20,0.012225003852320776
4995,-0.003275471321963906,0.0,4,10000,[118.6213207296033],[2072.1312392225864],[0.994856704345161],20,0.012225003852320776
4996,-0.009118701094564184,0.0,4,10000,[118.6213207296033],[2072.1312392225864],[0.994856704345161],20,0.012225003852320776
4997,0.013920281729651995,0.0,4,10000,[118.6213207296033],[2072.1312392225864],[0.994856704345161],20,0.012225003852320776
4998,-0.009917849476749067,0.0,4,10000,[118.6213207296033],[2072.1312392225864],[0.994856704345161],20,0.012225003852320776
4999,0.02320848458756377,0.0,4,10000,[118.6213207296033],[2072.1312392225864],[0.994856704345161],20,0.012225003852320776
5000,-0.026789530425709526,0.0,4,10000,[118.6213207296033],[2072.1312392225864],[0.994856704345161],20,0.012225003852320776
5001,0.0005975477425333278,0.0,4,10000,[118.6213207296033],[2072.1312392225864],[0.994856704345161],20,0.012225003852320776
5002,0.013182800822590044,0.0,4,10000,[118.6213207296033],[2072.1312392225864],[0.994856704345161],20,0.012225003852320776
5003,-0.0016388298702915518,0.0,4,10000,[118.6213207296033],[2072.1312392225864],[0.994856704345161],20,0.012225003852320776
5004,0.006235788151370281,0.0,4,10000,[118.6213207296033],[2072.1312392225864],[0.994856704345161],20,0.012225003852320776
5005,0.00544825667919475,0.0,4,10000,[118.6213207296033],[2072.1312392225864],[0.994856704345161],20,0.012225003852320776
5006,0.011015628722886764,0.0,4,10000,[118.6213207296033],[2072.1312392225864],[0.994856704345161],20,0.012225003852320776
5007,0.013083903278805313,0.0,4,10000,[118.6213207296033],[2072.1312392225864],[0.994856704345161],20,0.012225003852320776
5008,0.005709652746372935,0.0,4,10000,[118.6213207296033],[2072.1312392225864],[0.994856704345161],20,0.012225003852320776
5009,0.00019246123430340177,0.0,4,10000,[118.6213207296033],[2072.1312392225864],[0.994856704345161],20,0.012225003852320776
5010,-0.0054221950940011926,0.0,4,10000,[118.6213207296033],[2072.1312392225864],[0.994856704345161],20,0.012225003852320776
5011,-0.008953241905094786,0.0,4,10000,[118.6213207296033],[2072.1312392225864],[0.994856704345161],20,0.012225003852320776
5012,-0.01352417736437081,0.0,4,10000,[118.6213207296033],[2072.1312392225864],[0.994856704345161],20,0.012225003852320776
5013,0.0011631937706514052,0.0,4,10000,[118.6213207296033],[2072.1312392225864],[0.994856704345161],20,0.012225003852320776
5014,0.031939787099135065,0.0,4,10000,[118.6213207296033],[2072.1312392225864],[0.994856704345161],20,0.012225003852320776
5015,-0.015946584902334797,0.0,4,10000,[118.6213207296033],[2072.1312392225864],[0.994856704345161],20,0.012225003852320776
5016,0.007814719095966191,0.0,4,10000,[118.6213207296033],[2072.1312392225864],[0.994856704345161],20,0.012225003852320776
5017,-0.005959982759916274,0.0,4,10000,[118.6213207296033],[2072.1312392225864],[0.994856704345161],20,0.012225003852320776
5018,0.016010405081404895,0.0,4,10000,[118.6213207296033],[2072.1312392225864],[0.994856704345161],20,0.012225003852320776
5019,-0.0015313474826481128,0.0,4,10000,[118.6213207296033],[2072.1312392225864],[0.994856704345161],20,0.012225003852320776
5020,0.0049400988335914185,0.0,4,10000,[118.6213207296033],[2072.1312392225864],[0.994856704345161],20,0.012225003852320776
5021,-0.0046179906974528956,0.0,4,10000,[118.6213207296033],[2072.1312392225864],[0.994856704345161],20,0.012225003852320776
5022,-0.005258538614951519,0.0,4,10000,[118.6213207296033],[2072.1312392225864],[0.994856704345161],20,0.012225003852320776
5023,-0.01186733214346683,0.0,4,10000,[118.6213207296033],[2072.1312392225864],[0.994856704345161],20,0.012225003852320776
5024,-0.002444020494415997,0.0,4,10000,[118.6213207296033],[2072.1312392225864],[0.994856704345161],20,0.012225003852320776
5025,-0.00388943737659604,0.0,4,10000,[118.6213207296033],[2072.1312392225864],[0.994856704345161],20,0.012225003852320776
5026,0.007856021056894251,0.0,4,10000,[118.6213207296033],[2072.1312392225864],[0.994856704345161],20,0.012225003852320776
5027,0.011458986620791511,0.0,4,10000,[118.6213207296033],[2072.1312392225864],[0.994856704345161],20,0.012225003852320776
5028,0.01177128666790951,0.0,4,10000,[118.6213207296033],[2072.1312392225864],[0.994856704345161],20,0.012225003852320776
5029,0.01752095523540012,0.0,4,10000,[118.6213207296033],[2072.1312392225864],[0.994856704345161],20,0.012225003852320776
5030,0.012537899756027588,0.0,4,10000,[118.6213207296033],[2072.1312392225864],[0.994856704345161],20,0.012225003852320776
5031,0.0003060312549588051,0.0,4,10000,[118.6213207296033],[2072.1312392225864],[0.994856704345161],20,0.012225003852320776
5032,-0.0018762043817108947,0.0,4,10000,[118.6213207296033],[2072.1312392225864],[0.994856704345161],20,0.012225003852320776
5033,-0.02568263213928114,0.0,4,10000,[118.6213207296033],[2072.1312392225864],[0.994856704345161],20,0.012225003852320776
5034,0.012959676245079313,0.0,4,10000,[118.6213207296033],[2072.1312392225864],[0.994856704345161],20,0.012225003852320776
5035,-0.012042972739614953,0.0,4,10000,[118.6213207296033],[2072.1312392225864],[0.994856704345161],20,0.012225003852320776
5036,0.014417798503916354,0.0,4,10000,[118.6213207296033],[2072.1312392225864],[0.994856704345161],20,0.012225003852320776
5037,-0.0014696589967608633,0.0,4,10000,[118.6213207296033],[2072.1312392225864],[0.994856704345161],20,0.012225003852320776
5038,0.006604123319572914,0.0,4,10000,[118.6213207296033],[2072.1312392225864],[0.994856704345161],20,0.012225003852320776
5039,-0.0018444554662850562,0.0,4,10000,[118.6213207296033],[2072.1312392225864],[0.994856704345161],20,0.012225003852320776
5040,0.003260236607130434,0.0,4,10000,[118.6213207296033],[2072.1312392225864],[0.994856704345161],20,0.012225003852320776
5041,-0.0014834037856479739,0.0,4,10000,[118.6213207296033],[2072.1312392225864],[0.994856704345161],20,0.012225003852320776
5042,0.01944137019365985,0.0,4,10000,[118.6213207296033],[2072.1312392225864],[0.994856704345161],20,0.012225003852320776
5043,-0.015199679447806487,0.0,4,10000,[118.6213207296033],[2072.1312392225864],[0.994856704345161],20,0.012225003852320776
5044,-0.0027688172544615233,0.0,4,10000,[118.6213207296033],[2072.1312392225864],[0.994856704345161],20,0.012225003852320776
5045,0.025949797917815917,0.0,4,10000,[118.6213207296033],[2072.1312392225864],[0.994856704345161],20,0.012225003852320776
5046,0.010118296961244779,0.0,4,10000,[118.6213207296033],[2072.1312392225864],[0.994856704345161],20,0.012225003852320776
5047,-0.007703163200241893,0.0,4,10000,[118.6213207296033],[2072.1312392225864],[0.994856704345161],20,0.012225003852320776
5048,-0.014058554944508155,0.0,4,10000,[118.6213207296033],[2072.1312392225864],[0.994856704345161],20,0.012225003852320776
5049,-0.0173870414905629,0.0,4,10000,[118.6213207296033],[2072.1312392225864],[0.994856704345161],20,0.012225003852320776
5050,0.0005807532951346283,0.0,4,10000,[118.6213207296033],[2072.1312392225864],[0.994856704345161],20,0.012225003852320776
5051,-0.0013799260055370553,0.0,4,10000,[118.6213207296033],[2072.1312392225864],[0.994856704345161],20,0.012225003852320776
5052,0.02543628508891973,0.0,4,10000,[118.6213207296033],[2072.1312392225864],[0.994856704345161],20,0.012225003852320776
5053,0.008643048368139469,0.0,4,10000,[118.6213207296033],[2072.1312392225864],[0.994856704345161],20,0.012225003852320776
5054,0.005713021349444964,0.0,4,10000,[118.6213207296033],[2072.1312392225864],[0.994856704345161],20,0.012225003852320776
5055,0.01895722605795796,0.0,4,10000,[118.6213207296033],[2072.1312392225864],[0.994856704345161],20,0.012225003852320776
5056,0.0020416504445563122,0.0,4,10000,[118.6213207296033],[2072.1312392225864],[0.994856704345161],20,0.012225003852320776
5057,-0.018064219898449387,0.0,4,10000,[118.6213207296033],[2072.1312392225864],[0.994856704345161],20,0.012225003852320776
5058,0.01032408431730502,0.0,4,10000,[118.6213207296033],[2072.1312392225864],[0.994856704345161],20,0.012225003852320776
5059,0.010114975943734233,0.0,4,10000,[118.6213207296033],[2072.1312392225864],[0.994856704345161],20,0.012225003852320776
5060,-0.0022031263914642596,0.0,4,10000,[118.6213207296033],[2072.1312392225864],[0.994856704345161],20,0.012225003852320776
5061,-0.010988508033434853,0.0,4,10000,[118.6213207296033],[2072.1312392225864],[0.994856704345161],20,0.012225003852320776
5062,-0.015431388253514576,0.0,4,10000,[118.6213207296033],[2072.1312392225864],[0.994856704345161],20,0.012225003852320776
5063,0.0011528855466331606,0.0,4,10000,[118.6213207296033],[2072.1312392225864],[0.994856704345161],20,0.012225003852320776
5064,-0.015117445347186828,0.0,4,10000,[118.6213207296033],[2072.1312392225864],[0.994856704345161],20,0.012225003852320776
5065,0.01438159807707862,0.0,4,10000,[118.6213207296033],[2072.1312392225864],[0.994856704345161],20,0.012225003852320776
5066,-0.001914749197699648,0.0,4,10000,[118.6213207296033],[2072.1312392225864],[0.994856704345161],20,0.012225003852320776
5067,-0.0030667066701743914,0.0,4,10000,[118.6213207296033],[2072.1312392225864],[0.994856704345161],20,0.012225003852320776
5068,0.010697624251471673,0.0,4,10000,[118.6213207296033],[2072.1312392225864],[0.994856704345161],20,0.012225003852320776
5069,0.004229066687033568,0.0,4,10000,[118.6213207296033],[2072.1312392225864],[0.994856704345161],20,0.012225003852320776
5070,0.008280194639167966,0.0,4,10000,[118.6213207296033],[2072.1312392225864],[0.994856704345161],20,0.012225003852320776
5071,-0.0012999751627485372,0.0,4,10000,[118.6213207296033],[2072.1312392225864],[0.994856704345161],20,0.012225003852320776
5072,0.019152698226819014,0.0,4,10000,[118.6213207296033],[2072.1312392225864],[0.994856704345161],20,0.012225003852320776
5073,-0.014437308568534677,0.0,4,10000,[118.6213207296033],[2072.1312392225864],[0.994856704345161],20,0.012225003852320776
5074,0.020131418074273225,0.0,4,10000,[118.6213207296033],[2072.1312392225864],[0.994856704345161],20,0.012225003852320776
5075,0.0028318706384638974,0.0,4,10000,[118.6213207296033],[2072.1312392225864],[0.994856704345161],20,0.012225003852320776
5076,0.013820752766788602,0.0,4,10000,[118.6213207296033],[2072.1312392225864],[0.994856704345161],20,0.012225003852320776
5077,0.0306570136218188,0.0,4,10000,[118.6213207296033],[2072.1312392225864],[0.994856704345161],20,0.012225003852320776
5078,0.009672154619818967,0.0,4,10000,[118.6213207296033],[2072.1312392225864],[0.994856704345161],20,0.012225003852320776
5079,0.0028800652676712613,0.0,4,10000,[118.6213207296033],[2072.1312392225864],[0.994856704345161],20,0.012225003852320776
5080,-0.011075927123300616,0.0,4,10000,[118.6213207296033],[2072.1312392225864],[0.994856704345161],20,0.012225003852320776
5081,-0.016396268265263598,0.0,4,10000,[118.6213207296033],[2072.1312392225864],[0.994856704345161],20,0.012225003852320776
5082,-0.009047356307718883,0.0,4,10000,[118.6213207296033],[2072.1312392225864],[0.994856704345161],20,0.012225003852320776
5083,0.01185394661926096,0.0,4,10000,[118.6213207296033],[2072.1312392225864],[0.994856704345161],20,0.012225003852320776
5084,0.0006426667759968248,0.0,4,10000,[118.6213207296033],[2072.1312392225864],[0.994856704345161],20,0.012225003852320776
5085,0.013228378239170027,0.0,4,10000,[118.6213207296033],[2072.1312392225864],[0.994856704345161],20,0.012225003852320776
5086,0.009836261278809754,0.0,4,10000,[118.6213207296033],[2072.1312392225864],[0.994856704345161],20,0.012225003852320776
5087,0.0009365437985034718,0.0,4,10000,[118.6213207296033],[2072.1312392225864],[0.994856704345161],20,0.012225003852320776
5088,5.6237564816451175e-05,0.0,4,10000,[118.6213207296033],[2072.1312392225864],[0.994856704345161],20,0.012225003852320776
5089,-0.0008140381741521546,0.0,4,10000,[118.6213207296033],[2072.1312392225864],[0.994856704345161],20,0.012225003852320776
5090,0.018116040918734495,0.0,4,10000,[118.6213207296033],[2072.1312392225864],[0.994856704345161],20,0.012225003852320776
5091,0.0007553701739225348,0.0,4,10000,[118.6213207296033],[2072.1312392225864],[0.994856704345161],20,0.012225003852320776
5092,0.006158707061776642,0.0,4,10000,[118.6213207296033],[2072.1312392225864],[0.994856704345161],20,0.012225003852320776
5093,-0.020710288415086826,0.0,4,10000,[118.6213207296033],[2072.1312392225864],[0.994856704345161],20,0.012225003852320776
5094,-0.006739137915635484,0.0,4,10000,[118.6213207296033],[2072.1312392225864],[0.994856704345161],20,0.012225003852320776
5095,0.010296295227209939,0.0,4,10000,[118.6213207296033],[2072.1312392225864],[0.994856704345161],20,0.012225003852320776
5096,-0.01770916220028221,0.0,4,10000,[118.6213207296033],[2072.1312392225864],[0.994856704345161],20,0.012225003852320776
5097,-0.020010189251012295,0.0,4,10000,[118.6213207296033],[2072.1312392225864],[0.994856704345161],20,0.012225003852320776
5098,-0.00508862970201748,0.0,4,10000,[118.6213207296033],[2072.1312392225864],[0.994856704345161],20,0.012225003852320776
5099,0.02071584284872851,0.0,4,10000,[118.6213207296033],[2072.1312392225864],[0.994856704345161],20,0.012225003852320776
5100,-0.01492150506633234,0.0,4,10000,[118.6213207296033],[2072.1312392225864],[0.994856704345161],20,0.012225003852320776
5101,-0.003716219210120124,0.0,4,10000,[118.6213207296033],[2072.1312392225864],[0.994856704345161],20,0.012225003852320776
5102,0.02288208693637936,0.0,4,10000,[118.6213207296033],[2072.1312392225864],[0.994856704345161],20,0.012225003852320776
5103,0.0040173663156382105,0.0,4,10000,[118.6213207296033],[2072.1312392225864],[0.994856704345161],20,0.012225003852320776
5104,-0.006271355709180105,0.0,4,10000,[118.6213207296033],[2072.1312392225864],[0.994856704345161],20,0.012225003852320776
5105,-0.005966615431135818,0.0,4,10000,[118.6213207296033],[2072.1312392225864],[0.994856704345161],20,0.012225003852320776
5106,-0.025586600290697134,0.0,4,10000,[118.6213207296033],[2072.1312392225864],[0.994856704345161],20,0.012225003852320776
5107,0.009435054614660711,0.0,4,10000,[118.6213207296033],[2072.1312392225864],[0.994856704345161],20,0.012225003852320776
5108,0.008473509356107536,0.0,4,10000,[118.6213207296033],[2072.1312392225864],[0.994856704345161],20,0.012225003852320776
5109,0.012104003254435869,0.0,4,10000,[118.6213207296033],[2072.1312392225864],[0.994856704345161],20,0.012225003852320776
5110,0.003951352462688558,0.0,4,10000,[118.6213207296033],[2072.1312392225864],[0.994856704345161],20,0.012225003852320776
5111,0.008968971540499124,0.0,4,10000,[118.6213207296033],[2072.1312392225864],[0.994856704345161],20,0.012225003852320776
5112,0.002096965155096876,0.0,4,10000,[118.6213207296033],[2072.1312392225864],[0.994856704345161],20,0.012225003852320776
5113,-0.012575148238248509,0.0,4,10000,[118.6213207296033],[2072.1312392225864],[0.994856704345161],20,0.012225003852320776
5114,0.0026582150539276135,0.0,4,10000,[118.6213207296033],[2072.1312392225864],[0.994856704345161],20,0.012225003852320776
5115,0.00267319431260191,0.0,4,10000,[118.6213207296033],[2072.1312392225864],[0.994856704345161],20,0.012225003852320776
5116,-0.015061452868266944,0.0,4,10000,[118.6213207296033],[2072.1312392225864],[0.994856704345161],20,0.012225003852320776
5117,-0.013496880268777088,0.0,4,10000,[118.6213207296033],[2072.1312392225864],[0.994856704345161],20,0.012225003852320776
5118,0.025218872266998902,0.0,4,10000,[118.6213207296033],[2072.1312392225864],[0.994856704345161],20,0.012225003852320776
5119,-0.013047127956485938,0.0,4,10000,[118.6213207296033],[2072.1312392225864],[0.994856704345161],20,0.012225003852320776
5120,0.01258889233035815,0.0,4,10000,[118.6213207296033],[2072.1312392225864],[0.994856704345161],20,0.012225003852320776
5121,0.0055735726801888425,0.0,4,10000,[118.6213207296033],[2072.1312392225864],[0.994856704345161],20,0.012225003852320776
5122,0.002270381481402205,0.0,4,10000,[118.6213207296033],[2072.1312392225864],[0.994856704345161],20,0.012225003852320776
5123,-0.009471703876391603,0.0,4,10000,[118.6213207296033],[2072.1312392225864],[0.994856704345161],20,0.012225003852320776
5124,-0.02117760208365863,0.0,4,10000,[118.6213207296033],[2072.1312392225864],[0.994856704345161],20,0.012225003852320776
5125,-0.006754563676067191,0.0,4,10000,[118.6213207296033],[2072.1312392225864],[0.994856704345161],20,0.012225003852320776
5126,-0.004514752690023528,0.0,4,10000,[118.6213207296033],[2072.1312392225864],[0.994856704345161],20,0.012225003852320776
5127,0.018428746125299576,0.0,4,10000,[118.6213207296033],[2072.1312392225864],[0.994856704345161],20,0.012225003852320776
5128,0.010243507942696831,0.0,4,10000,[118.6213207296033],[2072.1312392225864],[0.994856704345161],20,0.012225003852320776
5129,0.031445609430333636,0.0,4,10000,[118.6213207296033],[2072.1312392225864],[0.994856704345161],20,0.012225003852320776
5130,0.004243339503295091,0.0,4,10000,[118.6213207296033],[2072.1312392225864],[0.994856704345161],20,0.012225003852320776
5131,0.0026503317606204942,0.0,4,10000,[118.6213207296033],[2072.1312392225864],[0.994856704345161],20,0.012225003852320776
5132,0.030171961883744394,0.0,4,10000,[118.6213207296033],[2072.1312392225864],[0.994856704345161],20,0.012225003852320776
5133,-0.008239771833276658,0.0,4,10000,[118.6213207296033],[2072.1312392225864],[0.994856704345161],20,0.012225003852320776
5134,-0.004716309428809291,0.0,4,10000,[118.6213207296033],[2072.1312392225864],[0.994856704345161],20,0.012225003852320776
5135,0.025342893632445934,0.0,4,10000,[118.6213207296033],[2072.1312392225864],[0.994856704345161],20,0.012225003852320776
5136,0.0025301553207199698,0.0,4,10000,[118.6213207296033],[2072.1312392225864],[0.994856704345161],20,0.012225003852320776
5137,-0.0008194962340973447,0.0,4,10000,[118.6213207296033],[2072.1312392225864],[0.994856704345161],20,0.012225003852320776
5138,0.008939429489698203,0.0,4,10000,[118.6213207296033],[2072.1312392225864],[0.994856704345161],20,0.012225003852320776
5139,0.002779078845230609,0.0,4,10000,[118.6213207296033],[2072.1312392225864],[0.994856704345161],20,0.012225003852320776
5140,0.005197086923994085,0.0,4,10000,[118.6213207296033],[2072.1312392225864],[0.994856704345161],20,0.012225003852320776
5141,0.007502842873732134,0.0,4,10000,[118.6213207296033],[2072.1312392225864],[0.994856704345161],20,0.012225003852320776
5142,-0.024328547578335222,0.0,4,10000,[118.6213207296033],[2072.1312392225864],[0.994856704345161],20,0.012225003852320776
5143,-0.01710199995247862,0.0,4,10000,[118.6213207296033],[2072.1312392225864],[0.994856704345161],20,0.012225003852320776
5144,0.005875312130090693,0.0,4,10000,[118.6213207296033],[2072.1312392225864],[0.994856704345161],20,0.012225003852320776
5145,-0.006979015717195171,0.0,4,10000,[118.6213207296033],[2072.1312392225864],[0.994856704345161],20,0.012225003852320776
5146,0.003977701115044936,0.0,4,10000,[118.6213207296033],[2072.1312392225864],[0.994856704345161],20,0.012225003852320776
5147,-0.010107236149303991,0.0,4,10000,[118.6213207296033],[2072.1312392225864],[0.994856704345161],20,0.012225003852320776
5148,-0.006887455504457513,0.0,4,10000,[118.6213207296033],[2072.1312392225864],[0.994856704345161],20,0.012225003852320776
5149,0.025059932774031495,0.0,4,10000,[118.6213207296033],[2072.1312392225864],[0.994856704345161],20,0.012225003852320776
5150,0.0026015418657398255,0.0,4,10000,[118.6213207296033],[2072.1312392225864],[0.994856704345161],20,0.012225003852320776
5151,-0.0027745613374091575,0.0,4,10000,[118.6213207296033],[2072.1312392225864],[0.994856704345161],20,0.012225003852320776
5152,-0.008478276158796476,0.0,4,10000,[118.6213207296033],[2072.1312392225864],[0.994856704345161],20,0.012225003852320776
5153,0.011188132560595181,0.0,4,10000,[118.6213207296033],[2072.1312392225864],[0.994856704345161],20,0.012225003852320776
5154,-0.007253437651464427,0.0,4,10000,[118.6213207296033],[2072.1312392225864],[0.994856704345161],20,0.012225003852320776
5155,-0.0006701005665561343,0.0,4,10000,[118.6213207296033],[2072.1312392225864],[0.994856704345161],20,0.012225003852320776
5156,0.0038050386476489776,0.0,4,10000,[118.6213207296033],[2072.1312392225864],[0.994856704345161],20,0.012225003852320776
5157,0.0029247021247064504,0.0,4,10000,[118.6213207296033],[2072.1312392225864],[0.994856704345161],20,0.012225003852320776
5158,-0.007724776835545545,0.0,4,10000,[118.6213207296033],[2072.1312392225864],[0.994856704345161],20,0.012225003852320776
5159,-0.015143084467385711,0.0,4,10000,[118.6213207296033],[2072.1312392225864],[0.994856704345161],20,0.012225003852320776
5160,-0.01571004831005641,0.0,4,10000,[118.6213207296033],[2072.1312392225864],[0.994856704345161],20,0.012225003852320776
5161,-0.030292877112014612,0.0,4,10000,[118.6213207296033],[2072.1312392225864],[0.994856704345161],20,0.012225003852320776
5162,0.0069720860673231876,0.0,4,10000,[118.6213207296033],[2072.1312392225864],[0.994856704345161],20,0.012225003852320776
5163,-0.012596298815270069,0.0,4,10000,[118.6213207296033],[2072.1312392225864],[0.994856704345161],20,0.012225003852320776
5164,-0.0010943227511017771,0.0,4,10000,[118.6213207296033],[2072.1312392225864],[0.994856704345161],20,0.012225003852320776
5165,-0.0020679744420393207,0.0,4,10000,[118.6213207296033],[2072.1312392225864],[0.994856704345161],20,0.012225003852320776
5166,-0.020674024917849525,0.0,4,10000,[118.6213207296033],[2072.1312392225864],[0.994856704345161],20,0.012225003852320776
5167,0.00425609989232587,0.0,4,10000,[118.6213207296033],[2072.1312392225864],[0.994856704345161],20,0.012225003852320776
5168,-0.026489167159251523,0.0,4,10000,[118.6213207296033],[2072.1312392225864],[0.994856704345161],20,0.012225003852320776
5169,0.010500883552837745,0.0,4,10000,[118.6213207296033],[2072.1312392225864],[0.994856704345161],20,0.012225003852320776
5170,0.00039145991626768654,0.0,4,10000,[118.6213207296033],[2072.1312392225864],[0.994856704345161],20,0.012225003852320776
5171,0.006945269355520695,0.0,4,10000,[118.6213207296033],[2072.1312392225864],[0.994856704345161],20,0.012225003852320776
5172,0.00010435185920809052,0.0,4,10000,[118.6213207296033],[2072.1312392225864],[0.994856704345161],20,0.012225003852320776
5173,0.0011808548370181692,0.0,4,10000,[118.6213207296033],[2072.1312392225864],[0.994856704345161],20,0.012225003852320776
5174,0.0001630362007173901,0.0,4,10000,[118.6213207296033],[2072.1312392225864],[0.994856704345161],20,0.012225003852320776
5175,0.010816483936025498,0.0,4,10000,[118.6213207296033],[2072.1312392225864],[0.994856704345161],20,0.012225003852320776
5176,-0.0034883255009006704,0.0,4,10000,[118.6213207296033],[2072.1312392225864],[0.994856704345161],20,0.012225003852320776
5177,-0.0025784457011655965,0.0,4,10000,[118.6213207296033],[2072.1312392225864],[0.994856704345161],20,0.012225003852320776
5178,-0.01338499392515587,0.0,4,10000,[118.6213207296033],[2072.1312392225864],[0.994856704345161],20,0.012225003852320776
5179,0.010787301090623076,0.0,4,10000,[118.6213207296033],[2072.1312392225864],[0.994856704345161],20,0.012225003852320776
5180,-0.008825405446456358,0.0,4,10000,[118.6213207296033],[2072.1312392225864],[0.994856704345161],20,0.012225003852320776
5181,-0.014014359661585494,0.0,4,10000,[118.6213207296033],[2072.1312392225864],[0.994856704345161],20,0.012225003852320776
5182,-2.812607449233187e-05,0.0,4,10000,[118.6213207296033],[2072.1312392225864],[0.994856704345161],20,0.012225003852320776
5183,0.025152431933326995,0.0,4,10000,[118.6213207296033],[2072.1312392225864],[0.994856704345161],20,0.012225003852320776
5184,0.027587678519214297,0.0,4,10000,[118.6213207296033],[2072.1312392225864],[0.994856704345161],20,0.012225003852320776
5185,0.0018920656967831887,0.0,4,10000,[118.6213207296033],[2072.1312392225864],[0.994856704345161],20,0.012225003852320776
5186,0.013900470540759364,0.0,4,10000,[118.6213207296033],[2072.1312392225864],[0.994856704345161],20,0.012225003852320776
5187,-0.0010362143213564043,0.0,4,10000,[118.6213207296033],[2072.1312392225864],[0.994856704345161],20,0.012225003852320776
5188,0.012658153101348033,0.0,4,10000,[118.6213207296033],[2072.1312392225864],[0.994856704345161],20,0.012225003852320776
5189,-0.003589015565401084,0.0,4,10000,[118.6213207296033],[2072.1312392225864],[0.994856704345161],20,0.012225003852320776
5190,0.0015246492201920312,0.0,4,10000,[118.6213207296033],[2072.1312392225864],[0.994856704345161],20,0.012225003852320776
5191,-0.024672382110682133,0.0,4,10000,[118.6213207296033],[2072.1312392225864],[0.994856704345161],20,0.012225003852320776
5192,0.02061838905749825,0.0,4,10000,[118.6213207296033],[2072.1312392225864],[0.994856704345161],20,0.012225003852320776
5193,-0.006095353698139853,0.0,4,10000,[118.6213207296033],[2072.1312392225864],[0.994856704345161],20,0.012225003852320776
5194,-0.00838943804277982,0.0,4,10000,[118.6213207296033],[2072.1312392225864],[0.994856704345161],20,0.012225003852320776
5195,0.011198728601693828,0.0,4,10000,[118.6213207296033],[2072.1312392225864],[0.994856704345161],20,0.012225003852320776
5196,-0.01868352537524052,0.0,4,10000,[118.6213207296033],[2072.1312392225864],[0.994856704345161],20,0.012225003852320776
5197,-0.011231293069152007,0.0,4,10000,[118.6213207296033],[2072.1312392225864],[0.994856704345161],20,0.012225003852320776
5198,0.006306260398626337,0.0,4,10000,[118.6213207296033],[2072.1312392225864],[0.994856704345161],20,0.012225003852320776
5199,0.010268482320368014,0.0,4,10000,[118.6213207296033],[2072.1312392225864],[0.994856704345161],20,0.012225003852320776
5200,0.011143313949299174,0.0,4,10000,[118.6213207296033],[2072.1312392225864],[0.994856704345161],20,0.012225003852320776
5201,0.014981561012441951,0.0,4,10000,[118.6213207296033],[2072.1312392225864],[0.994856704345161],20,0.012225003852320776
5202,-0.034715513776101305,0.0,4,10000,[118.6213207296033],[2072.1312392225864],[0.994856704345161],20,0.012225003852320776
5203,0.013107401266191145,0.0,4,10000,[118.6213207296033],[2072.1312392225864],[0.994856704345161],20,0.012225003852320776
5204,0.007014245874549523,0.0,4,10000,[118.6213207296033],[2072.1312392225864],[0.994856704345161],20,0.012225003852320776
5205,0.0015598971858057078,0.0,4,10000,[118.6213207296033],[2072.1312392225864],[0.994856704345161],20,0.012225003852320776
5206,0.006110967446754903,0.0,4,10000,[118.6213207296033],[2072.1312392225864],[0.994856704345161],20,0.012225003852320776
5207,0.010186902678971304,0.0,4,10000,[118.6213207296033],[2072.1312392225864],[0.994856704345161],20,0.012225003852320776
5208,0.004939921499554351,0.0,4,10000,[118.6213207296033],[2072.1312392225864],[0.994856704345161],20,0.012225003852320776
5209,0.00812517332659495,0.0,4,10000,[118.6213207296033],[2072.1312392225864],[0.994856704345161],20,0.012225003852320776
5210,0.00996822827550947,0.0,4,10000,[118.6213207296033],[2072.1312392225864],[0.994856704345161],20,0.012225003852320776
5211,-0.013053414082220521,0.0,4,10000,[118.6213207296033],[2072.1312392225864],[0.994856704345161],20,0.012225003852320776
5212,-0.00651372458952654,0.0,4,10000,[118.6213207296033],[2072.1312392225864],[0.994856704345161],20,0.012225003852320776
5213,-0.0022003349926893795,0.0,4,10000,[118.6213207296033],[2072.1312392225864],[0.994856704345161],20,0.012225003852320776
5214,0.0075267105399274975,0.0,4,10000,[118.6213207296033],[2072.1312392225864],[0.994856704345161],20,0.012225003852320776
5215,-0.013189705293333019,0.0,4,10000,[118.6213207296033],[2072.1312392225864],[0.994856704345161],20,0.012225003852320776
5216,0.0064819726283516345,0.0,4,10000,[118.6213207296033],[2072.1312392225864],[0.994856704345161],20,0.012225003852320776
5217,-0.02026718234084125,0.0,4,10000,[118.6213207296033],[2072.1312392225864],[0.994856704345161],20,0.012225003852320776
5218,0.011633085628259902,0.0,4,10000,[118.6213207296033],[2072.1312392225864],[0.994856704345161],20,0.012225003852320776
5219,-0.011342759004371475,0.0,4,10000,[118.6213207296033],[2072.1312392225864],[0.994856704345161],20,0.012225003852320776
5220,-0.0016507643967386073,0.0,4,10000,[118.6213207296033],[2072.1312392225864],[0.994856704345161],20,0.012225003852320776
5221,0.005966337958094257,0.0,4,10000,[118.6213207296033],[2072.1312392225864],[0.994856704345161],20,0.012225003852320776
5222,-0.023217597430743326,0.0,4,10000,[118.6213207296033],[2072.1312392225864],[0.994856704345161],20,0.012225003852320776
5223,-0.012014352381331705,0.0,4,10000,[118.6213207296033],[2072.1312392225864],[0.994856704345161],20,0.012225003852320776
5224,-0.0030515385946397176,0.0,4,10000,[118.6213207296033],[2072.1312392225864],[0.994856704345161],20,0.012225003852320776
5225,5.258140135364721e-05,0.0,4,10000,[118.6213207296033],[2072.1312392225864],[0.994856704345161],20,0.012225003852320776
5226,0.009385409799801797,0.0,4,10000,[118.6213207296033],[2072.1312392225864],[0.994856704345161],20,0.012225003852320776
5227,-0.0031401224479772117,0.0,4,10000,[118.6213207296033],[2072.1312392225864],[0.994856704345161],20,0.012225003852320776
5228,0.00925374896582615,0.0,4,10000,[118.6213207296033],[2072.1312392225864],[0.994856704345161],20,0.012225003852320776
5229,-0.013049692182522124,0.0,4,10000,[118.6213207296033],[2072.1312392225864],[0.994856704345161],20,0.012225003852320776
5230,-0.01118067500329629,0.0,4,10000,[118.6213207296033],[2072.1312392225864],[0.994856704345161],20,0.012225003852320776
5231,0.015635236961901063,0.0,4,10000,[118.6213207296033],[2072.1312392225864],[0.994856704345161],20,0.012225003852320776
5232,0.0027488201212867176,0.0,4,10000,[118.6213207296033],[2072.1312392225864],[0.994856704345161],20,0.012225003852320776
5233,0.005028869709036603,0.0,4,10000,[118.6213207296033],[2072.1312392225864],[0.994856704345161],20,0.012225003852320776
5234,-0.012000296843251646,0.0,4,10000,[118.6213207296033],[2072.1312392225864],[0.994856704345161],20,0.012225003852320776
5235,0.02476429706061731,0.0,4,10000,[118.6213207296033],[2072.1312392225864],[0.994856704345161],20,0.012225003852320776
5236,0.0264645753555499,0.0,4,10000,[118.6213207296033],[2072.1312392225864],[0.994856704345161],20,0.012225003852320776
5237,0.00730533389250551,0.0,4,10000,[118.6213207296033],[2072.1312392225864],[0.994856704345161],20,0.012225003852320776
5238,-0.016433153423740195,0.0,4,10000,[118.6213207296033],[2072.1312392225864],[0.994856704345161],20,0.012225003852320776
5239,0.0187511626693008,0.0,4,10000,[118.6213207296033],[2072.1312392225864],[0.994856704345161],20,0.012225003852320776
5240,0.0050983796827481125,0.0,4,10000,[118.6213207296033],[2072.1312392225864],[0.994856704345161],20,0.012225003852320776
5241,0.021390569734255384,0.0,4,10000,[118.6213207296033],[2072.1312392225864],[0.994856704345161],20,0.012225003852320776
5242,-0.009872695647855095,0.0,4,10000,[118.6213207296033],[2072.1312392225864],[0.994856704345161],20,0.012225003852320776
5243,0.019004403752149072,0.0,4,10000,[118.6213207296033],[2072.1312392225864],[0.994856704345161],20,0.012225003852320776
5244,0.01739157206306576,0.0,4,10000,[118.6213207296033],[2072.1312392225864],[0.994856704345161],20,0.012225003852320776
5245,-0.005234851472173694,0.0,4,10000,[118.6213207296033],[2072.1312392225864],[0.994856704345161],20,0.012225003852320776
5246,-0.006883067939096521,0.0,4,10000,[118.6213207296033],[2072.1312392225864],[0.994856704345161],20,0.012225003852320776
5247,0.012883429082749996,0.0,4,10000,[118.6213207296033],[2072.1312392225864],[0.994856704345161],20,0.012225003852320776
5248,0.00446044544635049,0.0,4,10000,[118.6213207296033],[2072.1312392225864],[0.994856704345161],20,0.012225003852320776
5249,0.02799905402710518,0.0,4,10000,[118.6213207296033],[2072.1312392225864],[0.994856704345161],20,0.012225003852320776
5250,-0.006382277441938073,0.0,4,10000,[118.6213207296033],[2072.1312392225864],[0.994856704345161],20,0.012225003852320776
5251,-0.006495027734206178,0.0,4,10000,[118.6213207296033],[2072.1312392225864],[0.994856704345161],20,0.012225003852320776
5252,0.02798438467371598,0.0,4,10000,[118.6213207296033],[2072.1312392225864],[0.994856704345161],20,0.012225003852320776
5253,-0.010521196434892013,0.0,4,10000,[118.6213207296033],[2072.1312392225864],[0.994856704345161],20,0.012225003852320776
5254,0.0023092120828824034,0.0,4,10000,[118.6213207296033],[2072.1312392225864],[0.994856704345161],20,0.012225003852320776
5255,0.005686547206823813,0.0,4,10000,[118.6213207296033],[2072.1312392225864],[0.994856704345161],20,0.012225003852320776
5256,0.005980486744996107,0.0,4,10000,[118.6213207296033],[2072.1312392225864],[0.994856704345161],20,0.012225003852320776
5257,-0.0006344334041217644,0.0,4,10000,[118.6213207296033],[2072.1312392225864],[0.994856704345161],20,0.012225003852320776
5258,0.00528502483605147,0.0,4,10000,[118.6213207296033],[2072.1312392225864],[0.994856704345161],20,0.012225003852320776
5259,0.0067738881342174016,0.0,4,10000,[118.6213207296033],[2072.1312392225864],[0.994856704345161],20,0.012225003852320776
5260,0.014484221844973303,0.0,4,10000,[118.6213207296033],[2072.1312392225864],[0.994856704345161],20,0.012225003852320776
5261,-0.028691864675987225,0.0,4,10000,[118.6213207296033],[2072.1312392225864],[0.994856704345161],20,0.012225003852320776
5262,0.0006688970971805397,0.0,4,10000,[118.6213207296033],[2072.1312392225864],[0.994856704345161],20,0.012225003852320776
5263,0.014826813428656957,0.0,4,10000,[118.6213207296033],[2072.1312392225864],[0.994856704345161],20,0.012225003852320776
5264,-0.007290562983682762,0.0,4,10000,[118.6213207296033],[2072.1312392225864],[0.994856704345161],20,0.012225003852320776
5265,0.008176064721344542,0.0,4,10000,[118.6213207296033],[2072.1312392225864],[0.994856704345161],20,0.012225003852320776
5266,0.014493726154269694,0.0,4,10000,[118.6213207296033],[2072.1312392225864],[0.994856704345161],20,0.012225003852320776
5267,0.0023578248907941577,0.0,4,10000,[118.6213207296033],[2072.1312392225864],[0.994856704345161],20,0.012225003852320776
5268,0.024314427459245867,0.0,4,10000,[118.6213207296033],[2072.1312392225864],[0.994856704345161],20,0.012225003852320776
5269,0.01203045405887389,0.0,4,10000,[118.6213207296033],[2072.1312392225864],[0.994856704345161],20,0.012225003852320776
5270,0.009437997154361973,0.0,4,10000,[118.6213207296033],[2072.1312392225864],[0.994856704345161],20,0.012225003852320776
5271,-0.014836795363051701,0.0,4,10000,[118.6213207296033],[2072.1312392225864],[0.994856704345161],20,0.012225003852320776
5272,-0.0030397655607387985,0.0,4,10000,[118.6213207296033],[2072.1312392225864],[0.994856704345161],20,0.012225003852320776
5273,0.013095588517776384,0.0,4,10000,[118.6213207296033],[2072.1312392225864],[0.994856704345161],20,0.012225003852320776
5274,-0.02065381575219143,0.0,4,10000,[118.6213207296033],[2072.1312392225864],[0.994856704345161],20,0.012225003852320776
5275,-0.0027536700908886652,0.0,4,10000,[118.6213207296033],[2072.1312392225864],[0.994856704345161],20,0.012225003852320776
5276,0.006777152338069575,0.0,4,10000,[118.6213207296033],[2072.1312392225864],[0.994856704345161],20,0.012225003852320776
5277,0.003502721390118001,0.0,4,10000,[118.6213207296033],[2072.1312392225864],[0.994856704345161],20,0.012225003852320776
5278,0.007006053012206181,0.0,4,10000,[118.6213207296033],[2072.1312392225864],[0.994856704345161],20,0.012225003852320776
5279,0.010676544220823973,0.0,4,10000,[118.6213207296033],[2072.1312392225864],[0.994856704345161],20,0.012225003852320776
5280,0.029041780267891178,0.0,4,10000,[118.6213207296033],[2072.1312392225864],[0.994856704345161],20,0.012225003852320776
5281,0.005510484835500917,0.0,4,10000,[118.6213207296033],[2072.1312392225864],[0.994856704345161],20,0.012225003852320776
5282,-0.014283716845633416,0.0,4,10000,[118.6213207296033],[2072.1312392225864],[0.994856704345161],20,0.012225003852320776
5283,0.011649474567465259,0.0,4,10000,[118.6213207296033],[2072.1312392225864],[0.994856704345161],20,0.012225003852320776
5284,0.015941515021696245,0.0,4,10000,[118.6213207296033],[2072.1312392225864],[0.994856704345161],20,0.012225003852320776
5285,0.011530467528391982,0.0,4,10000,[118.6213207296033],[2072.1312392225864],[0.994856704345161],20,0.012225003852320776
5286,0.013442886907021442,0.0,4,10000,[118.6213207296033],[2072.1312392225864],[0.994856704345161],20,0.012225003852320776
5287,-0.008747064299314152,0.0,4,10000,[118.6213207296033],[2072.1312392225864],[0.994856704345161],20,0.012225003852320776
5288,0.015335829851686777,0.0,4,10000,[118.6213207296033],[2072.1312392225864],[0.994856704345161],20,0.012225003852320776
5289,0.01275542985879219,0.0,4,10000,[118.6213207296033],[2072.1312392225864],[0.994856704345161],20,0.012225003852320776
5290,0.006694427109562983,0.0,4,10000,[118.6213207296033],[2072.1312392225864],[0.994856704345161],20,0.012225003852320776
5291,-0.009238920667193338,0.0,4,10000,[118.6213207296033],[2072.1312392225864],[0.994856704345161],20,0.012225003852320776
5292,0.001491461167338045,0.0,4,10000,[118.6213207296033],[2072.1312392225864],[0.994856704345161],20,0.012225003852320776
5293,0.011667419469932574,0.0,4,10000,[118.6213207296033],[2072.1312392225864],[0.994856704345161],20,0.012225003852320776
5294,0.005427476345405773,0.0,4,10000,[118.6213207296033],[2072.1312392225864],[0.994856704345161],20,0.012225003852320776
5295,0.004511856358040102,0.0,4,10000,[118.6213207296033],[2072.1312392225864],[0.994856704345161],20,0.012225003852320776
5296,0.02256989747360683,0.0,4,10000,[118.6213207296033],[2072.1312392225864],[0.994856704345161],20,0.012225003852320776
5297,-0.002243031929986555,0.0,4,10000,[118.6213207296033],[2072.1312392225864],[0.994856704345161],20,0.012225003852320776
5298,-0.007303649585708909,0.0,4,10000,[118.6213207296033],[2072.1312392225864],[0.994856704345161],20,0.012225003852320776
5299,-0.0009346627561910263,0.0,4,10000,[118.6213207296033],[2072.1312392225864],[0.994856704345161],20,0.012225003852320776
5300,0.0007755796978263135,0.0,4,10000,[118.6213207296033],[2072.1312392225864],[0.994856704345161],20,0.012225003852320776
5301,-0.011613569946459564,0.0,4,10000,[118.6213207296033],[2072.1312392225864],[0.994856704345161],20,0.012225003852320776
5302,-0.004960820519615229,0.0,4,10000,[118.6213207296033],[2072.1312392225864],[0.994856704345161],20,0.012225003852320776
5303,-0.011428444475887669,0.0,4,10000,[118.6213207296033],[2072.1312392225864],[0.994856704345161],20,0.012225003852320776
5304,0.00597517845665385,0.0,4,10000,[118.6213207296033],[2072.1312392225864],[0.994856704345161],20,0.012225003852320776
5305,0.01652782017053211,0.0,4,10000,[118.6213207296033],[2072.1312392225864],[0.994856704345161],20,0.012225003852320776
5306,-0.009937786331060933,0.0,4,10000,[118.6213207296033],[2072.1312392225864],[0.994856704345161],20,0.012225003852320776
5307,0.027655864324201397,0.0,4,10000,[118.6213207296033],[2072.1312392225864],[0.994856704345161],20,0.012225003852320776
5308,-0.022021542129832053,0.0,4,10000,[118.6213207296033],[2072.1312392225864],[0.994856704345161],20,0.012225003852320776
5309,0.0008252237392931472,0.0,4,10000,[118.6213207296033],[2072.1312392225864],[0.994856704345161],20,0.012225003852320776
5310,0.01344788081181078,0.0,4,10000,[118.6213207296033],[2072.1312392225864],[0.994856704345161],20,0.012225003852320776
5311,-0.006750520131695749,0.0,4,10000,[118.6213207296033],[2072.1312392225864],[0.994856704345161],20,0.012225003852320776
5312,0.023774410631712293,0.0,4,10000,[118.6213207296033],[2072.1312392225864],[0.994856704345161],20,0.012225003852320776
5313,0.005503413773224546,0.0,4,10000,[118.6213207296033],[2072.1312392225864],[0.994856704345161],20,0.012225003852320776
5314,0.023547262875233496,0.0,4,10000,[118.6213207296033],[2072.1312392225864],[0.994856704345161],20,0.012225003852320776
5315,-0.013150420522908898,0.0,4,10000,[118.6213207296033],[2072.1312392225864],[0.994856704345161],20,0.012225003852320776
5316,0.007292619641636106,0.0,4,10000,[118.6213207296033],[2072.1312392225864],[0.994856704345161],20,0.012225003852320776
5317,-0.006266011555533812,0.0,4,10000,[118.6213207296033],[2072.1312392225864],[0.994856704345161],20,0.012225003852320776
5318,-0.0035462814247649997,0.0,4,10000,[118.6213207296033],[2072.1312392225864],[0.994856704345161],20,0.012225003852320776
5319,-0.02044639339761074,0.0,4,10000,[118.6213207296033],[2072.1312392225864],[0.994856704345161],20,0.012225003852320776
5320,0.017084348180061125,0.0,4,10000,[118.6213207296033],[2072.1312392225864],[0.994856704345161],20,0.012225003852320776
5321,-0.0062085051823795355,0.0,4,10000,[118.6213207296033],[2072.1312392225864],[0.994856704345161],20,0.012225003852320776
5322,0.007546069919426041,0.0,4,10000,[118.6213207296033],[2072.1312392225864],[0.994856704345161],20,0.012225003852320776
5323,-0.024573563101304114,0.0,4,10000,[118.6213207296033],[2072.1312392225864],[0.994856704345161],20,0.012225003852320776
5324,-0.004293876170216521,0.0,4,10000,[118.6213207296033],[2072.1312392225864],[0.994856704345161],20,0.012225003852320776
5325,-0.006377830839850767,0.0,4,10000,[118.6213207296033],[2072.1312392225864],[0.994856704345161],20,0.012225003852320776
5326,0.015497284032636276,0.0,4,10000,[118.6213207296033],[2072.1312392225864],[0.994856704345161],20,0.012225003852320776
5327,-0.0013629493547008434,0.0,4,10000,[118.6213207296033],[2072.1312392225864],[0.994856704345161],20,0.012225003852320776
5328,-0.008269414598073453,0.0,4,10000,[118.6213207296033],[2072.1312392225864],[0.994856704345161],20,0.012225003852320776
5329,0.013072822743777876,0.0,4,10000,[118.6213207296033],[2072.1312392225864],[0.994856704345161],20,0.012225003852320776
5330,0.011681293351093863,0.0,4,10000,[118.6213207296033],[2072.1312392225864],[0.994856704345161],20,0.012225003852320776
5331,-0.01509781826900826,0.0,4,10000,[118.6213207296033],[2072.1312392225864],[0.994856704345161],20,0.012225003852320776
5332,0.026145529400414966,0.0,4,10000,[118.6213207296033],[2072.1312392225864],[0.994856704345161],20,0.012225003852320776
5333,-0.006663441682344148,0.0,4,10000,[118.6213207296033],[2072.1312392225864],[0.994856704345161],20,0.012225003852320776
5334,-0.007084474811163109,0.0,4,10000,[118.6213207296033],[2072.1312392225864],[0.994856704345161],20,0.012225003852320776
5335,-0.0021501178281515274,0.0,4,10000,[118.6213207296033],[2072.1312392225864],[0.994856704345161],20,0.012225003852320776
5336,0.001101708470466351,0.0,4,10000,[118.6213207296033],[2072.1312392225864],[0.994856704345161],20,0.012225003852320776
5337,0.015218927746366923,0.0,4,10000,[118.6213207296033],[2072.1312392225864],[0.994856704345161],20,0.012225003852320776
5338,0.012022605886677726,0.0,4,10000,[118.6213207296033],[2072.1312392225864],[0.994856704345161],20,0.012225003852320776
5339,-0.00892136156536797,0.0,4,10000,[118.6213207296033],[2072.1312392225864],[0.994856704345161],20,0.012225003852320776
5340,0.005149822424441544,0.0,4,10000,[118.6213207296033],[2072.1312392225864],[0.994856704345161],20,0.012225003852320776
5341,0.018231147266141796,0.0,4,10000,[118.6213207296033],[2072.1312392225864],[0.994856704345161],20,0.012225003852320776
5342,-0.00499506655548808,0.0,4,10000,[118.6213207296033],[2072.1312392225864],[0.994856704345161],20,0.012225003852320776
5343,0.021533851102627573,0.0,4,10000,[118.6213207296033],[2072.1312392225864],[0.994856704345161],20,0.012225003852320776
5344,-0.00832810541906876,0.0,4,10000,[118.6213207296033],[2072.1312392225864],[0.994856704345161],20,0.012225003852320776
5345,0.010945214262769627,0.0,4,10000,[118.6213207296033],[2072.1312392225864],[0.994856704345161],20,0.012225003852320776
5346,0.01875701019890366,0.0,4,10000,[118.6213207296033],[2072.1312392225864],[0.994856704345161],20,0.012225003852320776
5347,-0.0009754642705473667,0.0,4,10000,[118.6213207296033],[2072.1312392225864],[0.994856704345161],20,0.012225003852320776
5348,0.005968723540438004,0.0,4,10000,[118.6213207296033],[2072.1312392225864],[0.994856704345161],20,0.012225003852320776
5349,-0.0007025783402435122,0.0,4,10000,[118.6213207296033],[2072.1312392225864],[0.994856704345161],20,0.012225003852320776
5350,-0.02984837496654644,0.0,4,10000,[118.6213207296033],[2072.1312392225864],[0.994856704345161],20,0.012225003852320776
5351,0.024277251566304652,0.0,4,10000,[118.6213207296033],[2072.1312392225864],[0.994856704345161],20,0.012225003852320776
5352,-0.024967428267443866,0.0,4,10000,[118.6213207296033],[2072.1312392225864],[0.994856704345161],20,0.012225003852320776
5353,0.009624786805046913,0.0,4,10000,[118.6213207296033],[2072.1312392225864],[0.994856704345161],20,0.012225003852320776
5354,0.006398651848032551,0.0,4,10000,[118.6213207296033],[2072.1312392225864],[0.994856704345161],20,0.012225003852320776
5355,0.0033848440566752137,0.0,4,10000,[118.6213207296033],[2072.1312392225864],[0.994856704345161],20,0.012225003852320776
5356,-0.004944792804799066,0.0,4,10000,[118.6213207296033],[2072.1312392225864],[0.994856704345161],20,0.012225003852320776
5357,-0.0069788847867342544,0.0,4,10000,[118.6213207296033],[2072.1312392225864],[0.994856704345161],20,0.012225003852320776
5358,0.009299530438101732,0.0,4,10000,[118.6213207296033],[2072.1312392225864],[0.994856704345161],20,0.012225003852320776
5359,-0.00911624381052237,0.0,4,10000,[118.6213207296033],[2072.1312392225864],[0.994856704345161],20,0.012225003852320776
5360,-0.033104591765999725,0.0,4,10000,[118.6213207296033],[2072.1312392225864],[0.994856704345161],20,0.012225003852320776
5361,0.009539608993021663,0.0,4,10000,[118.6213207296033],[2072.1312392225864],[0.994856704345161],20,0.012225003852320776
5362,-0.018048744780640225,0.0,4,10000,[118.6213207296033],[2072.1312392225864],[0.994856704345161],20,0.012225003852320776
5363,-0.01046279348664399,0.0,4,10000,[118.6213207296033],[2072.1312392225864],[0.994856704345161],20,0.012225003852320776
5364,-0.008039650396149638,0.0,4,10000,[118.6213207296033],[2072.1312392225864],[0.994856704345161],20,0.012225003852320776
5365,-0.030805256849242044,0.0,4,10000,[118.6213207296033],[2072.1312392225864],[0.994856704345161],20,0.012225003852320776
5366,-0.011453815221872218,0.0,4,10000,[118.6213207296033],[2072.1312392225864],[0.994856704345161],20,0.012225003852320776
5367,-0.0060867634892385085,0.0,4,10000,[118.6213207296033],[2072.1312392225864],[0.994856704345161],20,0.012225003852320776
5368,-0.0029102457809210822,0.0,4,10000,[118.6213207296033],[2072.1312392225864],[0.994856704345161],20,0.012225003852320776
5369,0.0060421540731103235,0.0,4,10000,[118.6213207296033],[2072.1312392225864],[0.994856704345161],20,0.012225003852320776
5370,-0.003439634071030414,0.0,4,10000,[118.6213207296033],[2072.1312392225864],[0.994856704345161],20,0.012225003852320776
5371,-0.012731615089579705,0.0,4,10000,[118.6213207296033],[2072.1312392225864],[0.994856704345161],20,0.012225003852320776
5372,0.014153638639734428,0.0,4,10000,[118.6213207296033],[2072.1312392225864],[0.994856704345161],20,0.012225003852320776
5373,0.012985078205062332,0.0,4,10000,[118.6213207296033],[2072.1312392225864],[0.994856704345161],20,0.012225003852320776
5374,-0.00689435506989231,0.0,4,10000,[118.6213207296033],[2072.1312392225864],[0.994856704345161],20,0.012225003852320776
5375,-0.008456398869007823,0.0,4,10000,[118.6213207296033],[2072.1312392225864],[0.994856704345161],20,0.012225003852320776
5376,-0.000838595878271603,0.0,4,10000,[118.6213207296033],[2072.1312392225864],[0.994856704345161],20,0.012225003852320776
5377,-0.006957560355416446,0.0,4,10000,[118.6213207296033],[2072.1312392225864],[0.994856704345161],20,0.012225003852320776
5378,-0.008010620973748855,0.0,4,10000,[118.6213207296033],[2072.1312392225864],[0.994856704345161],20,0.012225003852320776
5379,0.009887390995363048,0.0,4,10000,[118.6213207296033],[2072.1312392225864],[0.994856704345161],20,0.012225003852320776
5380,-0.01895497709744589,0.0,4,10000,[118.6213207296033],[2072.1312392225864],[0.994856704345161],20,0.012225003852320776
5381,-0.018804385525303675,0.0,4,10000,[118.6213207296033],[2072.1312392225864],[0.994856704345161],20,0.012225003852320776
5382,0.00403981459092831,0.0,4,10000,[118.6213207296033],[2072.1312392225864],[0.994856704345161],20,0.012225003852320776
5383,0.008723677459982978,0.0,4,10000,[118.6213207296033],[2072.1312392225864],[0.994856704345161],20,0.012225003852320776
5384,-0.010304514180805639,0.0,4,10000,[118.6213207296033],[2072.1312392225864],[0.994856704345161],20,0.012225003852320776
5385,0.004687481468766623,0.0,4,10000,[118.6213207296033],[2072.1312392225864],[0.994856704345161],20,0.012225003852320776
5386,-0.0033404645776936494,0.0,4,10000,[118.6213207296033],[2072.1312392225864],[0.994856704345161],20,0.012225003852320776
5387,0.007975357664500346,0.0,4,10000,[118.6213207296033],[2072.1312392225864],[0.994856704345161],20,0.012225003852320776
5388,0.014519187006027078,0.0,4,10000,[118.6213207296033],[2072.1312392225864],[0.994856704345161],20,0.012225003852320776
5389,0.024047735037875162,0.0,4,10000,[118.6213207296033],[2072.1312392225864],[0.994856704345161],20,0.012225003852320776
5390,0.016637280042852965,0.0,4,10000,[118.6213207296033],[2072.1312392225864],[0.994856704345161],20,0.012225003852320776
5391,0.01809681997184445,0.0,4,10000,[118.6213207296033],[2072.1312392225864],[0.994856704345161],20,0.012225003852320776
5392,-0.004053919299428836,0.0,4,10000,[118.6213207296033],[2072.1312392225864],[0.994856704345161],20,0.012225003852320776
5393,-0.014368210253094264,0.0,4,10000,[118.6213207296033],[2072.1312392225864],[0.994856704345161],20,0.012225003852320776
5394,-0.00906681530772267,0.0,4,10000,[118.6213207296033],[2072.1312392225864],[0.994856704345161],20,0.012225003852320776
5395,-0.010201662107485856,0.0,4,10000,[118.6213207296033],[2072.1312392225864],[0.994856704345161],20,0.012225003852320776
5396,0.018438102062026077,0.0,4,10000,[118.6213207296033],[2072.1312392225864],[0.994856704345161],20,0.012225003852320776
5397,0.0010200014443581442,0.0,4,10000,[118.6213207296033],[2072.1312392225864],[0.994856704345161],20,0.012225003852320776
5398,0.016230939312942127,0.0,4,10000,[118.6213207296033],[2072.1312392225864],[0.994856704345161],20,0.012225003852320776
5399,0.010221566217750902,0.0,4,10000,[118.6213207296033],[2072.1312392225864],[0.994856704345161],20,0.012225003852320776
5400,0.010890849758225237,0.0,4,10000,[118.6213207296033],[2072.1312392225864],[0.994856704345161],20,0.012225003852320776
5401,-0.011023647557356337,0.0,4,10000,[118.6213207296033],[2072.1312392225864],[0.994856704345161],20,0.012225003852320776
5402,-0.021724059202917884,0.0,4,10000,[118.6213207296033],[2072.1312392225864],[0.994856704345161],20,0.012225003852320776
5403,0.010435911664471711,0.0,4,10000,[118.6213207296033],[2072.1312392225864],[0.994856704345161],20,0.012225003852320776
5404,0.004819851537348919,0.0,4,10000,[118.6213207296033],[2072.1312392225864],[0.994856704345161],20,0.012225003852320776
5405,-0.01806971255595723,0.0,4,10000,[118.6213207296033],[2072.1312392225864],[0.994856704345161],20,0.012225003852320776
5406,-0.015134189109580995,0.0,4,10000,[118.6213207296033],[2072.1312392225864],[0.994856704345161],20,0.012225003852320776
5407,-0.012952930449584421,0.0,4,10000,[118.6213207296033],[2072.1312392225864],[0.994856704345161],20,0.012225003852320776
5408,-0.013769423722761279,0.0,4,10000,[118.6213207296033],[2072.1312392225864],[0.994856704345161],20,0.012225003852320776
5409,0.0211048384024884,0.0,4,10000,[118.6213207296033],[2072.1312392225864],[0.994856704345161],20,0.012225003852320776
5410,0.0058162431328613075,0.0,4,10000,[118.6213207296033],[2072.1312392225864],[0.994856704345161],20,0.012225003852320776
5411,-2.8922306232227817e-05,0.0,4,10000,[118.6213207296033],[2072.1312392225864],[0.994856704345161],20,0.012225003852320776
5412,-0.00934397863816955,0.0,4,10000,[118.6213207296033],[2072.1312392225864],[0.994856704345161],20,0.012225003852320776
5413,0.0079174256108099,0.0,4,10000,[118.6213207296033],[2072.1312392225864],[0.994856704345161],20,0.012225003852320776
5414,-0.011726797173217797,0.0,4,10000,[118.6213207296033],[2072.1312392225864],[0.994856704345161],20,0.012225003852320776
5415,-0.010421781454562946,0.0,4,10000,[118.6213207296033],[2072.1312392225864],[0.994856704345161],20,0.012225003852320776
5416,0.02263198325141989,0.0,4,10000,[118.6213207296033],[2072.1312392225864],[0.994856704345161],20,0.012225003852320776
5417,-0.008986431037931336,0.0,4,10000,[118.6213207296033],[2072.1312392225864],[0.994856704345161],20,0.012225003852320776
5418,-0.017176268856834407,0.0,4,10000,[118.6213207296033],[2072.1312392225864],[0.994856704345161],20,0.012225003852320776
5419,0.015164038498448197,0.0,4,10000,[118.6213207296033],[2072.1312392225864],[0.994856704345161],20,0.012225003852320776
5420,-0.017002867739391737,0.0,4,10000,[118.6213207296033],[2072.1312392225864],[0.994856704345161],20,0.012225003852320776
5421,0.008686064387031211,0.0,4,10000,[118.6213207296033],[2072.1312392225864],[0.994856704345161],20,0.012225003852320776
5422,-0.0034898883109574334,0.0,4,10000,[118.6213207296033],[2072.1312392225864],[0.994856704345161],20,0.012225003852320776
5423,-0.0037047214503888037,0.0,4,10000,[118.6213207296033],[2072.1312392225864],[0.994856704345161],20,0.012225003852320776
5424,-0.01230690780406942,0.0,4,10000,[118.6213207296033],[2072.1312392225864],[0.994856704345161],20,0.012225003852320776
5425,0.002275102294713191,0.0,4,10000,[118.6213207296033],[2072.1312392225864],[0.994856704345161],20,0.012225003852320776
5426,-0.024096524318005224,0.0,4,10000,[118.6213207296033],[2072.1312392225864],[0.994856704345161],20,0.012225003852320776
5427,0.013885078395230593,0.0,4,10000,[118.6213207296033],[2072.1312392225864],[0.994856704345161],20,0.012225003852320776
5428,-0.0023579992619784194,0.0,4,10000,[118.6213207296033],[2072.1312392225864],[0.994856704345161],20,0.012225003852320776
5429,-0.01919479203204001,0.0,4,10000,[118.6213207296033],[2072.1312392225864],[0.994856704345161],20,0.012225003852320776
5430,0.025848416482442148,0.0,4,10000,[118.6213207296033],[2072.1312392225864],[0.994856704345161],20,0.012225003852320776
5431,-0.0006584619333236885,0.0,4,10000,[118.6213207296033],[2072.1312392225864],[0.994856704345161],20,0.012225003852320776
5432,0.0015652258241030531,0.0,4,10000,[118.6213207296033],[2072.1312392225864],[0.994856704345161],20,0.012225003852320776
5433,0.004517811448936629,0.0,4,10000,[118.6213207296033],[2072.1312392225864],[0.994856704345161],20,0.012225003852320776
5434,-0.00949627131217819,0.0,4,10000,[118.6213207296033],[2072.1312392225864],[0.994856704345161],20,0.012225003852320776
5435,-0.009754869703438767,0.0,4,10000,[118.6213207296033],[2072.1312392225864],[0.994856704345161],20,0.012225003852320776
5436,0.007641383096719496,0.0,4,10000,[118.6213207296033],[2072.1312392225864],[0.994856704345161],20,0.012225003852320776
5437,-0.0051711754366674054,0.0,4,10000,[118.6213207296033],[2072.1312392225864],[0.994856704345161],20,0.012225003852320776
5438,0.002256531212772602,0.0,4,10000,[118.6213207296033],[2072.1312392225864],[0.994856704345161],20,0.012225003852320776
5439,-0.00012473534756380627,0.0,4,10000,[118.6213207296033],[2072.1312392225864],[0.994856704345161],20,0.012225003852320776
5440,-0.002409917575070965,0.0,4,10000,[118.6213207296033],[2072.1312392225864],[0.994856704345161],20,0.012225003852320776
5441,-0.020126510709635115,0.0,4,10000,[118.6213207296033],[2072.1312392225864],[0.994856704345161],20,0.012225003852320776
5442,-0.0018212520000675412,0.0,4,10000,[118.6213207296033],[2072.1312392225864],[0.994856704345161],20,0.012225003852320776
5443,0.003582980573806923,0.0,4,10000,[118.6213207296033],[2072.1312392225864],[0.994856704345161],20,0.012225003852320776
5444,-0.00936346186307084,0.0,4,10000,[118.6213207296033],[2072.1312392225864],[0.994856704345161],20,0.012225003852320776
5445,-0.005293583762273696,0.0,4,10000,[118.6213207296033],[2072.1312392225864],[0.994856704345161],20,0.012225003852320776
5446,-0.008744131628278173,0.0,4,10000,[118.6213207296033],[2072.1312392225864],[0.994856704345161],20,0.012225003852320776
5447,0.0033986430576584317,0.0,4,10000,[118.6213207296033],[2072.1312392225864],[0.994856704345161],20,0.012225003852320776
5448,-0.0015862051845211105,0.0,4,10000,[118.6213207296033],[2072.1312392225864],[0.994856704345161],20,0.012225003852320776
5449,-0.009560964628586351,0.0,4,10000,[118.6213207296033],[2072.1312392225864],[0.994856704345161],20,0.012225003852320776
5450,-0.012838672236461905,0.0,4,10000,[118.6213207296033],[2072.1312392225864],[0.994856704345161],20,0.012225003852320776
5451,0.007014115434376932,0.0,4,10000,[118.6213207296033],[2072.1312392225864],[0.994856704345161],20,0.012225003852320776
5452,-0.0010119654335462296,0.0,4,10000,[118.6213207296033],[2072.1312392225864],[0.994856704345161],20,0.012225003852320776
5453,-0.03122263006845307,0.0,4,10000,[118.6213207296033],[2072.1312392225864],[0.994856704345161],20,0.012225003852320776
5454,0.0015972900576096392,0.0,4,10000,[118.6213207296033],[2072.1312392225864],[0.994856704345161],20,0.012225003852320776
5455,0.0003656924176596531,0.0,4,10000,[118.6213207296033],[2072.1312392225864],[0.994856704345161],20,0.012225003852320776
5456,0.018763733307835127,0.0,4,10000,[118.6213207296033],[2072.1312392225864],[0.994856704345161],20,0.012225003852320776
5457,0.012312999204745262,0.0,4,10000,[118.6213207296033],[2072.1312392225864],[0.994856704345161],20,0.012225003852320776
5458,-0.0034898219821831583,0.0,4,10000,[118.6213207296033],[2072.1312392225864],[0.994856704345161],20,0.012225003852320776
5459,0.009555105198767174,0.0,4,10000,[118.6213207296033],[2072.1312392225864],[0.994856704345161],20,0.012225003852320776
5460,-0.010405623424316673,0.0,4,10000,[118.6213207296033],[2072.1312392225864],[0.994856704345161],20,0.012225003852320776
5461,0.0014786487682488816,0.0,4,10000,[118.6213207296033],[2072.1312392225864],[0.994856704345161],20,0.012225003852320776
5462,-0.014236288196602265,0.0,4,10000,[118.6213207296033],[2072.1312392225864],[0.994856704345161],20,0.012225003852320776
5463,-0.00436397452802617,0.0,4,10000,[118.6213207296033],[2072.1312392225864],[0.994856704345161],20,0.012225003852320776
5464,-0.005372061920127169,0.0,4,10000,[118.6213207296033],[2072.1312392225864],[0.994856704345161],20,0.012225003852320776
5465,-3.574966393923102e-05,0.0,4,10000,[118.6213207296033],[2072.1312392225864],[0.994856704345161],20,0.012225003852320776
5466,0.012726518903367668,0.0,4,10000,[118.6213207296033],[2072.1312392225864],[0.994856704345161],20,0.012225003852320776
5467,-0.004802997004654134,0.0,4,10000,[118.6213207296033],[2072.1312392225864],[0.994856704345161],20,0.012225003852320776
5468,0.005218499892589723,0.0,4,10000,[118.6213207296033],[2072.1312392225864],[0.994856704345161],20,0.012225003852320776
5469,-0.002569147309385258,0.0,4,10000,[118.6213207296033],[2072.1312392225864],[0.994856704345161],20,0.012225003852320776
5470,0.0028534040119679235,0.0,4,10000,[118.6213207296033],[2072.1312392225864],[0.994856704345161],20,0.012225003852320776
5471,-0.01389910049769667,0.0,4,10000,[118.6213207296033],[2072.1312392225864],[0.994856704345161],20,0.012225003852320776
5472,0.002261006991814681,0.0,4,10000,[118.6213207296033],[2072.1312392225864],[0.994856704345161],20,0.012225003852320776
5473,-0.007055377882585024,0.0,4,10000,[118.6213207296033],[2072.1312392225864],[0.994856704345161],20,0.012225003852320776
5474,-0.012974213351104796,0.0,4,10000,[118.6213207296033],[2072.1312392225864],[0.994856704345161],20,0.012225003852320776
5475,-0.001208098086296353,0.0,4,10000,[118.6213207296033],[2072.1312392225864],[0.994856704345161],20,0.012225003852320776
5476,-0.010964441556800686,0.0,4,10000,[118.6213207296033],[2072.1312392225864],[0.994856704345161],20,0.012225003852320776
5477,0.01395286927740495,0.0,4,10000,[118.6213207296033],[2072.1312392225864],[0.994856704345161],20,0.012225003852320776
5478,-0.003177001252388385,0.0,4,10000,[118.6213207296033],[2072.1312392225864],[0.994856704345161],20,0.012225003852320776
5479,-0.015207896237867013,0.0,4,10000,[118.6213207296033],[2072.1312392225864],[0.994856704345161],20,0.012225003852320776
5480,0.00714431723699084,0.0,4,10000,[118.6213207296033],[2072.1312392225864],[0.994856704345161],20,0.012225003852320776
5481,-0.00759929566674996,0.0,4,10000,[118.6213207296033],[2072.1312392225864],[0.994856704345161],20,0.012225003852320776
5482,-0.0014799709654087765,0.0,4,10000,[118.6213207296033],[2072.1312392225864],[0.994856704345161],20,0.012225003852320776
5483,-0.0018033875656456812,0.0,4,10000,[118.6213207296033],[2072.1312392225864],[0.994856704345161],20,0.012225003852320776
5484,-0.0031935172420886975,0.0,4,10000,[118.6213207296033],[2072.1312392225864],[0.994856704345161],20,0.012225003852320776
5485,-0.0046611466019522915,0.0,4,10000,[118.6213207296033],[2072.1312392225864],[0.994856704345161],20,0.012225003852320776
5486,-0.0023785432012402388,0.0,4,10000,[118.6213207296033],[2072.1312392225864],[0.994856704345161],20,0.012225003852320776
5487,0.0029093026969414203,0.0,4,10000,[118.6213207296033],[2072.1312392225864],[0.994856704345161],20,0.012225003852320776
5488,-0.0156546606379668,0.0,4,10000,[118.6213207296033],[2072.1312392225864],[0.994856704345161],20,0.012225003852320776
5489,0.004925104396218859,0.0,4,10000,[118.6213207296033],[2072.1312392225864],[0.994856704345161],20,0.012225003852320776
5490,0.008051653873850843,0.0,4,10000,[118.6213207296033],[2072.1312392225864],[0.994856704345161],20,0.012225003852320776
5491,0.0034089062029039525,0.0,4,10000,[118.6213207296033],[2072.1312392225864],[0.994856704345161],20,0.012225003852320776
5492,-0.009816802474163114,0.0,4,10000,[118.6213207296033],[2072.1312392225864],[0.994856704345161],20,0.012225003852320776
5493,-0.011866178347089543,0.0,4,10000,[118.6213207296033],[2072.1312392225864],[0.994856704345161],20,0.012225003852320776
5494,0.021649706286980694,0.0,4,10000,[118.6213207296033],[2072.1312392225864],[0.994856704345161],20,0.012225003852320776
5495,-0.0019116188166854228,0.0,4,10000,[118.6213207296033],[2072.1312392225864],[0.994856704345161],20,0.012225003852320776
5496,0.014103459865295905,0.0,4,10000,[118.6213207296033],[2072.1312392225864],[0.994856704345161],20,0.012225003852320776
5497,0.0018833739446322943,0.0,4,10000,[118.6213207296033],[2072.1312392225864],[0.994856704345161],20,0.012225003852320776
5498,0.008361260564356921,0.0,4,10000,[118.6213207296033],[2072.1312392225864],[0.994856704345161],20,0.012225003852320776
5499,-0.013080593732813738,0.0,4,10000,[118.6213207296033],[2072.1312392225864],[0.994856704345161],20,0.012225003852320776
5500,0.005216091072906716,0.0,4,10000,[118.6213207296033],[2072.1312392225864],[0.994856704345161],20,0.012225003852320776
5501,-0.016893366383812846,0.0,4,10000,[118.6213207296033],[2072.1312392225864],[0.994856704345161],20,0.012225003852320776
5502,-0.014416777049453862,0.0,4,10000,[118.6213207296033],[2072.1312392225864],[0.994856704345161],20,0.012225003852320776
5503,-0.009330442893029572,0.0,4,10000,[118.6213207296033],[2072.1312392225864],[0.994856704345161],20,0.012225003852320776
5504,0.006827166334705012,0.0,4,10000,[118.6213207296033],[2072.1312392225864],[0.994856704345161],20,0.012225003852320776
5505,-0.012639890474850077,0.0,4,10000,[118.6213207296033],[2072.1312392225864],[0.994856704345161],20,0.012225003852320776
5506,0.0044353841378166475,0.0,4,10000,[118.6213207296033],[2072.1312392225864],[0.994856704345161],20,0.012225003852320776
5507,0.0008329302535125595,0.0,4,10000,[118.6213207296033],[2072.1312392225864],[0.994856704345161],20,0.012225003852320776
5508,-0.015591184147393803,0.0,4,10000,[118.6213207296033],[2072.1312392225864],[0.994856704345161],20,0.012225003852320776
5509,0.0062768354031988655,0.0,4,10000,[118.6213207296033],[2072.1312392225864],[0.994856704345161],20,0.012225003852320776
5510,-0.006919462076137135,0.0,4,10000,[118.6213207296033],[2072.1312392225864],[0.994856704345161],20,0.012225003852320776
5511,-0.004750516438274806,0.0,4,10000,[118.6213207296033],[2072.1312392225864],[0.994856704345161],20,0.012225003852320776
5512,-0.0008089609290715348,0.0,4,10000,[118.6213207296033],[2072.1312392225864],[0.994856704345161],20,0.012225003852320776
5513,0.022165609723257203,0.0,4,10000,[118.6213207296033],[2072.1312392225864],[0.994856704345161],20,0.012225003852320776
5514,0.029027909929118894,0.0,4,10000,[118.6213207296033],[2072.1312392225864],[0.994856704345161],20,0.012225003852320776
5515,-0.0014366515211073564,0.0,4,10000,[118.6213207296033],[2072.1312392225864],[0.994856704345161],20,0.012225003852320776
5516,-0.0049579935566617,0.0,4,10000,[118.6213207296033],[2072.1312392225864],[0.994856704345161],20,0.012225003852320776
5517,0.026021365136842188,0.0,4,10000,[118.6213207296033],[2072.1312392225864],[0.994856704345161],20,0.012225003852320776
5518,0.010003539292517481,0.0,4,10000,[118.6213207296033],[2072.1312392225864],[0.994856704345161],20,0.012225003852320776
5519,0.006988310968212705,0.0,4,10000,[118.6213207296033],[2072.1312392225864],[0.994856704345161],20,0.012225003852320776
5520,-0.0002882616492756962,0.0,4,10000,[118.6213207296033],[2072.1312392225864],[0.994856704345161],20,0.012225003852320776
5521,-0.00693299343960146,0.0,4,10000,[118.6213207296033],[2072.1312392225864],[0.994856704345161],20,0.012225003852320776
5522,0.006553188978098189,0.0,4,10000,[118.6213207296033],[2072.1312392225864],[0.994856704345161],20,0.012225003852320776
5523,-0.0032717315593890463,0.0,4,10000,[118.6213207296033],[2072.1312392225864],[0.994856704345161],20,0.012225003852320776
5524,-0.008932581121825288,0.0,4,10000,[118.6213207296033],[2072.1312392225864],[0.994856704345161],20,0.012225003852320776
5525,-0.0010767906072751457,0.0,4,10000,[118.6213207296033],[2072.1312392225864],[0.994856704345161],20,0.012225003852320776
5526,-0.004875605874027032,0.0,4,10000,[118.6213207296033],[2072.1312392225864],[0.994856704345161],20,0.012225003852320776
5527,0.008615031887352182,0.0,4,10000,[118.6213207296033],[2072.1312392225864],[0.994856704345161],20,0.012225003852320776
5528,-0.004967452913898605,0.0,4,10000,[118.6213207296033],[2072.1312392225864],[0.994856704345161],20,0.012225003852320776
5529,0.0035194941159579335,0.0,4,10000,[118.6213207296033],[2072.1312392225864],[0.994856704345161],20,0.012225003852320776
5530,0.013548096197059198,0.0,4,10000,[118.6213207296033],[2072.1312392225864],[0.994856704345161],20,0.012225003852320776
5531,0.004352111178454157,0.0,4,10000,[118.6213207296033],[2072.1312392225864],[0.994856704345161],20,0.012225003852320776
5532,-0.01057145445458205,0.0,4,10000,[118.6213207296033],[2072.1312392225864],[0.994856704345161],20,0.012225003852320776
5533,-0.0070035086841946205,0.0,4,10000,[118.6213207296033],[2072.1312392225864],[0.994856704345161],20,0.012225003852320776
5534,0.001077896636418544,0.0,4,10000,[118.6213207296033],[2072.1312392225864],[0.994856704345161],20,0.012225003852320776
5535,-0.020500502491486945,0.0,4,10000,[118.6213207296033],[2072.1312392225864],[0.994856704345161],20,0.012225003852320776
5536,-0.005377073778758706,0.0,4,10000,[118.6213207296033],[2072.1312392225864],[0.994856704345161],20,0.012225003852320776
5537,0.0021988870084121313,0.0,4,10000,[118.6213207296033],[2072.1312392225864],[0.994856704345161],20,0.012225003852320776
5538,0.0002503483039392249,0.0,4,10000,[118.6213207296033],[2072.1312392225864],[0.994856704345161],20,0.012225003852320776
5539,0.011014147701116656,0.0,4,10000,[118.6213207296033],[2072.1312392225864],[0.994856704345161],20,0.012225003852320776
5540,0.016056467960930226,0.0,4,10000,[118.6213207296033],[2072.1312392225864],[0.994856704345161],20,0.012225003852320776
5541,-0.011236873573069146,0.0,4,10000,[118.6213207296033],[2072.1312392225864],[0.994856704345161],20,0.012225003852320776
5542,0.006310802419039595,0.0,4,10000,[118.6213207296033],[2072.1312392225864],[0.994856704345161],20,0.012225003852320776
5543,-0.01091357527700917,0.0,4,10000,[118.6213207296033],[2072.1312392225864],[0.994856704345161],20,0.012225003852320776
5544,0.0025822146421052247,0.0,4,10000,[118.6213207296033],[2072.1312392225864],[0.994856704345161],20,0.012225003852320776
5545,-0.001393422784302207,0.0,4,10000,[118.6213207296033],[2072.1312392225864],[0.994856704345161],20,0.012225003852320776
5546,-0.013866554946687952,0.0,4,10000,[118.6213207296033],[2072.1312392225864],[0.994856704345161],20,0.012225003852320776
5547,0.020615236887423578,0.0,4,10000,[118.6213207296033],[2072.1312392225864],[0.994856704345161],20,0.012225003852320776
5548,-0.008648723991896584,0.0,4,10000,[118.6213207296033],[2072.1312392225864],[0.994856704345161],20,0.012225003852320776
5549,-0.0031215634330171837,0.0,4,10000,[118.6213207296033],[2072.1312392225864],[0.994856704345161],20,0.012225003852320776
5550,-0.01578935142037948,0.0,4,10000,[118.6213207296033],[2072.1312392225864],[0.994856704345161],20,0.012225003852320776
5551,0.004008683915010641,0.0,4,10000,[118.6213207296033],[2072.1312392225864],[0.994856704345161],20,0.012225003852320776
5552,-0.0023102541007505497,0.0,4,10000,[118.6213207296033],[2072.1312392225864],[0.994856704345161],20,0.012225003852320776
5553,-0.015560472651747887,0.0,4,10000,[118.6213207296033],[2072.1312392225864],[0.994856704345161],20,0.012225003852320776
5554,0.0026944055887926986,0.0,4,10000,[118.6213207296033],[2072.1312392225864],[0.994856704345161],20,0.012225003852320776
5555,-0.011655506238175887,0.0,4,10000,[118.6213207296033],[2072.1312392225864],[0.994856704345161],20,0.012225003852320776
5556,0.0041999758511982255,0.0,4,10000,[118.6213207296033],[2072.1312392225864],[0.994856704345161],20,0.012225003852320776
5557,-0.0031181803844991998,0.0,4,10000,[118.6213207296033],[2072.1312392225864],[0.994856704345161],20,0.012225003852320776
5558,0.0008429834067754803,0.0,4,10000,[118.6213207296033],[2072.1312392225864],[0.994856704345161],20,0.012225003852320776
5559,-0.008338550256012142,0.0,4,10000,[118.6213207296033],[2072.1312392225864],[0.994856704345161],20,0.012225003852320776
5560,-0.007443166522496516,0.0,4,10000,[118.6213207296033],[2072.1312392225864],[0.994856704345161],20,0.012225003852320776
5561,-0.00525255536215639,0.0,4,10000,[118.6213207296033],[2072.1312392225864],[0.994856704345161],20,0.012225003852320776
5562,-0.0011339373798092873,0.0,4,10000,[118.6213207296033],[2072.1312392225864],[0.994856704345161],20,0.012225003852320776
5563,-0.002776536659718378,0.0,4,10000,[118.6213207296033],[2072.1312392225864],[0.994856704345161],20,0.012225003852320776
5564,-0.017518472866674767,0.0,4,10000,[118.6213207296033],[2072.1312392225864],[0.994856704345161],20,0.012225003852320776
5565,-0.0021829772483600318,0.0,4,10000,[118.6213207296033],[2072.1312392225864],[0.994856704345161],20,0.012225003852320776
5566,-0.014016426965235071,0.0,4,10000,[118.6213207296033],[2072.1312392225864],[0.994856704345161],20,0.012225003852320776
5567,0.003688755724230192,0.0,4,10000,[118.6213207296033],[2072.1312392225864],[0.994856704345161],20,0.012225003852320776
5568,0.005824158546989698,0.0,4,10000,[118.6213207296033],[2072.1312392225864],[0.994856704345161],20,0.012225003852320776
5569,-0.008496118302904985,0.0,4,10000,[118.6213207296033],[2072.1312392225864],[0.994856704345161],20,0.012225003852320776
5570,0.01654660022740893,0.0,4,10000,[118.6213207296033],[2072.1312392225864],[0.994856704345161],20,0.012225003852320776
5571,0.006611764643379297,0.0,4,10000,[118.6213207296033],[2072.1312392225864],[0.994856704345161],20,0.012225003852320776
5572,-0.007909136392962184,0.0,4,10000,[118.6213207296033],[2072.1312392225864],[0.994856704345161],20,0.012225003852320776
5573,0.007661027254693756,0.0,4,10000,[118.6213207296033],[2072.1312392225864],[0.994856704345161],20,0.012225003852320776
5574,-0.00352180751212788,0.0,4,10000,[118.6213207296033],[2072.1312392225864],[0.994856704345161],20,0.012225003852320776
5575,0.0005080987413882572,0.0,4,10000,[118.6213207296033],[2072.1312392225864],[0.994856704345161],20,0.012225003852320776
5576,-0.017949693261072597,0.0,4,10000,[118.6213207296033],[2072.1312392225864],[0.994856704345161],20,0.012225003852320776
5577,-0.011600190564257736,0.0,4,10000,[118.6213207296033],[2072.1312392225864],[0.994856704345161],20,0.012225003852320776
5578,0.006676978176227943,0.0,4,10000,[118.6213207296033],[2072.1312392225864],[0.994856704345161],20,0.012225003852320776
5579,-0.007576052463125946,0.0,4,10000,[118.6213207296033],[2072.1312392225864],[0.994856704345161],20,0.012225003852320776
5580,-0.014933513913768685,0.0,4,10000,[118.6213207296033],[2072.1312392225864],[0.994856704345161],20,0.012225003852320776
5581,0.008829179989339877,0.0,4,10000,[118.6213207296033],[2072.1312392225864],[0.994856704345161],20,0.012225003852320776
5582,-0.0001286292012720102,0.0,4,10000,[118.6213207296033],[2072.1312392225864],[0.994856704345161],20,0.012225003852320776
5583,0.015529016095056027,0.0,4,10000,[118.6213207296033],[2072.1312392225864],[0.994856704345161],20,0.012225003852320776
5584,-0.005694510063462075,0.0,4,10000,[118.6213207296033],[2072.1312392225864],[0.994856704345161],20,0.012225003852320776
5585,-0.004871783846026502,0.0,4,10000,[118.6213207296033],[2072.1312392225864],[0.994856704345161],20,0.012225003852320776
5586,-0.00159957619698793,0.0,4,10000,[118.6213207296033],[2072.1312392225864],[0.994856704345161],20,0.012225003852320776
5587,0.011570570622849273,0.0,4,10000,[118.6213207296033],[2072.1312392225864],[0.994856704345161],20,0.012225003852320776
5588,0.005218243996087143,0.0,4,10000,[118.6213207296033],[2072.1312392225864],[0.994856704345161],20,0.012225003852320776
5589,0.014218506470477657,0.0,4,10000,[118.6213207296033],[2072.1312392225864],[0.994856704345161],20,0.012225003852320776
5590,-0.001480878499052577,0.0,4,10000,[118.6213207296033],[2072.1312392225864],[0.994856704345161],20,0.012225003852320776
5591,0.0035845414557366022,0.0,4,10000,[118.6213207296033],[2072.1312392225864],[0.994856704345161],20,0.012225003852320776
5592,0.007309350680797338,0.0,4,10000,[118.6213207296033],[2072.1312392225864],[0.994856704345161],20,0.012225003852320776
5593,7.979860030271435e-05,0.0,4,10000,[118.6213207296033],[2072.1312392225864],[0.994856704345161],20,0.012225003852320776
5594,0.008050175206270561,0.0,4,10000,[118.6213207296033],[2072.1312392225864],[0.994856704345161],20,0.012225003852320776
5595,0.0012848936051763683,0.0,4,10000,[118.6213207296033],[2072.1312392225864],[0.994856704345161],20,0.012225003852320776
5596,0.0006793204842705265,0.0,4,10000,[118.6213207296033],[2072.1312392225864],[0.994856704345161],20,0.012225003852320776
5597,-0.02255577630907583,0.0,4,10000,[118.6213207296033],[2072.1312392225864],[0.994856704345161],20,0.012225003852320776
5598,0.009963725285263719,0.0,4,10000,[118.6213207296033],[2072.1312392225864],[0.994856704345161],20,0.012225003852320776
5599,-0.005830206215143726,0.0,4,10000,[118.6213207296033],[2072.1312392225864],[0.994856704345161],20,0.012225003852320776
5600,-0.015321799218397117,0.0,4,10000,[118.6213207296033],[2072.1312392225864],[0.994856704345161],20,0.012225003852320776
5601,-0.019034311744883542,0.0,4,10000,[118.6213207296033],[2072.1312392225864],[0.994856704345161],20,0.012225003852320776
5602,-0.008339602739888362,0.0,4,10000,[118.6213207296033],[2072.1312392225864],[0.994856704345161],20,0.012225003852320776
5603,-0.023119708195934858,0.0,4,10000,[118.6213207296033],[2072.1312392225864],[0.994856704345161],20,0.012225003852320776
5604,0.007401969855950588,0.0,4,10000,[118.6213207296033],[2072.1312392225864],[0.994856704345161],20,0.012225003852320776
5605,-0.010093528248810253,0.0,4,10000,[118.6213207296033],[2072.1312392225864],[0.994856704345161],20,0.012225003852320776
5606,0.015577771647750524,0.0,4,10000,[118.6213207296033],[2072.1312392225864],[0.994856704345161],20,0.012225003852320776
5607,0.01306768639048841,0.0,4,10000,[118.6213207296033],[2072.1312392225864],[0.994856704345161],20,0.012225003852320776
5608,-0.007740440131098216,0.0,4,10000,[118.6213207296033],[2072.1312392225864],[0.994856704345161],20,0.012225003852320776
5609,0.0013325176822976319,0.0,4,10000,[118.6213207296033],[2072.1312392225864],[0.994856704345161],20,0.012225003852320776
5610,-0.00015670664043976245,0.0,4,10000,[118.6213207296033],[2072.1312392225864],[0.994856704345161],20,0.012225003852320776
5611,-0.0027302910385653993,0.0,4,10000,[118.6213207296033],[2072.1312392225864],[0.994856704345161],20,0.012225003852320776
5612,-0.019912823411904777,0.0,4,10000,[118.6213207296033],[2072.1312392225864],[0.994856704345161],20,0.012225003852320776
5613,0.0025716655683907476,0.0,4,10000,[118.6213207296033],[2072.1312392225864],[0.994856704345161],20,0.012225003852320776
5614,-0.00574142048060015,0.0,4,10000,[118.6213207296033],[2072.1312392225864],[0.994856704345161],20,0.012225003852320776
5615,-0.0067091463489284955,0.0,4,10000,[118.6213207296033],[2072.1312392225864],[0.994856704345161],20,0.012225003852320776
5616,0.013634561001524322,0.0,4,10000,[118.6213207296033],[2072.1312392225864],[0.994856704345161],20,0.012225003852320776
5617,-0.011901860878753015,0.0,4,10000,[118.6213207296033],[2072.1312392225864],[0.994856704345161],20,0.012225003852320776
5618,-0.0016101518009902648,0.0,4,10000,[118.6213207296033],[2072.1312392225864],[0.994856704345161],20,0.012225003852320776
5619,-0.023798760319025253,0.0,4,10000,[118.6213207296033],[2072.1312392225864],[0.994856704345161],20,0.012225003852320776
5620,0.006368468245253532,0.0,4,10000,[118.6213207296033],[2072.1312392225864],[0.994856704345161],20,0.012225003852320776
5621,0.002365802810251674,0.0,4,10000,[118.6213207296033],[2072.1312392225864],[0.994856704345161],20,0.012225003852320776
5622,0.005522252593773181,0.0,4,10000,[118.6213207296033],[2072.1312392225864],[0.994856704345161],20,0.012225003852320776
5623,-0.01640648357768634,0.0,4,10000,[118.6213207296033],[2072.1312392225864],[0.994856704345161],20,0.012225003852320776
5624,0.00793675974181143,0.0,4,10000,[118.6213207296033],[2072.1312392225864],[0.994856704345161],20,0.012225003852320776
5625,0.02194308849369388,0.0,4,10000,[118.6213207296033],[2072.1312392225864],[0.994856704345161],20,0.012225003852320776
5626,0.01610338307387077,0.0,4,10000,[118.6213207296033],[2072.1312392225864],[0.994856704345161],20,0.012225003852320776
5627,-0.008067399219844838,0.0,4,10000,[118.6213207296033],[2072.1312392225864],[0.994856704345161],20,0.012225003852320776
5628,0.016419773233195285,0.0,4,10000,[118.6213207296033],[2072.1312392225864],[0.994856704345161],20,0.012225003852320776
5629,-0.01826924436408691,0.0,4,10000,[118.6213207296033],[2072.1312392225864],[0.994856704345161],20,0.012225003852320776
5630,-0.0014758537042479957,0.0,4,10000,[118.6213207296033],[2072.1312392225864],[0.994856704345161],20,0.012225003852320776
5631,0.0163724449103919,0.0,4,10000,[118.6213207296033],[2072.1312392225864],[0.994856704345161],20,0.012225003852320776
5632,0.0010283305004433415,0.0,4,10000,[118.6213207296033],[2072.1312392225864],[0.994856704345161],20,0.012225003852320776
5633,-0.0016405696881691776,0.0,4,10000,[118.6213207296033],[2072.1312392225864],[0.994856704345161],20,0.012225003852320776
5634,-0.00016234301113359252,0.0,4,10000,[118.6213207296033],[2072.1312392225864],[0.994856704345161],20,0.012225003852320776
5635,-0.0036456754392431346,0.0,4,10000,[118.6213207296033],[2072.1312392225864],[0.994856704345161],20,0.012225003852320776
5636,0.00528812448576195,0.0,4,10000,[118.6213207296033],[2072.1312392225864],[0.994856704345161],20,0.012225003852320776
5637,0.01734130472465278,0.0,4,10000,[118.6213207296033],[2072.1312392225864],[0.994856704345161],20,0.012225003852320776
5638,-0.009504924818730826,0.0,4,10000,[118.6213207296033],[2072.1312392225864],[0.994856704345161],20,0.012225003852320776
5639,-0.009025887691582258,0.0,4,10000,[118.6213207296033],[2072.1312392225864],[0.994856704345161],20,0.012225003852320776
5640,0.006564210746395251,0.0,4,10000,[118.6213207296033],[2072.1312392225864],[0.994856704345161],20,0.012225003852320776
5641,-0.019423690746459613,0.0,4,10000,[118.6213207296033],[2072.1312392225864],[0.994856704345161],20,0.012225003852320776
5642,-0.02788191336629167,0.0,4,10000,[118.6213207296033],[2072.1312392225864],[0.994856704345161],20,0.012225003852320776
5643,-0.01091099504152032,0.0,4,10000,[118.6213207296033],[2072.1312392225864],[0.994856704345161],20,0.012225003852320776
5644,0.006659022947010187,0.0,4,10000,[118.6213207296033],[2072.1312392225864],[0.994856704345161],20,0.012225003852320776
5645,-0.008479219296535313,0.0,4,10000,[118.6213207296033],[2072.1312392225864],[0.994856704345161],20,0.012225003852320776
5646,0.0016099976573160537,0.0,4,10000,[118.6213207296033],[2072.1312392225864],[0.994856704345161],20,0.012225003852320776
5647,0.024596533429819448,0.0,4,10000,[118.6213207296033],[2072.1312392225864],[0.994856704345161],20,0.012225003852320776
5648,-0.007120993093077519,0.0,4,10000,[118.6213207296033],[2072.1312392225864],[0.994856704345161],20,0.012225003852320776
5649,-0.020380690455911486,0.0,4,10000,[118.6213207296033],[2072.1312392225864],[0.994856704345161],20,0.012225003852320776
5650,-0.006676538591472794,0.0,4,10000,[118.6213207296033],[2072.1312392225864],[0.994856704345161],20,0.012225003852320776
5651,-0.017680524651703628,0.0,4,10000,[118.6213207296033],[2072.1312392225864],[0.994856704345161],20,0.012225003852320776
5652,-0.00344905524203897,0.0,4,10000,[118.6213207296033],[2072.1312392225864],[0.994856704345161],20,0.012225003852320776
5653,0.0003148554077779495,0.0,4,10000,[118.6213207296033],[2072.1312392225864],[0.994856704345161],20,0.012225003852320776
5654,-0.00997675200159115,0.0,4,10000,[118.6213207296033],[2072.1312392225864],[0.994856704345161],20,0.012225003852320776
5655,-0.014161357804130435,0.0,4,10000,[118.6213207296033],[2072.1312392225864],[0.994856704345161],20,0.012225003852320776
5656,0.007187242747197713,0.0,4,10000,[118.6213207296033],[2072.1312392225864],[0.994856704345161],20,0.012225003852320776
5657,0.016085461659624878,0.0,4,10000,[118.6213207296033],[2072.1312392225864],[0.994856704345161],20,0.012225003852320776
5658,0.0058437527146739665,0.0,4,10000,[118.6213207296033],[2072.1312392225864],[0.994856704345161],20,0.012225003852320776
5659,-0.006303165175945034,0.0,4,10000,[118.6213207296033],[2072.1312392225864],[0.994856704345161],20,0.012225003852320776
5660,-0.003411221404933722,0.0,4,10000,[118.6213207296033],[2072.1312392225864],[0.994856704345161],20,0.012225003852320776
5661,-0.007142054446184164,0.0,4,10000,[118.6213207296033],[2072.1312392225864],[0.994856704345161],20,0.012225003852320776
5662,0.02362907209012851,0.0,4,10000,[118.6213207296033],[2072.1312392225864],[0.994856704345161],20,0.012225003852320776
5663,-0.02920517519269347,0.0,4,10000,[118.6213207296033],[2072.1312392225864],[0.994856704345161],20,0.012225003852320776
5664,-0.00044261211339908423,0.0,4,10000,[118.6213207296033],[2072.1312392225864],[0.994856704345161],20,0.012225003852320776
5665,0.011051709995325402,0.0,4,10000,[118.6213207296033],[2072.1312392225864],[0.994856704345161],20,0.012225003852320776
5666,0.0107171440562194,0.0,4,10000,[118.6213207296033],[2072.1312392225864],[0.994856704345161],20,0.012225003852320776
5667,0.00571516772220467,0.0,4,10000,[118.6213207296033],[2072.1312392225864],[0.994856704345161],20,0.012225003852320776
5668,0.010188537476819467,0.0,4,10000,[118.6213207296033],[2072.1312392225864],[0.994856704345161],20,0.012225003852320776
5669,-0.00658987609447075,0.0,4,10000,[118.6213207296033],[2072.1312392225864],[0.994856704345161],20,0.012225003852320776
5670,0.01388180529792649,0.0,4,10000,[118.6213207296033],[2072.1312392225864],[0.994856704345161],20,0.012225003852320776
5671,0.007593121664878404,0.0,4,10000,[118.6213207296033],[2072.1312392225864],[0.994856704345161],20,0.012225003852320776
5672,-0.00639931851521652,0.0,4,10000,[118.6213207296033],[2072.1312392225864],[0.994856704345161],20,0.012225003852320776
5673,-0.007394289832519383,0.0,4,10000,[118.6213207296033],[2072.1312392225864],[0.994856704345161],20,0.012225003852320776
5674,0.0056004512848432,0.0,4,10000,[118.6213207296033],[2072.1312392225864],[0.994856704345161],20,0.012225003852320776
5675,-0.005158309327984959,0.0,4,10000,[118.6213207296033],[2072.1312392225864],[0.994856704345161],20,0.012225003852320776
5676,0.014782686500560561,0.0,4,10000,[118.6213207296033],[2072.1312392225864],[0.994856704345161],20,0.012225003852320776
5677,-0.001478834715131143,0.0,4,10000,[118.6213207296033],[2072.1312392225864],[0.994856704345161],20,0.012225003852320776
5678,-0.006747708771812967,0.0,4,10000,[118.6213207296033],[2072.1312392225864],[0.994856704345161],20,0.012225003852320776
5679,0.027037507601966857,0.0,4,10000,[118.6213207296033],[2072.1312392225864],[0.994856704345161],20,0.012225003852320776
5680,0.013134367417258371,0.0,4,10000,[118.6213207296033],[2072.1312392225864],[0.994856704345161],20,0.012225003852320776
5681,-0.04227702902263373,0.0,4,10000,[118.6213207296033],[2072.1312392225864],[0.994856704345161],20,0.012225003852320776
5682,-0.01284492594637378,0.0,4,10000,[118.6213207296033],[2072.1312392225864],[0.994856704345161],20,0.012225003852320776
5683,0.019197605159053017,0.0,4,10000,[118.6213207296033],[2072.1312392225864],[0.994856704345161],20,0.012225003852320776
5684,0.003566453913407898,0.0,4,10000,[118.6213207296033],[2072.1312392225864],[0.994856704345161],20,0.012225003852320776
5685,0.0029573611916497793,0.0,4,10000,[118.6213207296033],[2072.1312392225864],[0.994856704345161],20,0.012225003852320776
5686,-0.014743081100977478,0.0,4,10000,[118.6213207296033],[2072.1312392225864],[0.994856704345161],20,0.012225003852320776
5687,-0.003979687850875982,0.0,4,10000,[118.6213207296033],[2072.1312392225864],[0.994856704345161],20,0.012225003852320776
5688,0.007216999693262678,0.0,4,10000,[118.6213207296033],[2072.1312392225864],[0.994856704345161],20,0.012225003852320776
5689,0.012803923430180532,0.0,4,10000,[118.6213207296033],[2072.1312392225864],[0.994856704345161],20,0.012225003852320776
5690,-0.0039237443176861255,0.0,4,10000,[118.6213207296033],[2072.1312392225864],[0.994856704345161],20,0.012225003852320776
5691,0.009744744159369193,0.0,4,10000,[118.6213207296033],[2072.1312392225864],[0.994856704345161],20,0.012225003852320776
5692,-0.004598157530483175,0.0,4,10000,[118.6213207296033],[2072.1312392225864],[0.994856704345161],20,0.012225003852320776
5693,0.0007449828054443563,0.0,4,10000,[118.6213207296033],[2072.1312392225864],[0.994856704345161],20,0.012225003852320776
5694,-0.015991038881041877,0.0,4,10000,[118.6213207296033],[2072.1312392225864],[0.994856704345161],20,0.012225003852320776
5695,-0.0015384377140468652,0.0,4,10000,[118.6213207296033],[2072.1312392225864],[0.994856704345161],20,0.012225003852320776
5696,-0.013414505578751535,0.0,4,10000,[118.6213207296033],[2072.1312392225864],[0.994856704345161],20,0.012225003852320776
5697,-0.011621023086274005,0.0,4,10000,[118.6213207296033],[2072.1312392225864],[0.994856704345161],20,0.012225003852320776
5698,-0.004709737291652474,0.0,4,10000,[118.6213207296033],[2072.1312392225864],[0.994856704345161],20,0.012225003852320776
5699,0.009422646101125828,0.0,4,10000,[118.6213207296033],[2072.1312392225864],[0.994856704345161],20,0.012225003852320776
5700,-0.008846069097011607,0.0,4,10000,[118.6213207296033],[2072.1312392225864],[0.994856704345161],20,0.012225003852320776
5701,0.011567449370960969,0.0,4,10000,[118.6213207296033],[2072.1312392225864],[0.994856704345161],20,0.012225003852320776
5702,-0.00644894230420306,0.0,4,10000,[118.6213207296033],[2072.1312392225864],[0.994856704345161],20,0.012225003852320776
5703,0.010770647583634475,0.0,4,10000,[118.6213207296033],[2072.1312392225864],[0.994856704345161],20,0.012225003852320776
5704,0.0039284660605538434,0.0,4,10000,[118.6213207296033],[2072.1312392225864],[0.994856704345161],20,0.012225003852320776
5705,-0.01607815253770709,0.0,4,10000,[118.6213207296033],[2072.1312392225864],[0.994856704345161],20,0.012225003852320776
5706,-0.0019368407226575438,0.0,4,10000,[118.6213207296033],[2072.1312392225864],[0.994856704345161],20,0.012225003852320776
5707,0.0020336899182558615,0.0,4,10000,[118.6213207296033],[2072.1312392225864],[0.994856704345161],20,0.012225003852320776
5708,-0.010765064362587166,0.0,4,10000,[118.6213207296033],[2072.1312392225864],[0.994856704345161],20,0.012225003852320776
5709,-0.015451894165181005,0.0,4,10000,[118.6213207296033],[2072.1312392225864],[0.994856704345161],20,0.012225003852320776
5710,0.005531728409061997,0.0,4,10000,[118.6213207296033],[2072.1312392225864],[0.994856704345161],20,0.012225003852320776
5711,0.014864224362362928,0.0,4,10000,[118.6213207296033],[2072.1312392225864],[0.994856704345161],20,0.012225003852320776
5712,-0.004431109464143332,0.0,4,10000,[118.6213207296033],[2072.1312392225864],[0.994856704345161],20,0.012225003852320776
5713,0.012386375895447745,0.0,4,10000,[118.6213207296033],[2072.1312392225864],[0.994856704345161],20,0.012225003852320776
5714,0.010070645324267359,0.0,4,10000,[118.6213207296033],[2072.1312392225864],[0.994856704345161],20,0.012225003852320776
5715,-0.02739557116420637,0.0,4,10000,[118.6213207296033],[2072.1312392225864],[0.994856704345161],20,0.012225003852320776
5716,-0.006205362414926808,0.0,4,10000,[118.6213207296033],[2072.1312392225864],[0.994856704345161],20,0.012225003852320776
5717,-0.004704872057719235,0.0,4,10000,[118.6213207296033],[2072.1312392225864],[0.994856704345161],20,0.012225003852320776
5718,0.013920728192600831,0.0,4,10000,[118.6213207296033],[2072.1312392225864],[0.994856704345161],20,0.012225003852320776
5719,0.010875480182270648,0.0,4,10000,[118.6213207296033],[2072.1312392225864],[0.994856704345161],20,0.012225003852320776
5720,-0.001454972728614273,0.0,4,10000,[118.6213207296033],[2072.1312392225864],[0.994856704345161],20,0.012225003852320776
5721,-0.007571716554371985,0.0,4,10000,[118.6213207296033],[2072.1312392225864],[0.994856704345161],20,0.012225003852320776
5722,0.002227856548049502,0.0,4,10000,[118.6213207296033],[2072.1312392225864],[0.994856704345161],20,0.012225003852320776
5723,-0.014098850149011037,0.0,4,10000,[118.6213207296033],[2072.1312392225864],[0.994856704345161],20,0.012225003852320776
5724,-0.011673392229131498,0.0,4,10000,[118.6213207296033],[2072.1312392225864],[0.994856704345161],20,0.012225003852320776
5725,0.014461438042216975,0.0,4,10000,[118.6213207296033],[2072.1312392225864],[0.994856704345161],20,0.012225003852320776
5726,0.011654168077613087,0.0,4,10000,[118.6213207296033],[2072.1312392225864],[0.994856704345161],20,0.012225003852320776
5727,-0.008022975202362613,0.0,4,10000,[118.6213207296033],[2072.1312392225864],[0.994856704345161],20,0.012225003852320776
5728,0.006735169168294364,0.0,4,10000,[118.6213207296033],[2072.1312392225864],[0.994856704345161],20,0.012225003852320776
5729,0.020442472708324697,0.0,4,10000,[118.6213207296033],[2072.1312392225864],[0.994856704345161],20,0.012225003852320776
5730,0.016020742731728904,0.0,4,10000,[118.6213207296033],[2072.1312392225864],[0.994856704345161],20,0.012225003852320776
5731,0.00598089393342279,0.0,4,10000,[118.6213207296033],[2072.1312392225864],[0.994856704345161],20,0.012225003852320776
5732,0.00023209898826340855,0.0,4,10000,[118.6213207296033],[2072.1312392225864],[0.994856704345161],20,0.012225003852320776
5733,0.0033157936032804807,0.0,4,10000,[118.6213207296033],[2072.1312392225864],[0.994856704345161],20,0.012225003852320776
5734,-0.014494307002963976,0.0,4,10000,[118.6213207296033],[2072.1312392225864],[0.994856704345161],20,0.012225003852320776
5735,-0.013158124914066593,0.0,4,10000,[118.6213207296033],[2072.1312392225864],[0.994856704345161],20,0.012225003852320776
5736,-0.00011839324502890188,0.0,4,10000,[118.6213207296033],[2072.1312392225864],[0.994856704345161],20,0.012225003852320776
5737,0.007965549643919916,0.0,4,10000,[118.6213207296033],[2072.1312392225864],[0.994856704345161],20,0.012225003852320776
5738,-0.014331445736531645,0.0,4,10000,[118.6213207296033],[2072.1312392225864],[0.994856704345161],20,0.012225003852320776
5739,0.008584316086993898,0.0,4,10000,[118.6213207296033],[2072.1312392225864],[0.994856704345161],20,0.012225003852320776
5740,0.014895855781160386,0.0,4,10000,[118.6213207296033],[2072.1312392225864],[0.994856704345161],20,0.012225003852320776
5741,-0.015783897516453767,0.0,4,10000,[118.6213207296033],[2072.1312392225864],[0.994856704345161],20,0.012225003852320776
5742,0.009879139758219914,0.0,4,10000,[118.6213207296033],[2072.1312392225864],[0.994856704345161],20,0.012225003852320776
5743,-0.01462958498988714,0.0,4,10000,[118.6213207296033],[2072.1312392225864],[0.994856704345161],20,0.012225003852320776
5744,-0.0056318327495247875,0.0,4,10000,[118.6213207296033],[2072.1312392225864],[0.994856704345161],20,0.012225003852320776
5745,-0.0015127104116290971,0.0,4,10000,[118.6213207296033],[2072.1312392225864],[0.994856704345161],20,0.012225003852320776
5746,-0.0016610970518970572,0.0,4,10000,[118.6213207296033],[2072.1312392225864],[0.994856704345161],20,0.012225003852320776
5747,-0.010526174570622616,0.0,4,10000,[118.6213207296033],[2072.1312392225864],[0.994856704345161],20,0.012225003852320776
5748,-0.01700034990120527,0.0,4,10000,[118.6213207296033],[2072.1312392225864],[0.994856704345161],20,0.012225003852320776
5749,0.00039985421262405063,0.0,4,10000,[118.6213207296033],[2072.1312392225864],[0.994856704345161],20,0.012225003852320776
5750,-0.004847292482359049,0.0,4,10000,[118.6213207296033],[2072.1312392225864],[0.994856704345161],20,0.012225003852320776
5751,-0.008243952222710479,0.0,4,10000,[118.6213207296033],[2072.1312392225864],[0.994856704345161],20,0.012225003852320776
5752,0.0022758908572221965,0.0,4,10000,[118.6213207296033],[2072.1312392225864],[0.994856704345161],20,0.012225003852320776
5753,-0.017234521012585696,0.0,4,10000,[118.6213207296033],[2072.1312392225864],[0.994856704345161],20,0.012225003852320776
5754,0.021472839895549243,0.0,4,10000,[118.6213207296033],[2072.1312392225864],[0.994856704345161],20,0.012225003852320776
5755,-0.011127815309647791,0.0,4,10000,[118.6213207296033],[2072.1312392225864],[0.994856704345161],20,0.012225003852320776
5756,0.008366855166117806,0.0,4,10000,[118.6213207296033],[2072.1312392225864],[0.994856704345161],20,0.012225003852320776
5757,0.009818265174521043,0.0,4,10000,[118.6213207296033],[2072.1312392225864],[0.994856704345161],20,0.012225003852320776
5758,0.030769666329478036,0.0,4,10000,[118.6213207296033],[2072.1312392225864],[0.994856704345161],20,0.012225003852320776
5759,-0.007974337986494105,0.0,4,10000,[118.6213207296033],[2072.1312392225864],[0.994856704345161],20,0.012225003852320776
5760,-0.004052504769240975,0.0,4,10000,[118.6213207296033],[2072.1312392225864],[0.994856704345161],20,0.012225003852320776
5761,0.00888973454881316,0.0,4,10000,[118.6213207296033],[2072.1312392225864],[0.994856704345161],20,0.012225003852320776
5762,-0.0005312529972044488,0.0,4,10000,[118.6213207296033],[2072.1312392225864],[0.994856704345161],20,0.012225003852320776
5763,0.017247680107392558,0.0,4,10000,[118.6213207296033],[2072.1312392225864],[0.994856704345161],20,0.012225003852320776
5764,0.004965186172452031,0.0,4,10000,[118.6213207296033],[2072.1312392225864],[0.994856704345161],20,0.012225003852320776
5765,0.00461627469858622,0.0,4,10000,[118.6213207296033],[2072.1312392225864],[0.994856704345161],20,0.012225003852320776
5766,0.007155538460410439,0.0,4,10000,[118.6213207296033],[2072.1312392225864],[0.994856704345161],20,0.012225003852320776
5767,0.007314242854118222,0.0,4,10000,[118.6213207296033],[2072.1312392225864],[0.994856704345161],20,0.012225003852320776
5768,0.006763652077815279,0.0,4,10000,[118.6213207296033],[2072.1312392225864],[0.994856704345161],20,0.012225003852320776
5769,-0.01290584750638489,0.0,4,10000,[118.6213207296033],[2072.1312392225864],[0.994856704345161],20,0.012225003852320776
5770,0.0048642472002591725,0.0,4,10000,[118.6213207296033],[2072.1312392225864],[0.994856704345161],20,0.012225003852320776
5771,0.0007280965121322137,0.0,4,10000,[118.6213207296033],[2072.1312392225864],[0.994856704345161],20,0.012225003852320776
5772,-0.015340099854683596,0.0,4,10000,[118.6213207296033],[2072.1312392225864],[0.994856704345161],20,0.012225003852320776
5773,-0.010788110986799965,0.0,4,10000,[118.6213207296033],[2072.1312392225864],[0.994856704345161],20,0.012225003852320776
5774,-0.005403677399002598,0.0,4,10000,[118.6213207296033],[2072.1312392225864],[0.994856704345161],20,0.012225003852320776
5775,-0.003820547977792146,0.0,4,10000,[118.6213207296033],[2072.1312392225864],[0.994856704345161],20,0.012225003852320776
5776,-0.014793142786794092,0.0,4,10000,[118.6213207296033],[2072.1312392225864],[0.994856704345161],20,0.012225003852320776
5777,-0.018840250069116004,0.0,4,10000,[118.6213207296033],[2072.1312392225864],[0.994856704345161],20,0.012225003852320776
5778,-0.0007755601657860751,0.0,4,10000,[118.6213207296033],[2072.1312392225864],[0.994856704345161],20,0.012225003852320776
5779,-0.00048241742960298455,0.0,4,10000,[118.6213207296033],[2072.1312392225864],[0.994856704345161],20,0.012225003852320776
5780,-0.001257403749716295,0.0,4,10000,[118.6213207296033],[2072.1312392225864],[0.994856704345161],20,0.012225003852320776
5781,-0.010097286457772638,0.0,4,10000,[118.6213207296033],[2072.1312392225864],[0.994856704345161],20,0.012225003852320776
5782,0.013567443657149023,0.0,4,10000,[118.6213207296033],[2072.1312392225864],[0.994856704345161],20,0.012225003852320776
5783,-0.004814406848524558,0.0,4,10000,[118.6213207296033],[2072.1312392225864],[0.994856704345161],20,0.012225003852320776
5784,0.004258428233583533,0.0,4,10000,[118.6213207296033],[2072.1312392225864],[0.994856704345161],20,0.012225003852320776
5785,-0.027322837271344037,0.0,4,10000,[118.6213207296033],[2072.1312392225864],[0.994856704345161],20,0.012225003852320776
5786,-0.0016930672784023519,0.0,4,10000,[118.6213207296033],[2072.1312392225864],[0.994856704345161],20,0.012225003852320776
5787,-0.009415786600462656,0.0,4,10000,[118.6213207296033],[2072.1312392225864],[0.994856704345161],20,0.012225003852320776
5788,-0.002790325275999649,0.0,4,10000,[118.6213207296033],[2072.1312392225864],[0.994856704345161],20,0.012225003852320776
5789,0.0011094273587756943,0.0,4,10000,[118.6213207296033],[2072.1312392225864],[0.994856704345161],20,0.012225003852320776
5790,-0.024822481287708566,0.0,4,10000,[118.6213207296033],[2072.1312392225864],[0.994856704345161],20,0.012225003852320776
5791,-0.003442355185667384,0.0,4,10000,[118.6213207296033],[2072.1312392225864],[0.994856704345161],20,0.012225003852320776
5792,0.0003858229680833119,0.0,4,10000,[118.6213207296033],[2072.1312392225864],[0.994856704345161],20,0.012225003852320776
5793,-0.003658550278311101,0.0,4,10000,[118.6213207296033],[2072.1312392225864],[0.994856704345161],20,0.012225003852320776
5794,0.01187814563959645,0.0,4,10000,[118.6213207296033],[2072.1312392225864],[0.994856704345161],20,0.012225003852320776
5795,-0.0034831316011802115,0.0,4,10000,[118.6213207296033],[2072.1312392225864],[0.994856704345161],20,0.012225003852320776
5796,0.0033426145528864465,0.0,4,10000,[118.6213207296033],[2072.1312392225864],[0.994856704345161],20,0.012225003852320776
5797,-0.001848071685146649,0.0,4,10000,[118.6213207296033],[2072.1312392225864],[0.994856704345161],20,0.012225003852320776
5798,-0.006081473933367899,0.0,4,10000,[118.6213207296033],[2072.1312392225864],[0.994856704345161],20,0.012225003852320776
5799,0.01811759110673,0.0,4,10000,[118.6213207296033],[2072.1312392225864],[0.994856704345161],20,0.012225003852320776
5800,0.01248149476266358,0.0,4,10000,[118.6213207296033],[2072.1312392225864],[0.994856704345161],20,0.012225003852320776
5801,0.015500968585825428,0.0,4,10000,[118.6213207296033],[2072.1312392225864],[0.994856704345161],20,0.012225003852320776
5802,0.007760823069876668,0.0,4,10000,[118.6213207296033],[2072.1312392225864],[0.994856704345161],20,0.012225003852320776
5803,0.010692133163504829,0.0,4,10000,[118.6213207296033],[2072.1312392225864],[0.994856704345161],20,0.012225003852320776
5804,-0.013657279814054804,0.0,4,10000,[118.6213207296033],[2072.1312392225864],[0.994856704345161],20,0.012225003852320776
5805,-0.01925665547014656,0.0,4,10000,[118.6213207296033],[2072.1312392225864],[0.994856704345161],20,0.012225003852320776
5806,0.025322703160561916,0.0,4,10000,[118.6213207296033],[2072.1312392225864],[0.994856704345161],20,0.012225003852320776
5807,0.0022657532407849294,0.0,4,10000,[118.6213207296033],[2072.1312392225864],[0.994856704345161],20,0.012225003852320776
5808,-0.004079703796796938,0.0,4,10000,[118.6213207296033],[2072.1312392225864],[0.994856704345161],20,0.012225003852320776
5809,-0.016482000524042677,0.0,4,10000,[118.6213207296033],[2072.1312392225864],[0.994856704345161],20,0.012225003852320776
5810,-0.008128580488275876,0.0,4,10000,[118.6213207296033],[2072.1312392225864],[0.994856704345161],20,0.012225003852320776
5811,0.006960776173680621,0.0,4,10000,[118.6213207296033],[2072.1312392225864],[0.994856704345161],20,0.012225003852320776
5812,-0.005280531375944856,0.0,4,10000,[118.6213207296033],[2072.1312392225864],[0.994856704345161],20,0.012225003852320776
5813,-0.005590561817860364,0.0,4,10000,[118.6213207296033],[2072.1312392225864],[0.994856704345161],20,0.012225003852320776
5814,0.028402762579526047,0.0,4,10000,[118.6213207296033],[2072.1312392225864],[0.994856704345161],20,0.012225003852320776
5815,0.006895611583166211,0.0,4,10000,[118.6213207296033],[2072.1312392225864],[0.994856704345161],20,0.012225003852320776
5816,-0.0015936519012895083,0.0,4,10000,[118.6213207296033],[2072.1312392225864],[0.994856704345161],20,0.012225003852320776
5817,-0.0018093045843293424,0.0,4,10000,[118.6213207296033],[2072.1312392225864],[0.994856704345161],20,0.012225003852320776
5818,0.00010713204055337024,0.0,4,10000,[118.6213207296033],[2072.1312392225864],[0.994856704345161],20,0.012225003852320776
5819,0.003596712389187611,0.0,4,10000,[118.6213207296033],[2072.1312392225864],[0.994856704345161],20,0.012225003852320776
5820,7.029076140192071e-05,0.0,4,10000,[118.6213207296033],[2072.1312392225864],[0.994856704345161],20,0.012225003852320776
5821,-0.002347936439671406,0.0,4,10000,[118.6213207296033],[2072.1312392225864],[0.994856704345161],20,0.012225003852320776
5822,-0.02372703831662593,0.0,4,10000,[118.6213207296033],[2072.1312392225864],[0.994856704345161],20,0.012225003852320776
5823,0.02430733393699218,0.0,4,10000,[118.6213207296033],[2072.1312392225864],[0.994856704345161],20,0.012225003852320776
5824,-0.016383870879620205,0.0,4,10000,[118.6213207296033],[2072.1312392225864],[0.994856704345161],20,0.012225003852320776
5825,-0.005557566226933751,0.0,4,10000,[118.6213207296033],[2072.1312392225864],[0.994856704345161],20,0.012225003852320776
5826,0.010044711199136832,0.0,4,10000,[118.6213207296033],[2072.1312392225864],[0.994856704345161],20,0.012225003852320776
5827,-0.006927571564066959,0.0,4,10000,[118.6213207296033],[2072.1312392225864],[0.994856704345161],20,0.012225003852320776
5828,-0.009644560159138171,0.0,4,10000,[118.6213207296033],[2072.1312392225864],[0.994856704345161],20,0.012225003852320776
5829,0.0021195861367033953,0.0,4,10000,[118.6213207296033],[2072.1312392225864],[0.994856704345161],20,0.012225003852320776
5830,-0.00835958372716747,0.0,4,10000,[118.6213207296033],[2072.1312392225864],[0.994856704345161],20,0.012225003852320776
5831,-0.005838857038255606,0.0,4,10000,[118.6213207296033],[2072.1312392225864],[0.994856704345161],20,0.012225003852320776
5832,0.004400858736169736,0.0,4,10000,[118.6213207296033],[2072.1312392225864],[0.994856704345161],20,0.012225003852320776
5833,-0.0020420775650640452,0.0,4,10000,[118.6213207296033],[2072.1312392225864],[0.994856704345161],20,0.012225003852320776
5834,0.009481562387646452,0.0,4,10000,[118.6213207296033],[2072.1312392225864],[0.994856704345161],20,0.012225003852320776
5835,0.013973995836260612,0.0,4,10000,[118.6213207296033],[2072.1312392225864],[0.994856704345161],20,0.012225003852320776
5836,0.007039809320171376,0.0,4,10000,[118.6213207296033],[2072.1312392225864],[0.994856704345161],20,0.012225003852320776
5837,4.76265520327138e-05,0.0,4,10000,[118.6213207296033],[2072.1312392225864],[0.994856704345161],20,0.012225003852320776
5838,0.004530665218958165,0.0,4,10000,[118.6213207296033],[2072.1312392225864],[0.994856704345161],20,0.012225003852320776
5839,-0.0032327564678486585,0.0,4,10000,[118.6213207296033],[2072.1312392225864],[0.994856704345161],20,0.012225003852320776
5840,-0.02385799493135212,0.0,4,10000,[118.6213207296033],[2072.1312392225864],[0.994856704345161],20,0.012225003852320776
5841,-0.015468101099093925,0.0,4,10000,[118.6213207296033],[2072.1312392225864],[0.994856704345161],20,0.012225003852320776
5842,0.007639641480727359,0.0,4,10000,[118.6213207296033],[2072.1312392225864],[0.994856704345161],20,0.012225003852320776
5843,-0.0026065093043358425,0.0,4,10000,[118.6213207296033],[2072.1312392225864],[0.994856704345161],20,0.012225003852320776
5844,0.008117214762910621,0.0,4,10000,[118.6213207296033],[2072.1312392225864],[0.994856704345161],20,0.012225003852320776
5845,0.0031940286428117654,0.0,4,10000,[118.6213207296033],[2072.1312392225864],[0.994856704345161],20,0.012225003852320776
5846,-0.0017266270084302325,0.0,4,10000,[118.6213207296033],[2072.1312392225864],[0.994856704345161],20,0.012225003852320776
5847,-0.0005499882519250581,0.0,4,10000,[118.6213207296033],[2072.1312392225864],[0.994856704345161],20,0.012225003852320776
5848,0.007282659508224001,0.0,4,10000,[118.6213207296033],[2072.1312392225864],[0.994856704345161],20,0.012225003852320776
5849,0.008211619711498397,0.0,4,10000,[118.6213207296033],[2072.1312392225864],[0.994856704345161],20,0.012225003852320776
5850,0.005873020166820404,0.0,4,10000,[118.6213207296033],[2072.1312392225864],[0.994856704345161],20,0.012225003852320776
5851,-0.004902006878610861,0.0,4,10000,[118.6213207296033],[2072.1312392225864],[0.994856704345161],20,0.012225003852320776
5852,0.015704834341932542,0.0,4,10000,[118.6213207296033],[2072.1312392225864],[0.994856704345161],20,0.012225003852320776
5853,-0.022225641846670575,0.0,4,10000,[118.6213207296033],[2072.1312392225864],[0.994856704345161],20,0.012225003852320776
5854,0.004787972327593986,0.0,4,10000,[118.6213207296033],[2072.1312392225864],[0.994856704345161],20,0.012225003852320776
5855,0.010088402985033247,0.0,4,10000,[118.6213207296033],[2072.1312392225864],[0.994856704345161],20,0.012225003852320776
5856,0.0038947839811442377,0.0,4,10000,[118.6213207296033],[2072.1312392225864],[0.994856704345161],20,0.012225003852320776
5857,-0.016450324131957822,0.0,4,10000,[118.6213207296033],[2072.1312392225864],[0.994856704345161],20,0.012225003852320776
5858,-0.027000342368068548,0.0,4,10000,[118.6213207296033],[2072.1312392225864],[0.994856704345161],20,0.012225003852320776
5859,-0.006260642525251579,0.0,4,10000,[118.6213207296033],[2072.1312392225864],[0.994856704345161],20,0.012225003852320776
5860,-0.002510967320384708,0.0,4,10000,[118.6213207296033],[2072.1312392225864],[0.994856704345161],20,0.012225003852320776
5861,0.0002168258351781191,0.0,4,10000,[118.6213207296033],[2072.1312392225864],[0.994856704345161],20,0.012225003852320776
5862,-0.00720734353024182,0.0,4,10000,[118.6213207296033],[2072.1312392225864],[0.994856704345161],20,0.012225003852320776
5863,-0.00044415457276635305,0.0,4,10000,[118.6213207296033],[2072.1312392225864],[0.994856704345161],20,0.012225003852320776
5864,-0.003919524922367728,0.0,4,10000,[118.6213207296033],[2072.1312392225864],[0.994856704345161],20,0.012225003852320776
5865,-0.007093991574173616,0.0,4,10000,[118.6213207296033],[2072.1312392225864],[0.994856704345161],20,0.012225003852320776
5866,-0.013328458743908745,0.0,4,10000,[118.6213207296033],[2072.1312392225864],[0.994856704345161],20,0.012225003852320776
5867,-0.014740634706931169,0.0,4,10000,[118.6213207296033],[2072.1312392225864],[0.994856704345161],20,0.012225003852320776
5868,0.009218177287708547,0.0,4,10000,[118.6213207296033],[2072.1312392225864],[0.994856704345161],20,0.012225003852320776
5869,-0.009872086513688103,0.0,4,10000,[118.6213207296033],[2072.1312392225864],[0.994856704345161],20,0.012225003852320776
5870,0.022819526486234455,0.0,4,10000,[118.6213207296033],[2072.1312392225864],[0.994856704345161],20,0.012225003852320776
5871,0.016270740117463635,0.0,4,10000,[118.6213207296033],[2072.1312392225864],[0.994856704345161],20,0.012225003852320776
5872,-0.005820155786858468,0.0,4,10000,[118.6213207296033],[2072.1312392225864],[0.994856704345161],20,0.012225003852320776
5873,-0.007653078532447389,0.0,4,10000,[118.6213207296033],[2072.1312392225864],[0.994856704345161],20,0.012225003852320776
5874,-0.0027324951206820977,0.0,4,10000,[118.6213207296033],[2072.1312392225864],[0.994856704345161],20,0.012225003852320776
5875,0.021166165002334644,0.0,4,10000,[118.6213207296033],[2072.1312392225864],[0.994856704345161],20,0.012225003852320776
5876,-0.026068671276227535,0.0,4,10000,[118.6213207296033],[2072.1312392225864],[0.994856704345161],20,0.012225003852320776
5877,-0.014994730036078176,0.0,4,10000,[118.6213207296033],[2072.1312392225864],[0.994856704345161],20,0.012225003852320776
5878,-0.017748564268988496,0.0,4,10000,[118.6213207296033],[2072.1312392225864],[0.994856704345161],20,0.012225003852320776
5879,-0.01622621258042277,0.0,4,10000,[118.6213207296033],[2072.1312392225864],[0.994856704345161],20,0.012225003852320776
5880,-0.013379863870958658,0.0,4,10000,[118.6213207296033],[2072.1312392225864],[0.994856704345161],20,0.012225003852320776
5881,0.005339332352169996,0.0,4,10000,[118.6213207296033],[2072.1312392225864],[0.994856704345161],20,0.012225003852320776
5882,-0.007627612764075647,0.0,4,10000,[118.6213207296033],[2072.1312392225864],[0.994856704345161],20,0.012225003852320776
5883,-0.0004900562914414348,0.0,4,10000,[118.6213207296033],[2072.1312392225864],[0.994856704345161],20,0.012225003852320776
5884,0.009423511633978122,0.0,4,10000,[118.6213207296033],[2072.1312392225864],[0.994856704345161],20,0.012225003852320776
5885,0.007062007328385837,0.0,4,10000,[118.6213207296033],[2072.1312392225864],[0.994856704345161],20,0.012225003852320776
5886,0.003023716465944576,0.0,4,10000,[118.6213207296033],[2072.1312392225864],[0.994856704345161],20,0.012225003852320776
5887,0.0005508532700833626,0.0,4,10000,[118.6213207296033],[2072.1312392225864],[0.994856704345161],20,0.012225003852320776
5888,0.015431883120146652,0.0,4,10000,[118.6213207296033],[2072.1312392225864],[0.994856704345161],20,0.012225003852320776
5889,-0.005257677734565109,0.0,4,10000,[118.6213207296033],[2072.1312392225864],[0.994856704345161],20,0.012225003852320776
5890,0.010563423364889291,0.0,4,10000,[118.6213207296033],[2072.1312392225864],[0.994856704345161],20,0.012225003852320776
5891,-0.019587213023983384,0.0,4,10000,[118.6213207296033],[2072.1312392225864],[0.994856704345161],20,0.012225003852320776
5892,0.006065287028893287,0.0,4,10000,[118.6213207296033],[2072.1312392225864],[0.994856704345161],20,0.012225003852320776
5893,0.007740938919776929,0.0,4,10000,[118.6213207296033],[2072.1312392225864],[0.994856704345161],20,0.012225003852320776
5894,0.01991170111317193,0.0,4,10000,[118.6213207296033],[2072.1312392225864],[0.994856704345161],20,0.012225003852320776
5895,0.012748648062007753,0.0,4,10000,[118.6213207296033],[2072.1312392225864],[0.994856704345161],20,0.012225003852320776
5896,0.019802244532846906,0.0,4,10000,[118.6213207296033],[2072.1312392225864],[0.994856704345161],20,0.012225003852320776
5897,0.005649834125287277,0.0,4,10000,[118.6213207296033],[2072.1312392225864],[0.994856704345161],20,0.012225003852320776
5898,-0.0007344162537255703,0.0,4,10000,[118.6213207296033],[2072.1312392225864],[0.994856704345161],20,0.012225003852320776
5899,-0.006187792508338334,0.0,4,10000,[118.6213207296033],[2072.1312392225864],[0.994856704345161],20,0.012225003852320776
5900,0.0008987837880077848,0.0,4,10000,[118.6213207296033],[2072.1312392225864],[0.994856704345161],20,0.012225003852320776
5901,0.009251719249948205,0.0,4,10000,[118.6213207296033],[2072.1312392225864],[0.994856704345161],20,0.012225003852320776
5902,0.006174307856693207,0.0,4,10000,[118.6213207296033],[2072.1312392225864],[0.994856704345161],20,0.012225003852320776
5903,0.007912157425962971,0.0,4,10000,[118.6213207296033],[2072.1312392225864],[0.994856704345161],20,0.012225003852320776
5904,-0.002810905568151203,0.0,4,10000,[118.6213207296033],[2072.1312392225864],[0.994856704345161],20,0.012225003852320776
5905,-0.00429009664667478,0.0,4,10000,[118.6213207296033],[2072.1312392225864],[0.994856704345161],20,0.012225003852320776
5906,-0.018523023992253786,0.0,4,10000,[118.6213207296033],[2072.1312392225864],[0.994856704345161],20,0.012225003852320776
5907,0.005785506716469892,0.0,4,10000,[118.6213207296033],[2072.1312392225864],[0.994856704345161],20,0.012225003852320776
5908,0.024251545575556074,0.0,4,10000,[118.6213207296033],[2072.1312392225864],[0.994856704345161],20,0.012225003852320776
5909,0.008857293450941186,0.0,4,10000,[118.6213207296033],[2072.1312392225864],[0.994856704345161],20,0.012225003852320776
5910,0.01582572374469265,0.0,4,10000,[118.6213207296033],[2072.1312392225864],[0.994856704345161],20,0.012225003852320776
5911,-0.017553637563660324,0.0,4,10000,[118.6213207296033],[2072.1312392225864],[0.994856704345161],20,0.012225003852320776
5912,0.003622449571678954,0.0,4,10000,[118.6213207296033],[2072.1312392225864],[0.994856704345161],20,0.012225003852320776
5913,0.01233839956147137,0.0,4,10000,[118.6213207296033],[2072.1312392225864],[0.994856704345161],20,0.012225003852320776
5914,-0.005204938190026151,0.0,4,10000,[118.6213207296033],[2072.1312392225864],[0.994856704345161],20,0.012225003852320776
5915,-0.018343747335255556,0.0,4,10000,[118.6213207296033],[2072.1312392225864],[0.994856704345161],20,0.012225003852320776
5916,0.004278340720296691,0.0,4,10000,[118.6213207296033],[2072.1312392225864],[0.994856704345161],20,0.012225003852320776
5917,0.00925293487570275,0.0,4,10000,[118.6213207296033],[2072.1312392225864],[0.994856704345161],20,0.012225003852320776
5918,-0.0030889398558975115,0.0,4,10000,[118.6213207296033],[2072.1312392225864],[0.994856704345161],20,0.012225003852320776
5919,-0.009117312717685618,0.0,4,10000,[118.6213207296033],[2072.1312392225864],[0.994856704345161],20,0.012225003852320776
5920,0.012745041874553059,0.0,4,10000,[118.6213207296033],[2072.1312392225864],[0.994856704345161],20,0.012225003852320776
5921,0.0010988942331838479,0.0,4,10000,[118.6213207296033],[2072.1312392225864],[0.994856704345161],20,0.012225003852320776
5922,0.008224858598330144,0.0,4,10000,[118.6213207296033],[2072.1312392225864],[0.994856704345161],20,0.012225003852320776
5923,0.0029248581883317133,0.0,4,10000,[118.6213207296033],[2072.1312392225864],[0.994856704345161],20,0.012225003852320776
5924,0.008460274422454785,0.0,4,10000,[118.6213207296033],[2072.1312392225864],[0.994856704345161],20,0.012225003852320776
5925,0.007529349818701196,0.0,4,10000,[118.6213207296033],[2072.1312392225864],[0.994856704345161],20,0.012225003852320776
5926,0.007735938357969002,0.0,4,10000,[118.6213207296033],[2072.1312392225864],[0.994856704345161],20,0.012225003852320776
5927,0.006518969188588565,0.0,4,10000,[118.6213207296033],[2072.1312392225864],[0.994856704345161],20,0.012225003852320776
5928,-0.007057069763345857,0.0,4,10000,[118.6213207296033],[2072.1312392225864],[0.994856704345161],20,0.012225003852320776
5929,-0.007106023768542201,0.0,4,10000,[118.6213207296033],[2072.1312392225864],[0.994856704345161],20,0.012225003852320776
5930,0.004129112029024032,0.0,4,10000,[118.6213207296033],[2072.1312392225864],[0.994856704345161],20,0.012225003852320776
5931,0.005036492861407759,0.0,4,10000,[118.6213207296033],[2072.1312392225864],[0.994856704345161],20,0.012225003852320776
5932,-0.02437626787899216,0.0,4,10000,[118.6213207296033],[2072.1312392225864],[0.994856704345161],20,0.012225003852320776
5933,0.017201844877693207,0.0,4,10000,[118.6213207296033],[2072.1312392225864],[0.994856704345161],20,0.012225003852320776
5934,-0.013444567046194076,0.0,4,10000,[118.6213207296033],[2072.1312392225864],[0.994856704345161],20,0.012225003852320776
5935,-0.0035958661381937634,0.0,4,10000,[118.6213207296033],[2072.1312392225864],[0.994856704345161],20,0.012225003852320776
5936,-0.01394612449474675,0.0,4,10000,[118.6213207296033],[2072.1312392225864],[0.994856704345161],20,0.012225003852320776
5937,-0.007191124296490694,0.0,4,10000,[118.6213207296033],[2072.1312392225864],[0.994856704345161],20,0.012225003852320776
5938,0.00880260296889089,0.0,4,10000,[118.6213207296033],[2072.1312392225864],[0.994856704345161],20,0.012225003852320776
5939,0.0015791115452784552,0.0,4,10000,[118.6213207296033],[2072.1312392225864],[0.994856704345161],20,0.012225003852320776
5940,-0.0013873371690271536,0.0,4,10000,[118.6213207296033],[2072.1312392225864],[0.994856704345161],20,0.012225003852320776
5941,0.006902962823352614,0.0,4,10000,[118.6213207296033],[2072.1312392225864],[0.994856704345161],20,0.012225003852320776
5942,-0.003920494607638839,0.0,4,10000,[118.6213207296033],[2072.1312392225864],[0.994856704345161],20,0.012225003852320776
5943,0.017593210006575356,0.0,4,10000,[118.6213207296033],[2072.1312392225864],[0.994856704345161],20,0.012225003852320776
5944,-0.012344058691398471,0.0,4,10000,[118.6213207296033],[2072.1312392225864],[0.994856704345161],20,0.012225003852320776
5945,0.0017087349587245788,0.0,4,10000,[118.6213207296033],[2072.1312392225864],[0.994856704345161],20,0.012225003852320776
5946,-0.0036634517949082892,0.0,4,10000,[118.6213207296033],[2072.1312392225864],[0.994856704345161],20,0.012225003852320776
5947,-0.0027609349355800544,0.0,4,10000,[118.6213207296033],[2072.1312392225864],[0.994856704345161],20,0.012225003852320776
5948,0.01014429719133531,0.0,4,10000,[118.6213207296033],[2072.1312392225864],[0.994856704345161],20,0.012225003852320776
5949,-0.006933323614680409,0.0,4,10000,[118.6213207296033],[2072.1312392225864],[0.994856704345161],20,0.012225003852320776
5950,-0.009158015237110535,0.0,4,10000,[118.6213207296033],[2072.1312392225864],[0.994856704345161],20,0.012225003852320776
5951,0.010819569298654196,0.0,4,10000,[118.6213207296033],[2072.1312392225864],[0.994856704345161],20,0.012225003852320776
5952,-0.016522007515093577,0.0,4,10000,[118.6213207296033],[2072.1312392225864],[0.994856704345161],20,0.012225003852320776
5953,-0.010768424531549603,0.0,4,10000,[118.6213207296033],[2072.1312392225864],[0.994856704345161],20,0.012225003852320776
5954,-0.0028529990115195615,0.0,4,10000,[118.6213207296033],[2072.1312392225864],[0.994856704345161],20,0.012225003852320776
5955,-0.004710256591035056,0.0,4,10000,[118.6213207296033],[2072.1312392225864],[0.994856704345161],20,0.012225003852320776
5956,0.0011726764059081945,0.0,4,10000,[118.6213207296033],[2072.1312392225864],[0.994856704345161],20,0.012225003852320776
5957,0.018562824691225333,0.0,4,10000,[118.6213207296033],[2072.1312392225864],[0.994856704345161],20,0.012225003852320776
5958,-0.014960969571275604,0.0,4,10000,[118.6213207296033],[2072.1312392225864],[0.994856704345161],20,0.012225003852320776
5959,0.00204165680329378,0.0,4,10000,[118.6213207296033],[2072.1312392225864],[0.994856704345161],20,0.012225003852320776
5960,0.0051694689767386075,0.0,4,10000,[118.6213207296033],[2072.1312392225864],[0.994856704345161],20,0.012225003852320776
5961,-0.016488059572300325,0.0,4,10000,[118.6213207296033],[2072.1312392225864],[0.994856704345161],20,0.012225003852320776
5962,0.01819382422345384,0.0,4,10000,[118.6213207296033],[2072.1312392225864],[0.994856704345161],20,0.012225003852320776
5963,0.008513859110398337,0.0,4,10000,[118.6213207296033],[2072.1312392225864],[0.994856704345161],20,0.012225003852320776
5964,-0.009720905329553215,0.0,4,10000,[118.6213207296033],[2072.1312392225864],[0.994856704345161],20,0.012225003852320776
5965,0.013149704957010004,0.0,4,10000,[118.6213207296033],[2072.1312392225864],[0.994856704345161],20,0.012225003852320776
5966,-0.013072549362119332,0.0,4,10000,[118.6213207296033],[2072.1312392225864],[0.994856704345161],20,0.012225003852320776
5967,0.002648951912378652,0.0,4,10000,[118.6213207296033],[2072.1312392225864],[0.994856704345161],20,0.012225003852320776
5968,0.0012745667770802497,0.0,4,10000,[118.6213207296033],[2072.1312392225864],[0.994856704345161],20,0.012225003852320776
5969,-0.0009166477651341596,0.0,4,10000,[118.6213207296033],[2072.1312392225864],[0.994856704345161],20,0.012225003852320776
5970,0.002371446265511748,0.0,4,10000,[118.6213207296033],[2072.1312392225864],[0.994856704345161],20,0.012225003852320776
5971,-0.006484023692531184,0.0,4,10000,[118.6213207296033],[2072.1312392225864],[0.994856704345161],20,0.012225003852320776
5972,0.0015970799115071306,0.0,4,10000,[118.6213207296033],[2072.1312392225864],[0.994856704345161],20,0.012225003852320776
5973,-0.005218559077716696,0.0,4,10000,[118.6213207296033],[2072.1312392225864],[0.994856704345161],20,0.012225003852320776
5974,-0.003939995388937729,0.0,4,10000,[118.6213207296033],[2072.1312392225864],[0.994856704345161],20,0.012225003852320776
5975,0.0016322493531197855,0.0,4,10000,[118.6213207296033],[2072.1312392225864],[0.994856704345161],20,0.012225003852320776
5976,0.00166119364651257,0.0,4,10000,[118.6213207296033],[2072.1312392225864],[0.994856704345161],20,0.012225003852320776
5977,-0.017886355399682124,0.0,4,10000,[118.6213207296033],[2072.1312392225864],[0.994856704345161],20,0.012225003852320776
5978,-0.005558722294467939,0.0,4,10000,[118.6213207296033],[2072.1312392225864],[0.994856704345161],20,0.012225003852320776
5979,-0.0063600081669686614,0.0,4,10000,[118.6213207296033],[2072.1312392225864],[0.994856704345161],20,0.012225003852320776
5980,-0.0028844405088700393,0.0,4,10000,[118.6213207296033],[2072.1312392225864],[0.994856704345161],20,0.012225003852320776
5981,0.028103467095935763,0.0,4,10000,[118.6213207296033],[2072.1312392225864],[0.994856704345161],20,0.012225003852320776
5982,-0.0028605621374483974,0.0,4,10000,[118.6213207296033],[2072.1312392225864],[0.994856704345161],20,0.012225003852320776
5983,-0.007186957895070618,0.0,4,10000,[118.6213207296033],[2072.1312392225864],[0.994856704345161],20,0.012225003852320776
5984,0.013064552554306183,0.0,4,10000,[118.6213207296033],[2072.1312392225864],[0.994856704345161],20,0.012225003852320776
5985,-0.015456276044260345,0.0,4,10000,[118.6213207296033],[2072.1312392225864],[0.994856704345161],20,0.012225003852320776
5986,-0.009602369519542466,0.0,4,10000,[118.6213207296033],[2072.1312392225864],[0.994856704345161],20,0.012225003852320776
5987,-0.004050910643305906,0.0,4,10000,[118.6213207296033],[2072.1312392225864],[0.994856704345161],20,0.012225003852320776
5988,0.005639761080529688,0.0,4,10000,[118.6213207296033],[2072.1312392225864],[0.994856704345161],20,0.012225003852320776
5989,-0.00439030954929087,0.0,4,10000,[118.6213207296033],[2072.1312392225864],[0.994856704345161],20,0.012225003852320776
5990,-0.0029642130687789338,0.0,4,10000,[118.6213207296033],[2072.1312392225864],[0.994856704345161],20,0.012225003852320776
5991,0.0030960617725112947,0.0,4,10000,[118.6213207296033],[2072.1312392225864],[0.994856704345161],20,0.012225003852320776
5992,0.006292987582674574,0.0,4,10000,[118.6213207296033],[2072.1312392225864],[0.994856704345161],20,0.012225003852320776
5993,0.008532784078554541,0.0,4,10000,[118.6213207296033],[2072.1312392225864],[0.994856704345161],20,0.012225003852320776
5994,0.004163338055001777,0.0,4,10000,[118.6213207296033],[2072.1312392225864],[0.994856704345161],20,0.012225003852320776
5995,-0.0013794320007058224,0.0,4,10000,[118.6213207296033],[2072.1312392225864],[0.994856704345161],20,0.012225003852320776
5996,0.011527165484904147,0.0,4,10000,[118.6213207296033],[2072.1312392225864],[0.994856704345161],20,0.012225003852320776
5997,0.010080864373734923,0.0,4,10000,[118.6213207296033],[2072.1312392225864],[0.994856704345161],20,0.012225003852320776
5998,-0.018941317531575966,0.0,4,10000,[118.6213207296033],[2072.1312392225864],[0.994856704345161],20,0.012225003852320776
5999,-0.007950277946418813,0.0,4,10000,[118.6213207296033],[2072.1312392225864],[0.994856704345161],20,0.012225003852320776
6000,0.005622661308062904,0.0,4,10000,[118.6213207296033],[2072.1312392225864],[0.994856704345161],20,0.012225003852320776
6001,-0.006932316303280432,0.0,4,10000,[118.6213207296033],[2072.1312392225864],[0.994856704345161],20,0.012225003852320776
6002,0.01208130444525679,0.0,4,10000,[118.6213207296033],[2072.1312392225864],[0.994856704345161],20,0.012225003852320776
6003,0.008595263008592414,0.0,4,10000,[118.6213207296033],[2072.1312392225864],[0.994856704345161],20,0.012225003852320776
6004,0.009280335597213977,0.0,4,10000,[118.6213207296033],[2072.1312392225864],[0.994856704345161],20,0.012225003852320776
6005,-0.008617061004849992,0.0,4,10000,[118.6213207296033],[2072.1312392225864],[0.994856704345161],20,0.012225003852320776
6006,0.004380191558001366,0.0,4,10000,[118.6213207296033],[2072.1312392225864],[0.994856704345161],20,0.012225003852320776
6007,0.014106613336579987,0.0,4,10000,[118.6213207296033],[2072.1312392225864],[0.994856704345161],20,0.012225003852320776
6008,0.00956337204350254,0.0,4,10000,[118.6213207296033],[2072.1312392225864],[0.994856704345161],20,0.012225003852320776
6009,-0.009575477681617315,0.0,4,10000,[118.6213207296033],[2072.1312392225864],[0.994856704345161],20,0.012225003852320776
6010,-0.01255210884606092,0.0,4,10000,[118.6213207296033],[2072.1312392225864],[0.994856704345161],20,0.012225003852320776
6011,0.002915832450229863,0.0,4,10000,[118.6213207296033],[2072.1312392225864],[0.994856704345161],20,0.012225003852320776
6012,-0.017566817258542426,0.0,4,10000,[118.6213207296033],[2072.1312392225864],[0.994856704345161],20,0.012225003852320776
6013,-0.005133842152828438,0.0,4,10000,[118.6213207296033],[2072.1312392225864],[0.994856704345161],20,0.012225003852320776
6014,-0.02042404417880701,0.0,4,10000,[118.6213207296033],[2072.1312392225864],[0.994856704345161],20,0.012225003852320776
6015,-0.005315722594642376,0.0,4,10000,[118.6213207296033],[2072.1312392225864],[0.994856704345161],20,0.012225003852320776
6016,-0.020872963319843476,0.0,4,10000,[118.6213207296033],[2072.1312392225864],[0.994856704345161],20,0.012225003852320776
6017,-0.00941280205438128,0.0,4,10000,[118.6213207296033],[2072.1312392225864],[0.994856704345161],20,0.012225003852320776
6018,-0.010447639165012096,0.0,4,10000,[118.6213207296033],[2072.1312392225864],[0.994856704345161],20,0.012225003852320776
6019,-0.0010885094691037514,0.0,4,10000,[118.6213207296033],[2072.1312392225864],[0.994856704345161],20,0.012225003852320776
6020,-0.017148816543269472,0.0,4,10000,[118.6213207296033],[2072.1312392225864],[0.994856704345161],20,0.012225003852320776
6021,-0.010135574929606355,0.0,4,10000,[118.6213207296033],[2072.1312392225864],[0.994856704345161],20,0.012225003852320776
6022,0.011725066695041055,0.0,4,10000,[118.6213207296033],[2072.1312392225864],[0.994856704345161],20,0.012225003852320776
6023,0.022256557264979784,0.0,4,10000,[118.6213207296033],[2072.1312392225864],[0.994856704345161],20,0.012225003852320776
6024,0.011580575282476933,0.0,4,10000,[118.6213207296033],[2072.1312392225864],[0.994856704345161],20,0.012225003852320776
6025,0.013757810904371285,0.0,4,10000,[118.6213207296033],[2072.1312392225864],[0.994856704345161],20,0.012225003852320776
6026,-0.00843982201476429,0.0,4,10000,[118.6213207296033],[2072.1312392225864],[0.994856704345161],20,0.012225003852320776
6027,-0.0008543947393540119,0.0,4,10000,[118.6213207296033],[2072.1312392225864],[0.994856704345161],20,0.012225003852320776
6028,0.0031514227064746853,0.0,4,10000,[118.6213207296033],[2072.1312392225864],[0.994856704345161],20,0.012225003852320776
6029,-0.03051030455866654,0.0,4,10000,[118.6213207296033],[2072.1312392225864],[0.994856704345161],20,0.012225003852320776
6030,-0.025241688849310932,0.0,4,10000,[118.6213207296033],[2072.1312392225864],[0.994856704345161],20,0.012225003852320776
6031,-0.009744290186337524,0.0,4,10000,[118.6213207296033],[2072.1312392225864],[0.994856704345161],20,0.012225003852320776
6032,0.010626959608326778,0.0,4,10000,[118.6213207296033],[2072.1312392225864],[0.994856704345161],20,0.012225003852320776
6033,0.007665339241303143,0.0,4,10000,[118.6213207296033],[2072.1312392225864],[0.994856704345161],20,0.012225003852320776
6034,0.0012327691495259037,0.0,4,10000,[118.6213207296033],[2072.1312392225864],[0.994856704345161],20,0.012225003852320776
6035,0.011103891245918315,0.0,4,10000,[118.6213207296033],[2072.1312392225864],[0.994856704345161],20,0.012225003852320776
6036,-0.008479667584339295,0.0,4,10000,[118.6213207296033],[2072.1312392225864],[0.994856704345161],20,0.012225003852320776
6037,-0.00582332699053575,0.0,4,10000,[118.6213207296033],[2072.1312392225864],[0.994856704345161],20,0.012225003852320776
6038,-0.027458735616498434,0.0,4,10000,[118.6213207296033],[2072.1312392225864],[0.994856704345161],20,0.012225003852320776
6039,-0.01540876369610582,0.0,4,10000,[118.6213207296033],[2072.1312392225864],[0.994856704345161],20,0.012225003852320776
6040,-0.01369239071789559,0.0,4,10000,[118.6213207296033],[2072.1312392225864],[0.994856704345161],20,0.012225003852320776
6041,0.008430818944442772,0.0,4,10000,[118.6213207296033],[2072.1312392225864],[0.994856704345161],20,0.012225003852320776
6042,0.008045364407212631,0.0,4,10000,[118.6213207296033],[2072.1312392225864],[0.994856704345161],20,0.012225003852320776
6043,-0.004214695461921378,0.0,4,10000,[118.6213207296033],[2072.1312392225864],[0.994856704345161],20,0.012225003852320776
6044,0.004200084615925981,0.0,4,10000,[118.6213207296033],[2072.1312392225864],[0.994856704345161],20,0.012225003852320776
6045,-0.0051045430553124825,0.0,4,10000,[118.6213207296033],[2072.1312392225864],[0.994856704345161],20,0.012225003852320776
6046,0.014086804302728509,0.0,4,10000,[118.6213207296033],[2072.1312392225864],[0.994856704345161],20,0.012225003852320776
6047,0.004730384408781823,0.0,4,10000,[118.6213207296033],[2072.1312392225864],[0.994856704345161],20,0.012225003852320776
6048,0.0006921352922529062,0.0,4,10000,[118.6213207296033],[2072.1312392225864],[0.994856704345161],20,0.012225003852320776
6049,0.0020158026011217016,0.0,4,10000,[118.6213207296033],[2072.1312392225864],[0.994856704345161],20,0.012225003852320776
6050,-0.009104467785073816,0.0,4,10000,[118.6213207296033],[2072.1312392225864],[0.994856704345161],20,0.012225003852320776
6051,0.031147031571505765,0.0,4,10000,[118.6213207296033],[2072.1312392225864],[0.994856704345161],20,0.012225003852320776
6052,0.0030041914572656665,0.0,4,10000,[118.6213207296033],[2072.1312392225864],[0.994856704345161],20,0.012225003852320776
6053,0.0036018959836869226,0.0,4,10000,[118.6213207296033],[2072.1312392225864],[0.994856704345161],20,0.012225003852320776
6054,-0.028038274783257797,0.0,4,10000,[118.6213207296033],[2072.1312392225864],[0.994856704345161],20,0.012225003852320776
6055,0.013419803709172387,0.0,4,10000,[118.6213207296033],[2072.1312392225864],[0.994856704345161],20,0.012225003852320776
6056,0.006401206514785502,0.0,4,10000,[118.6213207296033],[2072.1312392225864],[0.994856704345161],20,0.012225003852320776
6057,0.0212090255999877,0.0,4,10000,[118.6213207296033],[2072.1312392225864],[0.994856704345161],20,0.012225003852320776
6058,0.0026277517428263883,0.0,4,10000,[118.6213207296033],[2072.1312392225864],[0.994856704345161],20,0.012225003852320776
6059,0.017979431372024984,0.0,4,10000,[118.6213207296033],[2072.1312392225864],[0.994856704345161],20,0.012225003852320776
6060,0.012185114869898943,0.0,4,10000,[118.6213207296033],[2072.1312392225864],[0.994856704345161],20,0.012225003852320776
6061,-0.011440240901232395,0.0,4,10000,[118.6213207296033],[2072.1312392225864],[0.994856704345161],20,0.012225003852320776
6062,-0.007396330747715939,0.0,4,10000,[118.6213207296033],[2072.1312392225864],[0.994856704345161],20,0.012225003852320776
6063,-0.01736616828787582,0.0,4,10000,[118.6213207296033],[2072.1312392225864],[0.994856704345161],20,0.012225003852320776
6064,0.0012211807511233244,0.0,4,10000,[118.6213207296033],[2072.1312392225864],[0.994856704345161],20,0.012225003852320776
6065,-5.520627646606551e-05,0.0,4,10000,[118.6213207296033],[2072.1312392225864],[0.994856704345161],20,0.012225003852320776
6066,0.004048197938905446,0.0,4,10000,[118.6213207296033],[2072.1312392225864],[0.994856704345161],20,0.012225003852320776
6067,-0.02317632216095207,0.0,4,10000,[118.6213207296033],[2072.1312392225864],[0.994856704345161],20,0.012225003852320776
6068,0.009567510041541404,0.0,4,10000,[118.6213207296033],[2072.1312392225864],[0.994856704345161],20,0.012225003852320776
6069,0.015222773467470547,0.0,4,10000,[118.6213207296033],[2072.1312392225864],[0.994856704345161],20,0.012225003852320776
6070,-0.01461353692674695,0.0,4,10000,[118.6213207296033],[2072.1312392225864],[0.994856704345161],20,0.012225003852320776
6071,-0.011157717973593691,0.0,4,10000,[118.6213207296033],[2072.1312392225864],[0.994856704345161],20,0.012225003852320776
6072,0.006566290124460521,0.0,4,10000,[118.6213207296033],[2072.1312392225864],[0.994856704345161],20,0.012225003852320776
6073,-0.00028270044385472786,0.0,4,10000,[118.6213207296033],[2072.1312392225864],[0.994856704345161],20,0.012225003852320776
6074,0.005519994850049663,0.0,4,10000,[118.6213207296033],[2072.1312392225864],[0.994856704345161],20,0.012225003852320776
6075,-0.005259518139671012,0.0,4,10000,[118.6213207296033],[2072.1312392225864],[0.994856704345161],20,0.012225003852320776
6076,0.0017636335846371982,0.0,4,10000,[118.6213207296033],[2072.1312392225864],[0.994856704345161],20,0.012225003852320776
6077,-0.0002495317897505868,0.0,4,10000,[118.6213207296033],[2072.1312392225864],[0.994856704345161],20,0.012225003852320776
6078,-0.0008970853791604121,0.0,4,10000,[118.6213207296033],[2072.1312392225864],[0.994856704345161],20,0.012225003852320776
6079,0.0024357625074844643,0.0,4,10000,[118.6213207296033],[2072.1312392225864],[0.994856704345161],20,0.012225003852320776
6080,-0.005512339826402248,0.0,4,10000,[118.6213207296033],[2072.1312392225864],[0.994856704345161],20,0.012225003852320776
6081,0.027998880412296243,0.0,4,10000,[118.6213207296033],[2072.1312392225864],[0.994856704345161],20,0.012225003852320776
6082,-0.009204812674320228,0.0,4,10000,[118.6213207296033],[2072.1312392225864],[0.994856704345161],20,0.012225003852320776
6083,0.003097810375106126,0.0,4,10000,[118.6213207296033],[2072.1312392225864],[0.994856704345161],20,0.012225003852320776
6084,0.004911642758938797,0.0,4,10000,[118.6213207296033],[2072.1312392225864],[0.994856704345161],20,0.012225003852320776
6085,-0.0034628827315496906,0.0,4,10000,[118.6213207296033],[2072.1312392225864],[0.994856704345161],20,0.012225003852320776
6086,0.00951717643979916,0.0,4,10000,[118.6213207296033],[2072.1312392225864],[0.994856704345161],20,0.012225003852320776
6087,-0.012255587866788523,0.0,4,10000,[118.6213207296033],[2072.1312392225864],[0.994856704345161],20,0.012225003852320776
6088,0.0026833560929446962,0.0,4,10000,[118.6213207296033],[2072.1312392225864],[0.994856704345161],20,0.012225003852320776
6089,-0.010434942956130506,0.0,4,10000,[118.6213207296033],[2072.1312392225864],[0.994856704345161],20,0.012225003852320776
6090,-0.019694162115229077,0.0,4,10000,[118.6213207296033],[2072.1312392225864],[0.994856704345161],20,0.012225003852320776
6091,0.0074448450610177215,0.0,4,10000,[118.6213207296033],[2072.1312392225864],[0.994856704345161],20,0.012225003852320776
6092,0.00933347099856995,0.0,4,10000,[118.6213207296033],[2072.1312392225864],[0.994856704345161],20,0.012225003852320776
6093,0.01486551819022693,0.0,4,10000,[118.6213207296033],[2072.1312392225864],[0.994856704345161],20,0.012225003852320776
6094,-0.01866433519768968,0.0,4,10000,[118.6213207296033],[2072.1312392225864],[0.994856704345161],20,0.012225003852320776
6095,0.002647099972369133,0.0,4,10000,[118.6213207296033],[2072.1312392225864],[0.994856704345161],20,0.012225003852320776
6096,0.019687159179861132,0.0,4,10000,[118.6213207296033],[2072.1312392225864],[0.994856704345161],20,0.012225003852320776
6097,-0.010553586335928043,0.0,4,10000,[118.6213207296033],[2072.1312392225864],[0.994856704345161],20,0.012225003852320776
6098,-0.007902085249699336,0.0,4,10000,[118.6213207296033],[2072.1312392225864],[0.994856704345161],20,0.012225003852320776
6099,0.012605781741415053,0.0,4,10000,[118.6213207296033],[2072.1312392225864],[0.994856704345161],20,0.012225003852320776
6100,0.026426982095783667,0.0,4,10000,[118.6213207296033],[2072.1312392225864],[0.994856704345161],20,0.012225003852320776
6101,-0.013210086022000099,0.0,4,10000,[118.6213207296033],[2072.1312392225864],[0.994856704345161],20,0.012225003852320776
6102,-0.006422558312898332,0.0,4,10000,[118.6213207296033],[2072.1312392225864],[0.994856704345161],20,0.012225003852320776
6103,-0.006106744455216774,0.0,4,10000,[118.6213207296033],[2072.1312392225864],[0.994856704345161],20,0.012225003852320776
6104,0.006764626388563373,0.0,4,10000,[118.6213207296033],[2072.1312392225864],[0.994856704345161],20,0.012225003852320776
6105,0.002945787414828732,0.0,4,10000,[118.6213207296033],[2072.1312392225864],[0.994856704345161],20,0.012225003852320776
6106,-0.018110640570347055,0.0,4,10000,[118.6213207296033],[2072.1312392225864],[0.994856704345161],20,0.012225003852320776
6107,-0.00021002667094220645,0.0,4,10000,[118.6213207296033],[2072.1312392225864],[0.994856704345161],20,0.012225003852320776
6108,0.012547668550624037,0.0,4,10000,[118.6213207296033],[2072.1312392225864],[0.994856704345161],20,0.012225003852320776
6109,0.006206867589779371,0.0,4,10000,[118.6213207296033],[2072.1312392225864],[0.994856704345161],20,0.012225003852320776
6110,-0.01103830663970113,0.0,4,10000,[118.6213207296033],[2072.1312392225864],[0.994856704345161],20,0.012225003852320776
6111,0.016923491115454076,0.0,4,10000,[118.6213207296033],[2072.1312392225864],[0.994856704345161],20,0.012225003852320776
6112,-0.008570497654957036,0.0,4,10000,[118.6213207296033],[2072.1312392225864],[0.994856704345161],20,0.012225003852320776
6113,0.013494087933894736,0.0,4,10000,[118.6213207296033],[2072.1312392225864],[0.994856704345161],20,0.012225003852320776
6114,0.011061601098355084,0.0,4,10000,[118.6213207296033],[2072.1312392225864],[0.994856704345161],20,0.012225003852320776
6115,-0.011980590466483398,0.0,4,10000,[118.6213207296033],[2072.1312392225864],[0.994856704345161],20,0.012225003852320776
6116,0.005552210774003603,0.0,4,10000,[118.6213207296033],[2072.1312392225864],[0.994856704345161],20,0.012225003852320776
6117,-0.006858528208222365,0.0,4,10000,[118.6213207296033],[2072.1312392225864],[0.994856704345161],20,0.012225003852320776
6118,-0.01408181739567101,0.0,4,10000,[118.6213207296033],[2072.1312392225864],[0.994856704345161],20,0.012225003852320776
6119,-0.011881282090767371,0.0,4,10000,[118.6213207296033],[2072.1312392225864],[0.994856704345161],20,0.012225003852320776
6120,-0.00930527569594216,0.0,4,10000,[118.6213207296033],[2072.1312392225864],[0.994856704345161],20,0.012225003852320776
6121,0.00520586196829885,0.0,4,10000,[118.6213207296033],[2072.1312392225864],[0.994856704345161],20,0.012225003852320776
6122,-0.014949475662008913,0.0,4,10000,[118.6213207296033],[2072.1312392225864],[0.994856704345161],20,0.012225003852320776
6123,-0.007624205025798777,0.0,4,10000,[118.6213207296033],[2072.1312392225864],[0.994856704345161],20,0.012225003852320776
6124,0.013057920104321375,0.0,4,10000,[118.6213207296033],[2072.1312392225864],[0.994856704345161],20,0.012225003852320776
6125,0.002266619617687254,0.0,4,10000,[118.6213207296033],[2072.1312392225864],[0.994856704345161],20,0.012225003852320776
6126,-0.005568231196865299,0.0,4,10000,[118.6213207296033],[2072.1312392225864],[0.994856704345161],20,0.012225003852320776
6127,8.14736757894965e-05,0.0,4,10000,[118.6213207296033],[2072.1312392225864],[0.994856704345161],20,0.012225003852320776
6128,0.0022350438055010052,0.0,4,10000,[118.6213207296033],[2072.1312392225864],[0.994856704345161],20,0.012225003852320776
6129,0.002930666786815535,0.0,4,10000,[118.6213207296033],[2072.1312392225864],[0.994856704345161],20,0.012225003852320776
6130,0.011796910945748492,0.0,4,10000,[118.6213207296033],[2072.1312392225864],[0.994856704345161],20,0.012225003852320776
6131,-0.006209085932027217,0.0,4,10000,[118.6213207296033],[2072.1312392225864],[0.994856704345161],20,0.012225003852320776
6132,0.010857435585429065,0.0,4,10000,[118.6213207296033],[2072.1312392225864],[0.994856704345161],20,0.012225003852320776
6133,-0.007410624573487116,0.0,4,10000,[118.6213207296033],[2072.1312392225864],[0.994856704345161],20,0.012225003852320776
6134,0.001823284458504234,0.0,4,10000,[118.6213207296033],[2072.1312392225864],[0.994856704345161],20,0.012225003852320776
6135,-0.010255085146892847,0.0,4,10000,[118.6213207296033],[2072.1312392225864],[0.994856704345161],20,0.012225003852320776
6136,-0.021260181968187342,0.0,4,10000,[118.6213207296033],[2072.1312392225864],[0.994856704345161],20,0.012225003852320776
6137,-0.02595167145608756,0.0,4,10000,[118.6213207296033],[2072.1312392225864],[0.994856704345161],20,0.012225003852320776
6138,0.003955808772765266,0.0,4,10000,[118.6213207296033],[2072.1312392225864],[0.994856704345161],20,0.012225003852320776
6139,0.007345425525496365,0.0,4,10000,[118.6213207296033],[2072.1312392225864],[0.994856704345161],20,0.012225003852320776
6140,-0.002862249166401552,0.0,4,10000,[118.6213207296033],[2072.1312392225864],[0.994856704345161],20,0.012225003852320776
6141,-0.02119462980293015,0.0,4,10000,[118.6213207296033],[2072.1312392225864],[0.994856704345161],20,0.012225003852320776
6142,0.018424550287009015,0.0,4,10000,[118.6213207296033],[2072.1312392225864],[0.994856704345161],20,0.012225003852320776
6143,-0.01040987780426705,0.0,4,10000,[118.6213207296033],[2072.1312392225864],[0.994856704345161],20,0.012225003852320776
6144,0.0027909355975586714,0.0,4,10000,[118.6213207296033],[2072.1312392225864],[0.994856704345161],20,0.012225003852320776
6145,-0.015001714857492522,0.0,4,10000,[118.6213207296033],[2072.1312392225864],[0.994856704345161],20,0.012225003852320776
6146,0.005529281266288562,0.0,4,10000,[118.6213207296033],[2072.1312392225864],[0.994856704345161],20,0.012225003852320776
6147,-0.007426351996523727,0.0,4,10000,[118.6213207296033],[2072.1312392225864],[0.994856704345161],20,0.012225003852320776
6148,0.010706196373048054,0.0,4,10000,[118.6213207296033],[2072.1312392225864],[0.994856704345161],20,0.012225003852320776
6149,0.009043305941620127,0.0,4,10000,[118.6213207296033],[2072.1312392225864],[0.994856704345161],20,0.012225003852320776
6150,0.020017900375222084,0.0,4,10000,[118.6213207296033],[2072.1312392225864],[0.994856704345161],20,0.012225003852320776
6151,0.001962518532701878,0.0,4,10000,[118.6213207296033],[2072.1312392225864],[0.994856704345161],20,0.012225003852320776
6152,0.005044250192312127,0.0,4,10000,[118.6213207296033],[2072.1312392225864],[0.994856704345161],20,0.012225003852320776
6153,-0.0016570018958863176,0.0,4,10000,[118.6213207296033],[2072.1312392225864],[0.994856704345161],20,0.012225003852320776
6154,0.0036355928928005665,0.0,4,10000,[118.6213207296033],[2072.1312392225864],[0.994856704345161],20,0.012225003852320776
6155,-0.012534226769228628,0.0,4,10000,[118.6213207296033],[2072.1312392225864],[0.994856704345161],20,0.012225003852320776
6156,0.004047437681726541,0.0,4,10000,[118.6213207296033],[2072.1312392225864],[0.994856704345161],20,0.012225003852320776
6157,-0.010822257881092291,0.0,4,10000,[118.6213207296033],[2072.1312392225864],[0.994856704345161],20,0.012225003852320776
6158,-0.01126329766707458,0.0,4,10000,[118.6213207296033],[2072.1312392225864],[0.994856704345161],20,0.012225003852320776
6159,-0.010307141448673136,0.0,4,10000,[118.6213207296033],[2072.1312392225864],[0.994856704345161],20,0.012225003852320776
6160,0.0039428530252014005,0.0,4,10000,[118.6213207296033],[2072.1312392225864],[0.994856704345161],20,0.012225003852320776
6161,-0.005473050104867765,0.0,4,10000,[118.6213207296033],[2072.1312392225864],[0.994856704345161],20,0.012225003852320776
6162,-0.0018130439704529568,0.0,4,10000,[118.6213207296033],[2072.1312392225864],[0.994856704345161],20,0.012225003852320776
6163,0.020978207486304162,0.0,4,10000,[118.6213207296033],[2072.1312392225864],[0.994856704345161],20,0.012225003852320776
6164,0.003910769203937238,0.0,4,10000,[118.6213207296033],[2072.1312392225864],[0.994856704345161],20,0.012225003852320776
6165,-0.008014271956873945,0.0,4,10000,[118.6213207296033],[2072.1312392225864],[0.994856704345161],20,0.012225003852320776
6166,-0.006495157807716053,0.0,4,10000,[118.6213207296033],[2072.1312392225864],[0.994856704345161],20,0.012225003852320776
6167,-0.015401040652341404,0.0,4,10000,[118.6213207296033],[2072.1312392225864],[0.994856704345161],20,0.012225003852320776
6168,0.010265734342679408,0.0,4,10000,[118.6213207296033],[2072.1312392225864],[0.994856704345161],20,0.012225003852320776
6169,0.017490889267533335,0.0,4,10000,[118.6213207296033],[2072.1312392225864],[0.994856704345161],20,0.012225003852320776
6170,-0.008021890464081841,0.0,4,10000,[118.6213207296033],[2072.1312392225864],[0.994856704345161],20,0.012225003852320776
6171,0.01038235862213838,0.0,4,10000,[118.6213207296033],[2072.1312392225864],[0.994856704345161],20,0.012225003852320776
6172,-0.016913339457601224,0.0,4,10000,[118.6213207296033],[2072.1312392225864],[0.994856704345161],20,0.012225003852320776
6173,0.006717091436195829,0.0,4,10000,[118.6213207296033],[2072.1312392225864],[0.994856704345161],20,0.012225003852320776
6174,0.003272412987714527,0.0,4,10000,[118.6213207296033],[2072.1312392225864],[0.994856704345161],20,0.012225003852320776
6175,0.007926238485828801,0.0,4,10000,[118.6213207296033],[2072.1312392225864],[0.994856704345161],20,0.012225003852320776
6176,0.008643251487975363,0.0,4,10000,[118.6213207296033],[2072.1312392225864],[0.994856704345161],20,0.012225003852320776
6177,-0.0008128809146897774,0.0,4,10000,[118.6213207296033],[2072.1312392225864],[0.994856704345161],20,0.012225003852320776
6178,-0.0012194440554196355,0.0,4,10000,[118.6213207296033],[2072.1312392225864],[0.994856704345161],20,0.012225003852320776
6179,0.0102217503030403,0.0,4,10000,[118.6213207296033],[2072.1312392225864],[0.994856704345161],20,0.012225003852320776
6180,0.011881333851055255,0.0,4,10000,[118.6213207296033],[2072.1312392225864],[0.994856704345161],20,0.012225003852320776
6181,0.0068578718040722755,0.0,4,10000,[118.6213207296033],[2072.1312392225864],[0.994856704345161],20,0.012225003852320776
6182,0.007958195305960064,0.0,4,10000,[118.6213207296033],[2072.1312392225864],[0.994856704345161],20,0.012225003852320776
6183,-0.0017927583128731618,0.0,4,10000,[118.6213207296033],[2072.1312392225864],[0.994856704345161],20,0.012225003852320776
6184,0.0016558052093837506,0.0,4,10000,[118.6213207296033],[2072.1312392225864],[0.994856704345161],20,0.012225003852320776
6185,0.005569790021155823,0.0,4,10000,[118.6213207296033],[2072.1312392225864],[0.994856704345161],20,0.012225003852320776
6186,0.0023815816784128856,0.0,4,10000,[118.6213207296033],[2072.1312392225864],[0.994856704345161],20,0.012225003852320776
6187,-0.0028413559361410447,0.0,4,10000,[118.6213207296033],[2072.1312392225864],[0.994856704345161],20,0.012225003852320776
6188,-0.029853840934846634,0.0,4,10000,[118.6213207296033],[2072.1312392225864],[0.994856704345161],20,0.012225003852320776
6189,-0.01226348561871022,0.0,4,10000,[118.6213207296033],[2072.1312392225864],[0.994856704345161],20,0.012225003852320776
6190,-0.0035211249655510883,0.0,4,10000,[118.6213207296033],[2072.1312392225864],[0.994856704345161],20,0.012225003852320776
6191,0.007090076149354987,0.0,4,10000,[118.6213207296033],[2072.1312392225864],[0.994856704345161],20,0.012225003852320776
6192,0.007044194999476271,0.0,4,10000,[118.6213207296033],[2072.1312392225864],[0.994856704345161],20,0.012225003852320776
6193,0.013169601945484433,0.0,4,10000,[118.6213207296033],[2072.1312392225864],[0.994856704345161],20,0.012225003852320776
6194,-0.024647343765085192,0.0,4,10000,[118.6213207296033],[2072.1312392225864],[0.994856704345161],20,0.012225003852320776
6195,-0.006894174084237772,0.0,4,10000,[118.6213207296033],[2072.1312392225864],[0.994856704345161],20,0.012225003852320776
6196,0.005238258511247917,0.0,4,10000,[118.6213207296033],[2072.1312392225864],[0.994856704345161],20,0.012225003852320776
6197,0.007831368344967468,0.0,4,10000,[118.6213207296033],[2072.1312392225864],[0.994856704345161],20,0.012225003852320776
6198,0.0011596590174121758,0.0,4,10000,[118.6213207296033],[2072.1312392225864],[0.994856704345161],20,0.012225003852320776
6199,-0.015539591762803987,0.0,4,10000,[118.6213207296033],[2072.1312392225864],[0.994856704345161],20,0.012225003852320776
6200,0.006739000041613321,0.0,4,10000,[118.6213207296033],[2072.1312392225864],[0.994856704345161],20,0.012225003852320776
6201,0.008784229554386624,0.0,4,10000,[118.6213207296033],[2072.1312392225864],[0.994856704345161],20,0.012225003852320776
6202,0.007364734748768941,0.0,4,10000,[118.6213207296033],[2072.1312392225864],[0.994856704345161],20,0.012225003852320776
6203,-0.009657809931514976,0.0,4,10000,[118.6213207296033],[2072.1312392225864],[0.994856704345161],20,0.012225003852320776
6204,-0.010548847957677738,0.0,4,10000,[118.6213207296033],[2072.1312392225864],[0.994856704345161],20,0.012225003852320776
6205,0.015893582829298987,0.0,4,10000,[118.6213207296033],[2072.1312392225864],[0.994856704345161],20,0.012225003852320776
6206,0.011045591477691562,0.0,4,10000,[118.6213207296033],[2072.1312392225864],[0.994856704345161],20,0.012225003852320776
6207,0.004926177440770632,0.0,4,10000,[118.6213207296033],[2072.1312392225864],[0.994856704345161],20,0.012225003852320776
6208,0.014542272141783575,0.0,4,10000,[118.6213207296033],[2072.1312392225864],[0.994856704345161],20,0.012225003852320776
6209,0.02024120156733954,0.0,4,10000,[118.6213207296033],[2072.1312392225864],[0.994856704345161],20,0.012225003852320776
6210,0.008106475043102142,0.0,4,10000,[118.6213207296033],[2072.1312392225864],[0.994856704345161],20,0.012225003852320776
6211,0.011097253671042607,0.0,4,10000,[118.6213207296033],[2072.1312392225864],[0.994856704345161],20,0.012225003852320776
6212,0.02895326261758711,0.0,4,10000,[118.6213207296033],[2072.1312392225864],[0.994856704345161],20,0.012225003852320776
6213,0.0029890232115375275,0.0,4,10000,[118.6213207296033],[2072.1312392225864],[0.994856704345161],20,0.012225003852320776
6214,0.00611993023013602,0.0,4,10000,[118.6213207296033],[2072.1312392225864],[0.994856704345161],20,0.012225003852320776
6215,-0.016633817247394916,0.0,4,10000,[118.6213207296033],[2072.1312392225864],[0.994856704345161],20,0.012225003852320776
6216,0.005978146696055884,0.0,4,10000,[118.6213207296033],[2072.1312392225864],[0.994856704345161],20,0.012225003852320776
6217,-0.007894365904196468,0.0,4,10000,[118.6213207296033],[2072.1312392225864],[0.994856704345161],20,0.012225003852320776
6218,-0.0014266609811203052,0.0,4,10000,[118.6213207296033],[2072.1312392225864],[0.994856704345161],20,0.012225003852320776
6219,-0.015513376979172768,0.0,4,10000,[118.6213207296033],[2072.1312392225864],[0.994856704345161],20,0.012225003852320776
6220,0.0037369417962397123,0.0,4,10000,[118.6213207296033],[2072.1312392225864],[0.994856704345161],20,0.012225003852320776
6221,-0.002531256681253549,0.0,4,10000,[118.6213207296033],[2072.1312392225864],[0.994856704345161],20,0.012225003852320776
6222,-0.001134785993555707,0.0,4,10000,[118.6213207296033],[2072.1312392225864],[0.994856704345161],20,0.012225003852320776
6223,0.03369996127783821,0.0,4,10000,[118.6213207296033],[2072.1312392225864],[0.994856704345161],20,0.012225003852320776
6224,-0.006241956579459915,0.0,4,10000,[118.6213207296033],[2072.1312392225864],[0.994856704345161],20,0.012225003852320776
6225,-0.005414563804358583,0.0,4,10000,[118.6213207296033],[2072.1312392225864],[0.994856704345161],20,0.012225003852320776
6226,-0.007621603250172551,0.0,4,10000,[118.6213207296033],[2072.1312392225864],[0.994856704345161],20,0.012225003852320776
6227,-0.0009636185944507858,0.0,4,10000,[118.6213207296033],[2072.1312392225864],[0.994856704345161],20,0.012225003852320776
6228,-0.02629354859718813,0.0,4,10000,[118.6213207296033],[2072.1312392225864],[0.994856704345161],20,0.012225003852320776
6229,0.021928534204308535,0.0,4,10000,[118.6213207296033],[2072.1312392225864],[0.994856704345161],20,0.012225003852320776
6230,0.008728267326945116,0.0,4,10000,[118.6213207296033],[2072.1312392225864],[0.994856704345161],20,0.012225003852320776
6231,0.022023315321223643,0.0,4,10000,[118.6213207296033],[2072.1312392225864],[0.994856704345161],20,0.012225003852320776
6232,-0.0020101524121010914,0.0,4,10000,[118.6213207296033],[2072.1312392225864],[0.994856704345161],20,0.012225003852320776
6233,-0.010500956344661663,0.0,4,10000,[118.6213207296033],[2072.1312392225864],[0.994856704345161],20,0.012225003852320776
6234,0.014172978300390174,0.0,4,10000,[118.6213207296033],[2072.1312392225864],[0.994856704345161],20,0.012225003852320776
6235,0.011917557675845547,0.0,4,10000,[118.6213207296033],[2072.1312392225864],[0.994856704345161],20,0.012225003852320776
6236,0.0007477612068648826,0.0,4,10000,[118.6213207296033],[2072.1312392225864],[0.994856704345161],20,0.012225003852320776
6237,0.007205991433127361,0.0,4,10000,[118.6213207296033],[2072.1312392225864],[0.994856704345161],20,0.012225003852320776
6238,0.008682358418893683,0.0,4,10000,[118.6213207296033],[2072.1312392225864],[0.994856704345161],20,0.012225003852320776
6239,-0.0021922458695151636,0.0,4,10000,[118.6213207296033],[2072.1312392225864],[0.994856704345161],20,0.012225003852320776
6240,-0.025001992369309497,0.0,4,10000,[118.6213207296033],[2072.1312392225864],[0.994856704345161],20,0.012225003852320776
6241,-0.009588916171189605,0.0,4,10000,[118.6213207296033],[2072.1312392225864],[0.994856704345161],20,0.012225003852320776
6242,0.005374528116556171,0.0,4,10000,[118.6213207296033],[2072.1312392225864],[0.994856704345161],20,0.012225003852320776
6243,0.015899865569386374,0.0,4,10000,[118.6213207296033],[2072.1312392225864],[0.994856704345161],20,0.012225003852320776
6244,0.0027063184125054552,0.0,4,10000,[118.6213207296033],[2072.1312392225864],[0.994856704345161],20,0.012225003852320776
6245,0.0012006294779176461,0.0,4,10000,[118.6213207296033],[2072.1312392225864],[0.994856704345161],20,0.012225003852320776
6246,-0.001068834878925806,0.0,4,10000,[118.6213207296033],[2072.1312392225864],[0.994856704345161],20,0.012225003852320776
6247,0.008173902280993225,0.0,4,10000,[118.6213207296033],[2072.1312392225864],[0.994856704345161],20,0.012225003852320776
6248,-0.01697525300192679,0.0,4,10000,[118.6213207296033],[2072.1312392225864],[0.994856704345161],20,0.012225003852320776
6249,-0.011483304896923287,0.0,4,10000,[118.6213207296033],[2072.1312392225864],[0.994856704345161],20,0.012225003852320776
6250,0.006320866361534505,0.0,4,10000,[118.6213207296033],[2072.1312392225864],[0.994856704345161],20,0.012225003852320776
6251,-0.01600559060870217,0.0,4,10000,[118.6213207296033],[2072.1312392225864],[0.994856704345161],20,0.012225003852320776
6252,-0.0009189658970722622,0.0,4,10000,[118.6213207296033],[2072.1312392225864],[0.994856704345161],20,0.012225003852320776
6253,0.013387245448528273,0.0,4,10000,[118.6213207296033],[2072.1312392225864],[0.994856704345161],20,0.012225003852320776
6254,0.005853354227423468,0.0,4,10000,[118.6213207296033],[2072.1312392225864],[0.994856704345161],20,0.012225003852320776
6255,-0.008812741092277653,0.0,4,10000,[118.6213207296033],[2072.1312392225864],[0.994856704345161],20,0.012225003852320776
6256,0.001918037293104269,0.0,4,10000,[118.6213207296033],[2072.1312392225864],[0.994856704345161],20,0.012225003852320776
6257,-0.020439527844836693,0.0,4,10000,[118.6213207296033],[2072.1312392225864],[0.994856704345161],20,0.012225003852320776
6258,-0.013433541845472113,0.0,4,10000,[118.6213207296033],[2072.1312392225864],[0.994856704345161],20,0.012225003852320776
6259,-0.036189913056701294,0.0,4,10000,[118.6213207296033],[2072.1312392225864],[0.994856704345161],20,0.012225003852320776
6260,-0.0036268525381814697,0.0,4,10000,[118.6213207296033],[2072.1312392225864],[0.994856704345161],20,0.012225003852320776
6261,0.015051758262965401,0.0,4,10000,[118.6213207296033],[2072.1312392225864],[0.994856704345161],20,0.012225003852320776
6262,-0.0028824805816374563,0.0,4,10000,[118.6213207296033],[2072.1312392225864],[0.994856704345161],20,0.012225003852320776
6263,-0.018542623858130877,0.0,4,10000,[118.6213207296033],[2072.1312392225864],[0.994856704345161],20,0.012225003852320776
6264,0.01586055638766932,0.0,4,10000,[118.6213207296033],[2072.1312392225864],[0.994856704345161],20,0.012225003852320776
6265,-0.0046378059548654845,0.0,4,10000,[118.6213207296033],[2072.1312392225864],[0.994856704345161],20,0.012225003852320776
6266,0.0010220357713523818,0.0,4,10000,[118.6213207296033],[2072.1312392225864],[0.994856704345161],20,0.012225003852320776
6267,0.01700796729089682,0.0,4,10000,[118.6213207296033],[2072.1312392225864],[0.994856704345161],20,0.012225003852320776
6268,-0.006297003270475759,0.0,4,10000,[118.6213207296033],[2072.1312392225864],[0.994856704345161],20,0.012225003852320776
6269,0.0002266725873928012,0.0,4,10000,[118.6213207296033],[2072.1312392225864],[0.994856704345161],20,0.012225003852320776
6270,-0.004703042575014385,0.0,4,10000,[118.6213207296033],[2072.1312392225864],[0.994856704345161],20,0.012225003852320776
6271,-0.015798811076366017,0.0,4,10000,[118.6213207296033],[2072.1312392225864],[0.994856704345161],20,0.012225003852320776
6272,0.0001194164444505675,0.0,4,10000,[118.6213207296033],[2072.1312392225864],[0.994856704345161],20,0.012225003852320776
6273,0.008259632216385183,0.0,4,10000,[118.6213207296033],[2072.1312392225864],[0.994856704345161],20,0.012225003852320776
6274,0.001074366914518746,0.0,4,10000,[118.6213207296033],[2072.1312392225864],[0.994856704345161],20,0.012225003852320776
6275,0.004248796428780222,0.0,4,10000,[118.6213207296033],[2072.1312392225864],[0.994856704345161],20,0.012225003852320776
6276,0.023825771411823127,0.0,4,10000,[118.6213207296033],[2072.1312392225864],[0.994856704345161],20,0.012225003852320776
6277,0.002556197427767234,0.0,4,10000,[118.6213207296033],[2072.1312392225864],[0.994856704345161],20,0.012225003852320776
6278,-0.0025756062109339103,0.0,4,10000,[118.6213207296033],[2072.1312392225864],[0.994856704345161],20,0.012225003852320776
6279,-0.012401405276268603,0.0,4,10000,[118.6213207296033],[2072.1312392225864],[0.994856704345161],20,0.012225003852320776
6280,-0.0034395297447990486,0.0,4,10000,[118.6213207296033],[2072.1312392225864],[0.994856704345161],20,0.012225003852320776
6281,-0.012112435662225507,0.0,4,10000,[118.6213207296033],[2072.1312392225864],[0.994856704345161],20,0.012225003852320776
6282,-0.019111197383066946,0.0,4,10000,[118.6213207296033],[2072.1312392225864],[0.994856704345161],20,0.012225003852320776
6283,-0.0037465717522133153,0.0,4,10000,[118.6213207296033],[2072.1312392225864],[0.994856704345161],20,0.012225003852320776
6284,-0.012890140759806715,0.0,4,10000,[118.6213207296033],[2072.1312392225864],[0.994856704345161],20,0.012225003852320776
6285,0.01593183845343601,0.0,4,10000,[118.6213207296033],[2072.1312392225864],[0.994856704345161],20,0.012225003852320776
6286,-0.011390636616786184,0.0,4,10000,[118.6213207296033],[2072.1312392225864],[0.994856704345161],20,0.012225003852320776
6287,-0.004688592021059069,0.0,4,10000,[118.6213207296033],[2072.1312392225864],[0.994856704345161],20,0.012225003852320776
6288,0.03174470533122632,0.0,4,10000,[118.6213207296033],[2072.1312392225864],[0.994856704345161],20,0.012225003852320776
6289,-0.007335812974963464,0.0,4,10000,[118.6213207296033],[2072.1312392225864],[0.994856704345161],20,0.012225003852320776
6290,-0.024548696696018307,0.0,4,10000,[118.6213207296033],[2072.1312392225864],[0.994856704345161],20,0.012225003852320776
6291,-0.01853319431014474,0.0,4,10000,[118.6213207296033],[2072.1312392225864],[0.994856704345161],20,0.012225003852320776
6292,0.013150252129366519,0.0,4,10000,[118.6213207296033],[2072.1312392225864],[0.994856704345161],20,0.012225003852320776
6293,0.007907014984068591,0.0,4,10000,[118.6213207296033],[2072.1312392225864],[0.994856704345161],20,0.012225003852320776
6294,0.002068973075821407,0.0,4,10000,[118.6213207296033],[2072.1312392225864],[0.994856704345161],20,0.012225003852320776
6295,-0.033790593671495936,0.0,4,10000,[118.6213207296033],[2072.1312392225864],[0.994856704345161],20,0.012225003852320776
6296,0.011589570882844517,0.0,4,10000,[118.6213207296033],[2072.1312392225864],[0.994856704345161],20,0.012225003852320776
6297,0.005527741835114988,0.0,4,10000,[118.6213207296033],[2072.1312392225864],[0.994856704345161],20,0.012225003852320776
6298,-0.007178755408752701,0.0,4,10000,[118.6213207296033],[2072.1312392225864],[0.994856704345161],20,0.012225003852320776
6299,1.0891126388121389e-05,0.0,4,10000,[118.6213207296033],[2072.1312392225864],[0.994856704345161],20,0.012225003852320776
6300,-0.0038884384112265577,0.0,4,10000,[118.6213207296033],[2072.1312392225864],[0.994856704345161],20,0.012225003852320776
6301,-0.015204637473919895,0.0,4,10000,[118.6213207296033],[2072.1312392225864],[0.994856704345161],20,0.012225003852320776
6302,0.004075608552166648,0.0,4,10000,[118.6213207296033],[2072.1312392225864],[0.994856704345161],20,0.012225003852320776
6303,-0.00699994688513167,0.0,4,10000,[118.6213207296033],[2072.1312392225864],[0.994856704345161],20,0.012225003852320776
6304,-0.0029159809202346483,0.0,4,10000,[118.6213207296033],[2072.1312392225864],[0.994856704345161],20,0.012225003852320776
6305,0.006382987498055622,0.0,4,10000,[118.6213207296033],[2072.1312392225864],[0.994856704345161],20,0.012225003852320776
6306,-0.002163729440345396,0.0,4,10000,[118.6213207296033],[2072.1312392225864],[0.994856704345161],20,0.012225003852320776
6307,0.02030173323408139,0.0,4,10000,[118.6213207296033],[2072.1312392225864],[0.994856704345161],20,0.012225003852320776
6308,0.01194910043461622,0.0,4,10000,[118.6213207296033],[2072.1312392225864],[0.994856704345161],20,0.012225003852320776
6309,0.018115531809804564,0.0,4,10000,[118.6213207296033],[2072.1312392225864],[0.994856704345161],20,0.012225003852320776
6310,-0.0014904785166514722,0.0,4,10000,[118.6213207296033],[2072.1312392225864],[0.994856704345161],20,0.012225003852320776
6311,0.011767848755011584,0.0,4,10000,[118.6213207296033],[2072.1312392225864],[0.994856704345161],20,0.012225003852320776
6312,0.01526178677970378,0.0,4,10000,[118.6213207296033],[2072.1312392225864],[0.994856704345161],20,0.012225003852320776
6313,0.004328633708399835,0.0,4,10000,[118.6213207296033],[2072.1312392225864],[0.994856704345161],20,0.012225003852320776
6314,-0.008081958336953358,0.0,4,10000,[118.6213207296033],[2072.1312392225864],[0.994856704345161],20,0.012225003852320776
6315,-0.014464178379572503,0.0,4,10000,[118.6213207296033],[2072.1312392225864],[0.994856704345161],20,0.012225003852320776
6316,0.013506222782615178,0.0,4,10000,[118.6213207296033],[2072.1312392225864],[0.994856704345161],20,0.012225003852320776
6317,-0.002753110988459199,0.0,4,10000,[118.6213207296033],[2072.1312392225864],[0.994856704345161],20,0.012225003852320776
6318,-0.013988063097647965,0.0,4,10000,[118.6213207296033],[2072.1312392225864],[0.994856704345161],20,0.012225003852320776
6319,0.02316225779203668,0.0,4,10000,[118.6213207296033],[2072.1312392225864],[0.994856704345161],20,0.012225003852320776
6320,0.019817684465232473,0.0,4,10000,[118.6213207296033],[2072.1312392225864],[0.994856704345161],20,0.012225003852320776
6321,-0.006417541517553425,0.0,4,10000,[118.6213207296033],[2072.1312392225864],[0.994856704345161],20,0.012225003852320776
6322,0.010260037313164444,0.0,4,10000,[118.6213207296033],[2072.1312392225864],[0.994856704345161],20,0.012225003852320776
6323,0.0023259739053722475,0.0,4,10000,[118.6213207296033],[2072.1312392225864],[0.994856704345161],20,0.012225003852320776
6324,-0.004883439247641806,0.0,4,10000,[118.6213207296033],[2072.1312392225864],[0.994856704345161],20,0.012225003852320776
6325,-0.0062995620350275415,0.0,4,10000,[118.6213207296033],[2072.1312392225864],[0.994856704345161],20,0.012225003852320776
6326,-0.02050070137511167,0.0,4,10000,[118.6213207296033],[2072.1312392225864],[0.994856704345161],20,0.012225003852320776
6327,0.0019356241849295523,0.0,4,10000,[118.6213207296033],[2072.1312392225864],[0.994856704345161],20,0.012225003852320776
6328,-0.009829077714880003,0.0,4,10000,[118.6213207296033],[2072.1312392225864],[0.994856704345161],20,0.012225003852320776
6329,0.00886946535450087,0.0,4,10000,[118.6213207296033],[2072.1312392225864],[0.994856704345161],20,0.012225003852320776
6330,-0.012786041031595276,0.0,4,10000,[118.6213207296033],[2072.1312392225864],[0.994856704345161],20,0.012225003852320776
6331,0.003771698559187632,0.0,4,10000,[118.6213207296033],[2072.1312392225864],[0.994856704345161],20,0.012225003852320776
6332,0.020807524533614095,0.0,4,10000,[118.6213207296033],[2072.1312392225864],[0.994856704345161],20,0.012225003852320776
6333,0.012759755248844306,0.0,4,10000,[118.6213207296033],[2072.1312392225864],[0.994856704345161],20,0.012225003852320776
6334,0.0010639225851499354,0.0,4,10000,[118.6213207296033],[2072.1312392225864],[0.994856704345161],20,0.012225003852320776
6335,-0.014234646462121298,0.0,4,10000,[118.6213207296033],[2072.1312392225864],[0.994856704345161],20,0.012225003852320776
6336,-0.004313375728702791,0.0,4,10000,[118.6213207296033],[2072.1312392225864],[0.994856704345161],20,0.012225003852320776
6337,0.0024482470764737086,0.0,4,10000,[118.6213207296033],[2072.1312392225864],[0.994856704345161],20,0.012225003852320776
6338,0.007578395762623787,0.0,4,10000,[118.6213207296033],[2072.1312392225864],[0.994856704345161],20,0.012225003852320776
6339,0.011460697726348208,0.0,4,10000,[118.6213207296033],[2072.1312392225864],[0.994856704345161],20,0.012225003852320776
6340,0.00907592883625739,0.0,4,10000,[118.6213207296033],[2072.1312392225864],[0.994856704345161],20,0.012225003852320776
6341,0.0032402823727447805,0.0,4,10000,[118.6213207296033],[2072.1312392225864],[0.994856704345161],20,0.012225003852320776
6342,0.008989277520025464,0.0,4,10000,[118.6213207296033],[2072.1312392225864],[0.994856704345161],20,0.012225003852320776
6343,-0.00533302021524085,0.0,4,10000,[118.6213207296033],[2072.1312392225864],[0.994856704345161],20,0.012225003852320776
6344,-0.0024933189472218084,0.0,4,10000,[118.6213207296033],[2072.1312392225864],[0.994856704345161],20,0.012225003852320776
6345,0.008616111570851332,0.0,4,10000,[118.6213207296033],[2072.1312392225864],[0.994856704345161],20,0.012225003852320776
6346,0.025895980489962372,0.0,4,10000,[118.6213207296033],[2072.1312392225864],[0.994856704345161],20,0.012225003852320776
6347,0.010040875593510069,0.0,4,10000,[118.6213207296033],[2072.1312392225864],[0.994856704345161],20,0.012225003852320776
6348,-0.020016809336680683,0.0,4,10000,[118.6213207296033],[2072.1312392225864],[0.994856704345161],20,0.012225003852320776
6349,0.012785881014106455,0.0,4,10000,[118.6213207296033],[2072.1312392225864],[0.994856704345161],20,0.012225003852320776
6350,0.001470938729400718,0.0,4,10000,[118.6213207296033],[2072.1312392225864],[0.994856704345161],20,0.012225003852320776
6351,-0.009845951050786929,0.0,4,10000,[118.6213207296033],[2072.1312392225864],[0.994856704345161],20,0.012225003852320776
6352,-0.019162658532342888,0.0,4,10000,[118.6213207296033],[2072.1312392225864],[0.994856704345161],20,0.012225003852320776
6353,-0.013396874352962584,0.0,4,10000,[118.6213207296033],[2072.1312392225864],[0.994856704345161],20,0.012225003852320776
6354,-0.0170694817174324,0.0,4,10000,[118.6213207296033],[2072.1312392225864],[0.994856704345161],20,0.012225003852320776
6355,0.004756374138011869,0.0,4,10000,[118.6213207296033],[2072.1312392225864],[0.994856704345161],20,0.012225003852320776
6356,-0.002972983415601951,0.0,4,10000,[118.6213207296033],[2072.1312392225864],[0.994856704345161],20,0.012225003852320776
6357,-0.0022492970585524575,0.0,4,10000,[118.6213207296033],[2072.1312392225864],[0.994856704345161],20,0.012225003852320776
6358,0.004501390034903948,0.0,4,10000,[118.6213207296033],[2072.1312392225864],[0.994856704345161],20,0.012225003852320776
6359,-0.014001152668081933,0.0,4,10000,[118.6213207296033],[2072.1312392225864],[0.994856704345161],20,0.012225003852320776
6360,-0.011504297717830224,0.0,4,10000,[118.6213207296033],[2072.1312392225864],[0.994856704345161],20,0.012225003852320776
6361,-0.01315395166671803,0.0,4,10000,[118.6213207296033],[2072.1312392225864],[0.994856704345161],20,0.012225003852320776
6362,0.01585317295461284,0.0,4,10000,[118.6213207296033],[2072.1312392225864],[0.994856704345161],20,0.012225003852320776
6363,0.010056360104613755,0.0,4,10000,[118.6213207296033],[2072.1312392225864],[0.994856704345161],20,0.012225003852320776
6364,-0.023956956373667595,0.0,4,10000,[118.6213207296033],[2072.1312392225864],[0.994856704345161],20,0.012225003852320776
6365,-0.015823344649253186,0.0,4,10000,[118.6213207296033],[2072.1312392225864],[0.994856704345161],20,0.012225003852320776
6366,0.0012290669233454574,0.0,4,10000,[118.6213207296033],[2072.1312392225864],[0.994856704345161],20,0.012225003852320776
6367,0.0031008569834604476,0.0,4,10000,[118.6213207296033],[2072.1312392225864],[0.994856704345161],20,0.012225003852320776
6368,-0.0021841499106276456,0.0,4,10000,[118.6213207296033],[2072.1312392225864],[0.994856704345161],20,0.012225003852320776
6369,-0.022459993791824527,0.0,4,10000,[118.6213207296033],[2072.1312392225864],[0.994856704345161],20,0.012225003852320776
6370,0.020329807241115244,0.0,4,10000,[118.6213207296033],[2072.1312392225864],[0.994856704345161],20,0.012225003852320776
6371,-0.01255036790452699,0.0,4,10000,[118.6213207296033],[2072.1312392225864],[0.994856704345161],20,0.012225003852320776
6372,-0.01794900101787896,0.0,4,10000,[118.6213207296033],[2072.1312392225864],[0.994856704345161],20,0.012225003852320776
6373,-0.0017764581873298269,0.0,4,10000,[118.6213207296033],[2072.1312392225864],[0.994856704345161],20,0.012225003852320776
6374,0.03312048410263273,0.0,4,10000,[118.6213207296033],[2072.1312392225864],[0.994856704345161],20,0.012225003852320776
6375,0.00858985755057935,0.0,4,10000,[118.6213207296033],[2072.1312392225864],[0.994856704345161],20,0.012225003852320776
6376,-0.011020652602553378,0.0,4,10000,[118.6213207296033],[2072.1312392225864],[0.994856704345161],20,0.012225003852320776
6377,-0.004238406715326414,0.0,4,10000,[118.6213207296033],[2072.1312392225864],[0.994856704345161],20,0.012225003852320776
6378,-0.008941797864283667,0.0,4,10000,[118.6213207296033],[2072.1312392225864],[0.994856704345161],20,0.012225003852320776
6379,-0.0018382726857252396,0.0,4,10000,[118.6213207296033],[2072.1312392225864],[0.994856704345161],20,0.012225003852320776
6380,0.012967660759149104,0.0,4,10000,[118.6213207296033],[2072.1312392225864],[0.994856704345161],20,0.012225003852320776
6381,-0.009174577435849813,0.0,4,10000,[118.6213207296033],[2072.1312392225864],[0.994856704345161],20,0.012225003852320776
6382,0.012433930578813826,0.0,4,10000,[118.6213207296033],[2072.1312392225864],[0.994856704345161],20,0.012225003852320776
6383,-0.02232821672819808,0.0,4,10000,[118.6213207296033],[2072.1312392225864],[0.994856704345161],20,0.012225003852320776
6384,0.024128933531498552,0.0,4,10000,[118.6213207296033],[2072.1312392225864],[0.994856704345161],20,0.012225003852320776
6385,-0.013453767981713416,0.0,4,10000,[118.6213207296033],[2072.1312392225864],[0.994856704345161],20,0.012225003852320776
6386,0.012221676894236035,0.0,4,10000,[118.6213207296033],[2072.1312392225864],[0.994856704345161],20,0.012225003852320776
6387,0.014933302952641798,0.0,4,10000,[118.6213207296033],[2072.1312392225864],[0.994856704345161],20,0.012225003852320776
6388,0.013966367442945916,0.0,4,10000,[118.6213207296033],[2072.1312392225864],[0.994856704345161],20,0.012225003852320776
6389,-0.006318868182784977,0.0,4,10000,[118.6213207296033],[2072.1312392225864],[0.994856704345161],20,0.012225003852320776
6390,-0.0024763438013070222,0.0,4,10000,[118.6213207296033],[2072.1312392225864],[0.994856704345161],20,0.012225003852320776
6391,0.00406884992895544,0.0,4,10000,[118.6213207296033],[2072.1312392225864],[0.994856704345161],20,0.012225003852320776
6392,-0.020422123977032323,0.0,4,10000,[118.6213207296033],[2072.1312392225864],[0.994856704345161],20,0.012225003852320776
6393,0.013448953343470302,0.0,4,10000,[118.6213207296033],[2072.1312392225864],[0.994856704345161],20,0.012225003852320776
6394,-0.009549768358247267,0.0,4,10000,[118.6213207296033],[2072.1312392225864],[0.994856704345161],20,0.012225003852320776
6395,-0.005463405888475973,0.0,4,10000,[118.6213207296033],[2072.1312392225864],[0.994856704345161],20,0.012225003852320776
6396,0.018979901433654116,0.0,4,10000,[118.6213207296033],[2072.1312392225864],[0.994856704345161],20,0.012225003852320776
6397,0.004023417222237471,0.0,4,10000,[118.6213207296033],[2072.1312392225864],[0.994856704345161],20,0.012225003852320776
6398,-0.021544117188115,0.0,4,10000,[118.6213207296033],[2072.1312392225864],[0.994856704345161],20,0.012225003852320776
6399,0.004725680812784882,0.0,4,10000,[118.6213207296033],[2072.1312392225864],[0.994856704345161],20,0.012225003852320776
6400,0.00790066879009848,0.0,4,10000,[118.6213207296033],[2072.1312392225864],[0.994856704345161],20,0.012225003852320776
6401,-0.013377594367166453,0.0,4,10000,[118.6213207296033],[2072.1312392225864],[0.994856704345161],20,0.012225003852320776
6402,0.011070708716137842,0.0,4,10000,[118.6213207296033],[2072.1312392225864],[0.994856704345161],20,0.012225003852320776
6403,0.007299743938833,0.0,4,10000,[118.6213207296033],[2072.1312392225864],[0.994856704345161],20,0.012225003852320776
6404,-0.005876372475746308,0.0,4,10000,[118.6213207296033],[2072.1312392225864],[0.994856704345161],20,0.012225003852320776
6405,-0.00703227565746547,0.0,4,10000,[118.6213207296033],[2072.1312392225864],[0.994856704345161],20,0.012225003852320776
6406,0.004537574708051122,0.0,4,10000,[118.6213207296033],[2072.1312392225864],[0.994856704345161],20,0.012225003852320776
6407,-0.01016162864882603,0.0,4,10000,[118.6213207296033],[2072.1312392225864],[0.994856704345161],20,0.012225003852320776
6408,-0.0030011618234357757,0.0,4,10000,[118.6213207296033],[2072.1312392225864],[0.994856704345161],20,0.012225003852320776
6409,0.022546881267700138,0.0,4,10000,[118.6213207296033],[2072.1312392225864],[0.994856704345161],20,0.012225003852320776
6410,-0.004875908931861123,0.0,4,10000,[118.6213207296033],[2072.1312392225864],[0.994856704345161],20,0.012225003852320776
6411,-0.008207827456924905,0.0,4,10000,[118.6213207296033],[2072.1312392225864],[0.994856704345161],20,0.012225003852320776
6412,-0.005769145383310283,0.0,4,10000,[118.6213207296033],[2072.1312392225864],[0.994856704345161],20,0.012225003852320776
6413,-0.0033243967702325785,0.0,4,10000,[118.6213207296033],[2072.1312392225864],[0.994856704345161],20,0.012225003852320776
6414,0.002221496080572119,0.0,4,10000,[118.6213207296033],[2072.1312392225864],[0.994856704345161],20,0.012225003852320776
6415,0.014875194689489729,0.0,4,10000,[118.6213207296033],[2072.1312392225864],[0.994856704345161],20,0.012225003852320776
6416,-0.0034883265725243993,0.0,4,10000,[118.6213207296033],[2072.1312392225864],[0.994856704345161],20,0.012225003852320776
6417,-0.01755393718566043,0.0,4,10000,[118.6213207296033],[2072.1312392225864],[0.994856704345161],20,0.012225003852320776
6418,-0.014733768510573626,0.0,4,10000,[118.6213207296033],[2072.1312392225864],[0.994856704345161],20,0.012225003852320776
6419,-0.009806724299637746,0.0,4,10000,[118.6213207296033],[2072.1312392225864],[0.994856704345161],20,0.012225003852320776
6420,0.017003648906692363,0.0,4,10000,[118.6213207296033],[2072.1312392225864],[0.994856704345161],20,0.012225003852320776
6421,0.00019817652662381256,0.0,4,10000,[118.6213207296033],[2072.1312392225864],[0.994856704345161],20,0.012225003852320776
6422,-0.0004412051502616052,0.0,4,10000,[118.6213207296033],[2072.1312392225864],[0.994856704345161],20,0.012225003852320776
6423,0.007446561654408026,0.0,4,10000,[118.6213207296033],[2072.1312392225864],[0.994856704345161],20,0.012225003852320776
6424,-0.010677606988301343,0.0,4,10000,[118.6213207296033],[2072.1312392225864],[0.994856704345161],20,0.012225003852320776
6425,0.017719836190267936,0.0,4,10000,[118.6213207296033],[2072.1312392225864],[0.994856704345161],20,0.012225003852320776
6426,-0.005918960620693668,0.0,4,10000,[118.6213207296033],[2072.1312392225864],[0.994856704345161],20,0.012225003852320776
6427,0.012909851193565015,0.0,4,10000,[118.6213207296033],[2072.1312392225864],[0.994856704345161],20,0.012225003852320776
6428,-0.012039195652988428,0.0,4,10000,[118.6213207296033],[2072.1312392225864],[0.994856704345161],20,0.012225003852320776
6429,0.00711361725302715,0.0,4,10000,[118.6213207296033],[2072.1312392225864],[0.994856704345161],20,0.012225003852320776
6430,0.009740764198126497,0.0,4,10000,[118.6213207296033],[2072.1312392225864],[0.994856704345161],20,0.012225003852320776
6431,-0.002328617289588208,0.0,4,10000,[118.6213207296033],[2072.1312392225864],[0.994856704345161],20,0.012225003852320776
6432,0.006048492813912281,0.0,4,10000,[118.6213207296033],[2072.1312392225864],[0.994856704345161],20,0.012225003852320776
6433,0.011077781191485819,0.0,4,10000,[118.6213207296033],[2072.1312392225864],[0.994856704345161],20,0.012225003852320776
6434,-0.008089867615370705,0.0,4,10000,[118.6213207296033],[2072.1312392225864],[0.994856704345161],20,0.012225003852320776
6435,-0.007917226668213838,0.0,4,10000,[118.6213207296033],[2072.1312392225864],[0.994856704345161],20,0.012225003852320776
6436,0.00205621050072429,0.0,4,10000,[118.6213207296033],[2072.1312392225864],[0.994856704345161],20,0.012225003852320776
6437,-0.005304893177202195,0.0,4,10000,[118.6213207296033],[2072.1312392225864],[0.994856704345161],20,0.012225003852320776
6438,0.017882489179895468,0.0,4,10000,[118.6213207296033],[2072.1312392225864],[0.994856704345161],20,0.012225003852320776
6439,-0.01989493404556619,0.0,4,10000,[118.6213207296033],[2072.1312392225864],[0.994856704345161],20,0.012225003852320776
6440,0.030713419780238418,0.0,4,10000,[118.6213207296033],[2072.1312392225864],[0.994856704345161],20,0.012225003852320776
6441,-0.011259513862012684,0.0,4,10000,[118.6213207296033],[2072.1312392225864],[0.994856704345161],20,0.012225003852320776
6442,0.010485914885667554,0.0,4,10000,[118.6213207296033],[2072.1312392225864],[0.994856704345161],20,0.012225003852320776
6443,0.02297187954775359,0.0,4,10000,[118.6213207296033],[2072.1312392225864],[0.994856704345161],20,0.012225003852320776
6444,-0.014585865092426145,0.0,4,10000,[118.6213207296033],[2072.1312392225864],[0.994856704345161],20,0.012225003852320776
6445,-0.00454679464110844,0.0,4,10000,[118.6213207296033],[2072.1312392225864],[0.994856704345161],20,0.012225003852320776
6446,-0.013923190289033717,0.0,4,10000,[118.6213207296033],[2072.1312392225864],[0.994856704345161],20,0.012225003852320776
6447,0.00037610575837049217,0.0,4,10000,[118.6213207296033],[2072.1312392225864],[0.994856704345161],20,0.012225003852320776
6448,-0.00144310984256693,0.0,4,10000,[118.6213207296033],[2072.1312392225864],[0.994856704345161],20,0.012225003852320776
6449,0.011161456654401847,0.0,4,10000,[118.6213207296033],[2072.1312392225864],[0.994856704345161],20,0.012225003852320776
6450,-0.014477010091014627,0.0,4,10000,[118.6213207296033],[2072.1312392225864],[0.994856704345161],20,0.012225003852320776
6451,-0.01082793180704142,0.0,4,10000,[118.6213207296033],[2072.1312392225864],[0.994856704345161],20,0.012225003852320776
6452,-0.0009407794008615148,0.0,4,10000,[118.6213207296033],[2072.1312392225864],[0.994856704345161],20,0.012225003852320776
6453,0.0014778800420346958,0.0,4,10000,[118.6213207296033],[2072.1312392225864],[0.994856704345161],20,0.012225003852320776
6454,0.016543286031875912,0.0,4,10000,[118.6213207296033],[2072.1312392225864],[0.994856704345161],20,0.012225003852320776
6455,-0.019483256968274878,0.0,4,10000,[118.6213207296033],[2072.1312392225864],[0.994856704345161],20,0.012225003852320776
6456,-0.003634781228042916,0.0,4,10000,[118.6213207296033],[2072.1312392225864],[0.994856704345161],20,0.012225003852320776
6457,0.002787091562969402,0.0,4,10000,[118.6213207296033],[2072.1312392225864],[0.994856704345161],20,0.012225003852320776
6458,-0.007581712083229753,0.0,4,10000,[118.6213207296033],[2072.1312392225864],[0.994856704345161],20,0.012225003852320776
6459,0.0026439925503862808,0.0,4,10000,[118.6213207296033],[2072.1312392225864],[0.994856704345161],20,0.012225003852320776
6460,-0.015223284227308145,0.0,4,10000,[118.6213207296033],[2072.1312392225864],[0.994856704345161],20,0.012225003852320776
6461,-0.009220083175527648,0.0,4,10000,[118.6213207296033],[2072.1312392225864],[0.994856704345161],20,0.012225003852320776
6462,-0.00038164321121077536,0.0,4,10000,[118.6213207296033],[2072.1312392225864],[0.994856704345161],20,0.012225003852320776
6463,-0.006001135515886505,0.0,4,10000,[118.6213207296033],[2072.1312392225864],[0.994856704345161],20,0.012225003852320776
6464,5.823158947606966e-05,0.0,4,10000,[118.6213207296033],[2072.1312392225864],[0.994856704345161],20,0.012225003852320776
6465,0.018834879101424833,0.0,4,10000,[118.6213207296033],[2072.1312392225864],[0.994856704345161],20,0.012225003852320776
6466,0.0068244983788689146,0.0,4,10000,[118.6213207296033],[2072.1312392225864],[0.994856704345161],20,0.012225003852320776
6467,0.01926921050601355,0.0,4,10000,[118.6213207296033],[2072.1312392225864],[0.994856704345161],20,0.012225003852320776
6468,0.013442993132487107,0.0,4,10000,[118.6213207296033],[2072.1312392225864],[0.994856704345161],20,0.012225003852320776
6469,0.004280382076306359,0.0,4,10000,[118.6213207296033],[2072.1312392225864],[0.994856704345161],20,0.012225003852320776
6470,-0.009589532916282313,0.0,4,10000,[118.6213207296033],[2072.1312392225864],[0.994856704345161],20,0.012225003852320776
6471,-0.009293070722049504,0.0,4,10000,[118.6213207296033],[2072.1312392225864],[0.994856704345161],20,0.012225003852320776
6472,-0.005564394419061725,0.0,4,10000,[118.6213207296033],[2072.1312392225864],[0.994856704345161],20,0.012225003852320776
6473,0.004013239485454294,0.0,4,10000,[118.6213207296033],[2072.1312392225864],[0.994856704345161],20,0.012225003852320776
6474,-0.014289100684121805,0.0,4,10000,[118.6213207296033],[2072.1312392225864],[0.994856704345161],20,0.012225003852320776
6475,-0.003396412865425188,0.0,4,10000,[118.6213207296033],[2072.1312392225864],[0.994856704345161],20,0.012225003852320776
6476,0.015295016727017248,0.0,4,10000,[118.6213207296033],[2072.1312392225864],[0.994856704345161],20,0.012225003852320776
6477,-0.00015749024493972875,0.0,4,10000,[118.6213207296033],[2072.1312392225864],[0.994856704345161],20,0.012225003852320776
6478,0.0014400841730310581,0.0,4,10000,[118.6213207296033],[2072.1312392225864],[0.994856704345161],20,0.012225003852320776
6479,0.005916837965118337,0.0,4,10000,[118.6213207296033],[2072.1312392225864],[0.994856704345161],20,0.012225003852320776
6480,0.01666064719300621,0.0,4,10000,[118.6213207296033],[2072.1312392225864],[0.994856704345161],20,0.012225003852320776
6481,-0.020735122353994752,0.0,4,10000,[118.6213207296033],[2072.1312392225864],[0.994856704345161],20,0.012225003852320776
6482,-0.017350827261110983,0.0,4,10000,[118.6213207296033],[2072.1312392225864],[0.994856704345161],20,0.012225003852320776
6483,0.003778460644653111,0.0,4,10000,[118.6213207296033],[2072.1312392225864],[0.994856704345161],20,0.012225003852320776
6484,-0.002362771813141669,0.0,4,10000,[118.6213207296033],[2072.1312392225864],[0.994856704345161],20,0.012225003852320776
6485,0.005586214984859575,0.0,4,10000,[118.6213207296033],[2072.1312392225864],[0.994856704345161],20,0.012225003852320776
6486,-0.013522268306585067,0.0,4,10000,[118.6213207296033],[2072.1312392225864],[0.994856704345161],20,0.012225003852320776
6487,-0.008348706936202792,0.0,4,10000,[118.6213207296033],[2072.1312392225864],[0.994856704345161],20,0.012225003852320776
6488,-0.02678330726005138,0.0,4,10000,[118.6213207296033],[2072.1312392225864],[0.994856704345161],20,0.012225003852320776
6489,0.029069636504683895,0.0,4,10000,[118.6213207296033],[2072.1312392225864],[0.994856704345161],20,0.012225003852320776
6490,-0.020809684597703642,0.0,4,10000,[118.6213207296033],[2072.1312392225864],[0.994856704345161],20,0.012225003852320776
6491,-0.013566985186629365,0.0,4,10000,[118.6213207296033],[2072.1312392225864],[0.994856704345161],20,0.012225003852320776
6492,0.0057567683299394184,0.0,4,10000,[118.6213207296033],[2072.1312392225864],[0.994856704345161],20,0.012225003852320776
6493,-0.009373264762558117,0.0,4,10000,[118.6213207296033],[2072.1312392225864],[0.994856704345161],20,0.012225003852320776
6494,-0.011365052922139964,0.0,4,10000,[118.6213207296033],[2072.1312392225864],[0.994856704345161],20,0.012225003852320776
6495,-0.003683927959652482,0.0,4,10000,[118.6213207296033],[2072.1312392225864],[0.994856704345161],20,0.012225003852320776
6496,-0.0036440593321659907,0.0,4,10000,[118.6213207296033],[2072.1312392225864],[0.994856704345161],20,0.012225003852320776
6497,0.005648877508992377,0.0,4,10000,[118.6213207296033],[2072.1312392225864],[0.994856704345161],20,0.012225003852320776
6498,0.005586840747899603,0.0,4,10000,[118.6213207296033],[2072.1312392225864],[0.994856704345161],20,0.012225003852320776
6499,0.015178019129108225,0.0,4,10000,[118.6213207296033],[2072.1312392225864],[0.994856704345161],20,0.012225003852320776
6500,-0.014265438999176335,0.0,4,10000,[118.6213207296033],[2072.1312392225864],[0.994856704345161],20,0.012225003852320776
6501,-0.00927518157909672,0.0,4,10000,[118.6213207296033],[2072.1312392225864],[0.994856704345161],20,0.012225003852320776
6502,0.004463993455581208,0.0,4,10000,[118.6213207296033],[2072.1312392225864],[0.994856704345161],20,0.012225003852320776
6503,0.02325924606283113,0.0,4,10000,[118.6213207296033],[2072.1312392225864],[0.994856704345161],20,0.012225003852320776
6504,0.0008385553898787259,0.0,4,10000,[118.6213207296033],[2072.1312392225864],[0.994856704345161],20,0.012225003852320776
6505,-0.00843392638237437,0.0,4,10000,[118.6213207296033],[2072.1312392225864],[0.994856704345161],20,0.012225003852320776
6506,-0.012763189330615134,0.0,4,10000,[118.6213207296033],[2072.1312392225864],[0.994856704345161],20,0.012225003852320776
6507,0.01784755566475856,0.0,4,10000,[118.6213207296033],[2072.1312392225864],[0.994856704345161],20,0.012225003852320776
6508,0.01410364689106465,0.0,4,10000,[118.6213207296033],[2072.1312392225864],[0.994856704345161],20,0.012225003852320776
6509,0.0016801374846092956,0.0,4,10000,[118.6213207296033],[2072.1312392225864],[0.994856704345161],20,0.012225003852320776
6510,-0.011925924325082975,0.0,4,10000,[118.6213207296033],[2072.1312392225864],[0.994856704345161],20,0.012225003852320776
6511,-0.0016189641402630465,0.0,4,10000,[118.6213207296033],[2072.1312392225864],[0.994856704345161],20,0.012225003852320776
6512,-0.009248273750508022,0.0,4,10000,[118.6213207296033],[2072.1312392225864],[0.994856704345161],20,0.012225003852320776
6513,0.01847447906327318,0.0,4,10000,[118.6213207296033],[2072.1312392225864],[0.994856704345161],20,0.012225003852320776
6514,0.006821086279482801,0.0,4,10000,[118.6213207296033],[2072.1312392225864],[0.994856704345161],20,0.012225003852320776
6515,0.0035899592218401606,0.0,4,10000,[118.6213207296033],[2072.1312392225864],[0.994856704345161],20,0.012225003852320776
6516,-0.023453939333758705,0.0,4,10000,[118.6213207296033],[2072.1312392225864],[0.994856704345161],20,0.012225003852320776
6517,-0.02620224551103413,0.0,4,10000,[118.6213207296033],[2072.1312392225864],[0.994856704345161],20,0.012225003852320776
6518,0.021591005348947097,0.0,4,10000,[118.6213207296033],[2072.1312392225864],[0.994856704345161],20,0.012225003852320776
6519,-0.004143565251075838,0.0,4,10000,[118.6213207296033],[2072.1312392225864],[0.994856704345161],20,0.012225003852320776
6520,-0.022271354967466666,0.0,4,10000,[118.6213207296033],[2072.1312392225864],[0.994856704345161],20,0.012225003852320776
6521,0.005562076528026792,0.0,4,10000,[118.6213207296033],[2072.1312392225864],[0.994856704345161],20,0.012225003852320776
6522,-0.009485197171266554,0.0,4,10000,[118.6213207296033],[2072.1312392225864],[0.994856704345161],20,0.012225003852320776
6523,0.0009026805465036171,0.0,4,10000,[118.6213207296033],[2072.1312392225864],[0.994856704345161],20,0.012225003852320776
6524,0.005530953277384473,0.0,4,10000,[118.6213207296033],[2072.1312392225864],[0.994856704345161],20,0.012225003852320776
6525,0.0326160327517066,0.0,4,10000,[118.6213207296033],[2072.1312392225864],[0.994856704345161],20,0.012225003852320776
6526,-0.01245933983630211,0.0,4,10000,[118.6213207296033],[2072.1312392225864],[0.994856704345161],20,0.012225003852320776
6527,-0.0003405393863984903,0.0,4,10000,[118.6213207296033],[2072.1312392225864],[0.994856704345161],20,0.012225003852320776
6528,-0.006184930952011923,0.0,4,10000,[118.6213207296033],[2072.1312392225864],[0.994856704345161],20,0.012225003852320776
6529,0.009462386383389865,0.0,4,10000,[118.6213207296033],[2072.1312392225864],[0.994856704345161],20,0.012225003852320776
6530,-0.013381642662227734,0.0,4,10000,[118.6213207296033],[2072.1312392225864],[0.994856704345161],20,0.012225003852320776
6531,-0.019084082223574498,0.0,4,10000,[118.6213207296033],[2072.1312392225864],[0.994856704345161],20,0.012225003852320776
6532,0.0032787003858300687,0.0,4,10000,[118.6213207296033],[2072.1312392225864],[0.994856704345161],20,0.012225003852320776
6533,0.022866956116778855,0.0,4,10000,[118.6213207296033],[2072.1312392225864],[0.994856704345161],20,0.012225003852320776
6534,-0.009776333746128296,0.0,4,10000,[118.6213207296033],[2072.1312392225864],[0.994856704345161],20,0.012225003852320776
6535,0.007847144161840148,0.0,4,10000,[118.6213207296033],[2072.1312392225864],[0.994856704345161],20,0.012225003852320776
6536,0.007132982764464707,0.0,4,10000,[118.6213207296033],[2072.1312392225864],[0.994856704345161],20,0.012225003852320776
6537,-0.023636292662327505,0.0,4,10000,[118.6213207296033],[2072.1312392225864],[0.994856704345161],20,0.012225003852320776
6538,-0.005771853817657927,0.0,4,10000,[118.6213207296033],[2072.1312392225864],[0.994856704345161],20,0.012225003852320776
6539,-0.0038571605538959665,0.0,4,10000,[118.6213207296033],[2072.1312392225864],[0.994856704345161],20,0.012225003852320776
6540,0.0016031563327012705,0.0,4,10000,[118.6213207296033],[2072.1312392225864],[0.994856704345161],20,0.012225003852320776
6541,0.008350053071437491,0.0,4,10000,[118.6213207296033],[2072.1312392225864],[0.994856704345161],20,0.012225003852320776
6542,-0.01105187473056751,0.0,4,10000,[118.6213207296033],[2072.1312392225864],[0.994856704345161],20,0.012225003852320776
6543,-0.014938915893763281,0.0,4,10000,[118.6213207296033],[2072.1312392225864],[0.994856704345161],20,0.012225003852320776
6544,-0.0028077065952181435,0.0,4,10000,[118.6213207296033],[2072.1312392225864],[0.994856704345161],20,0.012225003852320776
6545,0.015671734224425617,0.0,4,10000,[118.6213207296033],[2072.1312392225864],[0.994856704345161],20,0.012225003852320776
6546,-0.005480217201066778,0.0,4,10000,[118.6213207296033],[2072.1312392225864],[0.994856704345161],20,0.012225003852320776
6547,-0.012938797143341006,0.0,4,10000,[118.6213207296033],[2072.1312392225864],[0.994856704345161],20,0.012225003852320776
6548,0.007624991702991047,0.0,4,10000,[118.6213207296033],[2072.1312392225864],[0.994856704345161],20,0.012225003852320776
6549,0.010783514443535059,0.0,4,10000,[118.6213207296033],[2072.1312392225864],[0.994856704345161],20,0.012225003852320776
6550,-0.008015430611308503,0.0,4,10000,[118.6213207296033],[2072.1312392225864],[0.994856704345161],20,0.012225003852320776
6551,-0.006168335139192877,0.0,4,10000,[118.6213207296033],[2072.1312392225864],[0.994856704345161],20,0.012225003852320776
6552,-0.005934361601620701,0.0,4,10000,[118.6213207296033],[2072.1312392225864],[0.994856704345161],20,0.012225003852320776
6553,-0.0038856943708444596,0.0,4,10000,[118.6213207296033],[2072.1312392225864],[0.994856704345161],20,0.012225003852320776
6554,0.025320570460017514,0.0,4,10000,[118.6213207296033],[2072.1312392225864],[0.994856704345161],20,0.012225003852320776
6555,-0.00419318017792556,0.0,4,10000,[118.6213207296033],[2072.1312392225864],[0.994856704345161],20,0.012225003852320776
6556,-0.006602645034589027,0.0,4,10000,[118.6213207296033],[2072.1312392225864],[0.994856704345161],20,0.012225003852320776
6557,0.011386885093886044,0.0,4,10000,[118.6213207296033],[2072.1312392225864],[0.994856704345161],20,0.012225003852320776
6558,0.00463513759810436,0.0,4,10000,[118.6213207296033],[2072.1312392225864],[0.994856704345161],20,0.012225003852320776
6559,0.0004349151930870193,0.0,4,10000,[118.6213207296033],[2072.1312392225864],[0.994856704345161],20,0.012225003852320776
6560,0.01173563302806039,0.0,4,10000,[118.6213207296033],[2072.1312392225864],[0.994856704345161],20,0.012225003852320776
6561,-0.012670083361406265,0.0,4,10000,[118.6213207296033],[2072.1312392225864],[0.994856704345161],20,0.012225003852320776
6562,0.014940223298496202,0.0,4,10000,[118.6213207296033],[2072.1312392225864],[0.994856704345161],20,0.012225003852320776
6563,-0.015667660508127696,0.0,4,10000,[118.6213207296033],[2072.1312392225864],[0.994856704345161],20,0.012225003852320776
6564,-0.009268690050809386,0.0,4,10000,[118.6213207296033],[2072.1312392225864],[0.994856704345161],20,0.012225003852320776
6565,-0.0010670231271846123,0.0,4,10000,[118.6213207296033],[2072.1312392225864],[0.994856704345161],20,0.012225003852320776
6566,1.7840043908490568e-05,0.0,4,10000,[118.6213207296033],[2072.1312392225864],[0.994856704345161],20,0.012225003852320776
6567,-0.0052497774820135555,0.0,4,10000,[118.6213207296033],[2072.1312392225864],[0.994856704345161],20,0.012225003852320776
6568,-0.0023662338420326573,0.0,4,10000,[118.6213207296033],[2072.1312392225864],[0.994856704345161],20,0.012225003852320776
6569,0.011463548102546281,0.0,4,10000,[118.6213207296033],[2072.1312392225864],[0.994856704345161],20,0.012225003852320776
6570,0.007445096509699869,0.0,4,10000,[118.6213207296033],[2072.1312392225864],[0.994856704345161],20,0.012225003852320776
6571,0.010129816699287779,0.0,4,10000,[118.6213207296033],[2072.1312392225864],[0.994856704345161],20,0.012225003852320776
6572,0.03034446731493031,0.0,4,10000,[118.6213207296033],[2072.1312392225864],[0.994856704345161],20,0.012225003852320776
6573,-0.00889135425286733,0.0,4,10000,[118.6213207296033],[2072.1312392225864],[0.994856704345161],20,0.012225003852320776
6574,-0.001839716038756329,0.0,4,10000,[118.6213207296033],[2072.1312392225864],[0.994856704345161],20,0.012225003852320776
6575,-0.0018296351209065253,0.0,4,10000,[118.6213207296033],[2072.1312392225864],[0.994856704345161],20,0.012225003852320776
6576,-0.023811864988842486,0.0,4,10000,[118.6213207296033],[2072.1312392225864],[0.994856704345161],20,0.012225003852320776
6577,-0.012200300449362328,0.0,4,10000,[118.6213207296033],[2072.1312392225864],[0.994856704345161],20,0.012225003852320776
6578,0.003110136608543952,0.0,4,10000,[118.6213207296033],[2072.1312392225864],[0.994856704345161],20,0.012225003852320776
6579,-0.00472338719063159,0.0,4,10000,[118.6213207296033],[2072.1312392225864],[0.994856704345161],20,0.012225003852320776
6580,-0.004964458770062778,0.0,4,10000,[118.6213207296033],[2072.1312392225864],[0.994856704345161],20,0.012225003852320776
6581,0.0010440728805700314,0.0,4,10000,[118.6213207296033],[2072.1312392225864],[0.994856704345161],20,0.012225003852320776
6582,-0.011039786925565464,0.0,4,10000,[118.6213207296033],[2072.1312392225864],[0.994856704345161],20,0.012225003852320776
6583,-0.01227825040757439,0.0,4,10000,[118.6213207296033],[2072.1312392225864],[0.994856704345161],20,0.012225003852320776
6584,0.007065269167972298,0.0,4,10000,[118.6213207296033],[2072.1312392225864],[0.994856704345161],20,0.012225003852320776
6585,-0.001635246507895132,0.0,4,10000,[118.6213207296033],[2072.1312392225864],[0.994856704345161],20,0.012225003852320776
6586,-0.0018814339184911866,0.0,4,10000,[118.6213207296033],[2072.1312392225864],[0.994856704345161],20,0.012225003852320776
6587,-0.008781581751232356,0.0,4,10000,[118.6213207296033],[2072.1312392225864],[0.994856704345161],20,0.012225003852320776
6588,-0.006784400183630747,0.0,4,10000,[118.6213207296033],[2072.1312392225864],[0.994856704345161],20,0.012225003852320776
6589,-0.027898502617894626,0.0,4,10000,[118.6213207296033],[2072.1312392225864],[0.994856704345161],20,0.012225003852320776
6590,0.003928953158597406,0.0,4,10000,[118.6213207296033],[2072.1312392225864],[0.994856704345161],20,0.012225003852320776
6591,-0.012169446507177606,0.0,4,10000,[118.6213207296033],[2072.1312392225864],[0.994856704345161],20,0.012225003852320776
6592,0.0018958717048467386,0.0,4,10000,[118.6213207296033],[2072.1312392225864],[0.994856704345161],20,0.012225003852320776
6593,0.002535346028275059,0.0,4,10000,[118.6213207296033],[2072.1312392225864],[0.994856704345161],20,0.012225003852320776
6594,0.0005928438722534681,0.0,4,10000,[118.6213207296033],[2072.1312392225864],[0.994856704345161],20,0.012225003852320776
6595,0.0010338474807293904,0.0,4,10000,[118.6213207296033],[2072.1312392225864],[0.994856704345161],20,0.012225003852320776
6596,-0.0009770966110361017,0.0,4,10000,[118.6213207296033],[2072.1312392225864],[0.994856704345161],20,0.012225003852320776
6597,0.008322925615643765,0.0,4,10000,[118.6213207296033],[2072.1312392225864],[0.994856704345161],20,0.012225003852320776
6598,-0.0041867437914204645,0.0,4,10000,[118.6213207296033],[2072.1312392225864],[0.994856704345161],20,0.012225003852320776
6599,-0.007164741626999885,0.0,4,10000,[118.6213207296033],[2072.1312392225864],[0.994856704345161],20,0.012225003852320776
6600,0.012936613563069565,0.0,4,10000,[118.6213207296033],[2072.1312392225864],[0.994856704345161],20,0.012225003852320776
6601,0.0009300718592470114,0.0,4,10000,[118.6213207296033],[2072.1312392225864],[0.994856704345161],20,0.012225003852320776
6602,0.0103630191998078,0.0,4,10000,[118.6213207296033],[2072.1312392225864],[0.994856704345161],20,0.012225003852320776
6603,0.011804270529839166,0.0,4,10000,[118.6213207296033],[2072.1312392225864],[0.994856704345161],20,0.012225003852320776
6604,0.003365467342948537,0.0,4,10000,[118.6213207296033],[2072.1312392225864],[0.994856704345161],20,0.012225003852320776
6605,-0.006407383901672836,0.0,4,10000,[118.6213207296033],[2072.1312392225864],[0.994856704345161],20,0.012225003852320776
6606,-0.025690665511172023,0.0,4,10000,[118.6213207296033],[2072.1312392225864],[0.994856704345161],20,0.012225003852320776
6607,0.014084357256980483,0.0,4,10000,[118.6213207296033],[2072.1312392225864],[0.994856704345161],20,0.012225003852320776
6608,-0.008847952224479259,0.0,4,10000,[118.6213207296033],[2072.1312392225864],[0.994856704345161],20,0.012225003852320776
6609,0.020106151351276882,0.0,4,10000,[118.6213207296033],[2072.1312392225864],[0.994856704345161],20,0.012225003852320776
6610,-0.03482396506805697,0.0,4,10000,[118.6213207296033],[2072.1312392225864],[0.994856704345161],20,0.012225003852320776
6611,-0.014144749481657807,0.0,4,10000,[118.6213207296033],[2072.1312392225864],[0.994856704345161],20,0.012225003852320776
6612,-0.011314014976502244,0.0,4,10000,[118.6213207296033],[2072.1312392225864],[0.994856704345161],20,0.012225003852320776
6613,-0.008246550343683377,0.0,4,10000,[118.6213207296033],[2072.1312392225864],[0.994856704345161],20,0.012225003852320776
6614,-0.029702150104260625,0.0,4,10000,[118.6213207296033],[2072.1312392225864],[0.994856704345161],20,0.012225003852320776
6615,-0.015589687719505899,0.0,4,10000,[118.6213207296033],[2072.1312392225864],[0.994856704345161],20,0.012225003852320776
6616,8.641658041035283e-05,0.0,4,10000,[118.6213207296033],[2072.1312392225864],[0.994856704345161],20,0.012225003852320776
6617,-0.0004718512625596279,0.0,4,10000,[118.6213207296033],[2072.1312392225864],[0.994856704345161],20,0.012225003852320776
6618,-0.0006736361451293284,0.0,4,10000,[118.6213207296033],[2072.1312392225864],[0.994856704345161],20,0.012225003852320776
6619,0.007986604305785084,0.0,4,10000,[118.6213207296033],[2072.1312392225864],[0.994856704345161],20,0.012225003852320776
6620,0.00956260544890673,0.0,4,10000,[118.6213207296033],[2072.1312392225864],[0.994856704345161],20,0.012225003852320776
6621,-0.015910123884276508,0.0,4,10000,[118.6213207296033],[2072.1312392225864],[0.994856704345161],20,0.012225003852320776
6622,-0.028855302704713218,0.0,4,10000,[118.6213207296033],[2072.1312392225864],[0.994856704345161],20,0.012225003852320776
6623,-0.004900843854886615,0.0,4,10000,[118.6213207296033],[2072.1312392225864],[0.994856704345161],20,0.012225003852320776
6624,-0.013055907003387008,0.0,4,10000,[118.6213207296033],[2072.1312392225864],[0.994856704345161],20,0.012225003852320776
6625,0.032193089452597495,0.0,4,10000,[118.6213207296033],[2072.1312392225864],[0.994856704345161],20,0.012225003852320776
6626,0.0067323232187457335,0.0,4,10000,[118.6213207296033],[2072.1312392225864],[0.994856704345161],20,0.012225003852320776
6627,-0.0014861738347534351,0.0,4,10000,[118.6213207296033],[2072.1312392225864],[0.994856704345161],20,0.012225003852320776
6628,-0.005393399329121971,0.0,4,10000,[118.6213207296033],[2072.1312392225864],[0.994856704345161],20,0.012225003852320776
6629,-0.027392978509373982,0.0,4,10000,[118.6213207296033],[2072.1312392225864],[0.994856704345161],20,0.012225003852320776
6630,-0.0028972799063071,0.0,4,10000,[118.6213207296033],[2072.1312392225864],[0.994856704345161],20,0.012225003852320776
6631,-0.0007540338959339715,0.0,4,10000,[118.6213207296033],[2072.1312392225864],[0.994856704345161],20,0.012225003852320776
6632,0.02896895894816021,0.0,4,10000,[118.6213207296033],[2072.1312392225864],[0.994856704345161],20,0.012225003852320776
6633,0.003155215609462497,0.0,4,10000,[118.6213207296033],[2072.1312392225864],[0.994856704345161],20,0.012225003852320776
6634,0.001981745167614587,0.0,4,10000,[118.6213207296033],[2072.1312392225864],[0.994856704345161],20,0.012225003852320776
6635,0.005471989467982957,0.0,4,10000,[118.6213207296033],[2072.1312392225864],[0.994856704345161],20,0.012225003852320776
6636,-0.013971317436084736,0.0,4,10000,[118.6213207296033],[2072.1312392225864],[0.994856704345161],20,0.012225003852320776
6637,0.013373781078397205,0.0,4,10000,[118.6213207296033],[2072.1312392225864],[0.994856704345161],20,0.012225003852320776
6638,0.003817246748675915,0.0,4,10000,[118.6213207296033],[2072.1312392225864],[0.994856704345161],20,0.012225003852320776
6639,-0.007367054838836582,0.0,4,10000,[118.6213207296033],[2072.1312392225864],[0.994856704345161],20,0.012225003852320776
6640,-0.005499747914555731,0.0,4,10000,[118.6213207296033],[2072.1312392225864],[0.994856704345161],20,0.012225003852320776
6641,-0.014564412724010744,0.0,4,10000,[118.6213207296033],[2072.1312392225864],[0.994856704345161],20,0.012225003852320776
6642,0.002585898123935858,0.0,4,10000,[118.6213207296033],[2072.1312392225864],[0.994856704345161],20,0.012225003852320776
6643,-0.0030727104062110225,0.0,4,10000,[118.6213207296033],[2072.1312392225864],[0.994856704345161],20,0.012225003852320776
6644,-0.000991565402547179,0.0,4,10000,[118.6213207296033],[2072.1312392225864],[0.994856704345161],20,0.012225003852320776
6645,0.009398882461466453,0.0,4,10000,[118.6213207296033],[2072.1312392225864],[0.994856704345161],20,0.012225003852320776
6646,0.0032389275215682868,0.0,4,10000,[118.6213207296033],[2072.1312392225864],[0.994856704345161],20,0.012225003852320776
6647,-0.004611303403635675,0.0,4,10000,[118.6213207296033],[2072.1312392225864],[0.994856704345161],20,0.012225003852320776
6648,-0.014982638996775642,0.0,4,10000,[118.6213207296033],[2072.1312392225864],[0.994856704345161],20,0.012225003852320776
6649,0.007604087800254329,0.0,4,10000,[118.6213207296033],[2072.1312392225864],[0.994856704345161],20,0.012225003852320776
6650,-0.011113980830025683,0.0,4,10000,[118.6213207296033],[2072.1312392225864],[0.994856704345161],20,0.012225003852320776
6651,0.0224123661132269,0.0,4,10000,[118.6213207296033],[2072.1312392225864],[0.994856704345161],20,0.012225003852320776
6652,-0.008785172248960981,0.0,4,10000,[118.6213207296033],[2072.1312392225864],[0.994856704345161],20,0.012225003852320776
6653,0.0013717683787396158,0.0,4,10000,[118.6213207296033],[2072.1312392225864],[0.994856704345161],20,0.012225003852320776
6654,0.021822063164857564,0.0,4,10000,[118.6213207296033],[2072.1312392225864],[0.994856704345161],20,0.012225003852320776
6655,-0.004085981949818019,0.0,4,10000,[118.6213207296033],[2072.1312392225864],[0.994856704345161],20,0.012225003852320776
6656,0.0210654735313981,0.0,4,10000,[118.6213207296033],[2072.1312392225864],[0.994856704345161],20,0.012225003852320776
6657,0.011640396112188856,0.0,4,10000,[118.6213207296033],[2072.1312392225864],[0.994856704345161],20,0.012225003852320776
6658,-0.015170893514438382,0.0,4,10000,[118.6213207296033],[2072.1312392225864],[0.994856704345161],20,0.012225003852320776
6659,-0.009225888368614491,0.0,4,10000,[118.6213207296033],[2072.1312392225864],[0.994856704345161],20,0.012225003852320776
6660,0.0034244369333149122,0.0,4,10000,[118.6213207296033],[2072.1312392225864],[0.994856704345161],20,0.012225003852320776
6661,0.0027290732606525922,0.0,4,10000,[118.6213207296033],[2072.1312392225864],[0.994856704345161],20,0.012225003852320776
6662,0.007495760657333918,0.0,4,10000,[118.6213207296033],[2072.1312392225864],[0.994856704345161],20,0.012225003852320776
6663,-0.01985206911340654,0.0,4,10000,[118.6213207296033],[2072.1312392225864],[0.994856704345161],20,0.012225003852320776
6664,0.013256026045646765,0.0,4,10000,[118.6213207296033],[2072.1312392225864],[0.994856704345161],20,0.012225003852320776
6665,-0.00604853306787894,0.0,4,10000,[118.6213207296033],[2072.1312392225864],[0.994856704345161],20,0.012225003852320776
6666,0.0013556985702272452,0.0,4,10000,[118.6213207296033],[2072.1312392225864],[0.994856704345161],20,0.012225003852320776
6667,0.010163423342085698,0.0,4,10000,[118.6213207296033],[2072.1312392225864],[0.994856704345161],20,0.012225003852320776
6668,-0.0031713444731382378,0.0,4,10000,[118.6213207296033],[2072.1312392225864],[0.994856704345161],20,0.012225003852320776
6669,0.0009331122242489171,0.0,4,10000,[118.6213207296033],[2072.1312392225864],[0.994856704345161],20,0.012225003852320776
6670,-0.005526635024469502,0.0,4,10000,[118.6213207296033],[2072.1312392225864],[0.994856704345161],20,0.012225003852320776
6671,-0.00947985883444106,0.0,4,10000,[118.6213207296033],[2072.1312392225864],[0.994856704345161],20,0.012225003852320776
6672,0.01329180007737059,0.0,4,10000,[118.6213207296033],[2072.1312392225864],[0.994856704345161],20,0.012225003852320776
6673,0.009815399944255614,0.0,4,10000,[118.6213207296033],[2072.1312392225864],[0.994856704345161],20,0.012225003852320776
6674,0.013889475191878414,0.0,4,10000,[118.6213207296033],[2072.1312392225864],[0.994856704345161],20,0.012225003852320776
6675,0.007084686903453264,0.0,4,10000,[118.6213207296033],[2072.1312392225864],[0.994856704345161],20,0.012225003852320776
6676,-0.011826394812396772,0.0,4,10000,[118.6213207296033],[2072.1312392225864],[0.994856704345161],20,0.012225003852320776
6677,0.00801682577351627,0.0,4,10000,[118.6213207296033],[2072.1312392225864],[0.994856704345161],20,0.012225003852320776
6678,-0.002065335104702556,0.0,4,10000,[118.6213207296033],[2072.1312392225864],[0.994856704345161],20,0.012225003852320776
6679,0.01117124324768324,0.0,4,10000,[118.6213207296033],[2072.1312392225864],[0.994856704345161],20,0.012225003852320776
6680,-0.022236164682812205,0.0,4,10000,[118.6213207296033],[2072.1312392225864],[0.994856704345161],20,0.012225003852320776
6681,0.011548140450433212,0.0,4,10000,[118.6213207296033],[2072.1312392225864],[0.994856704345161],20,0.012225003852320776
6682,0.004616343911347358,0.0,4,10000,[118.6213207296033],[2072.1312392225864],[0.994856704345161],20,0.012225003852320776
6683,0.012856423941736566,0.0,4,10000,[118.6213207296033],[2072.1312392225864],[0.994856704345161],20,0.012225003852320776
6684,-0.004895056724119689,0.0,4,10000,[118.6213207296033],[2072.1312392225864],[0.994856704345161],20,0.012225003852320776
6685,0.00458977219477166,0.0,4,10000,[118.6213207296033],[2072.1312392225864],[0.994856704345161],20,0.012225003852320776
6686,-0.011717310669478615,0.0,4,10000,[118.6213207296033],[2072.1312392225864],[0.994856704345161],20,0.012225003852320776
6687,-0.006240303257219596,0.0,4,10000,[118.6213207296033],[2072.1312392225864],[0.994856704345161],20,0.012225003852320776
6688,-0.01297141721149863,0.0,4,10000,[118.6213207296033],[2072.1312392225864],[0.994856704345161],20,0.012225003852320776
6689,-0.011824537964968868,0.0,4,10000,[118.6213207296033],[2072.1312392225864],[0.994856704345161],20,0.012225003852320776
6690,-0.008653442010804414,0.0,4,10000,[118.6213207296033],[2072.1312392225864],[0.994856704345161],20,0.012225003852320776
6691,-0.007088541744362563,0.0,4,10000,[118.6213207296033],[2072.1312392225864],[0.994856704345161],20,0.012225003852320776
6692,0.0139402801587136,0.0,4,10000,[118.6213207296033],[2072.1312392225864],[0.994856704345161],20,0.012225003852320776
6693,-0.009491579316166721,0.0,4,10000,[118.6213207296033],[2072.1312392225864],[0.994856704345161],20,0.012225003852320776
6694,-0.020438473923543674,0.0,4,10000,[118.6213207296033],[2072.1312392225864],[0.994856704345161],20,0.012225003852320776
6695,-0.024482237510862703,0.0,4,10000,[118.6213207296033],[2072.1312392225864],[0.994856704345161],20,0.012225003852320776
6696,-0.013431292011787695,0.0,4,10000,[118.6213207296033],[2072.1312392225864],[0.994856704345161],20,0.012225003852320776
6697,0.015115119169647749,0.0,4,10000,[118.6213207296033],[2072.1312392225864],[0.994856704345161],20,0.012225003852320776
6698,-0.01006904517175364,0.0,4,10000,[118.6213207296033],[2072.1312392225864],[0.994856704345161],20,0.012225003852320776
6699,-0.007967667249586304,0.0,4,10000,[118.6213207296033],[2072.1312392225864],[0.994856704345161],20,0.012225003852320776
6700,-0.011962684564591257,0.0,4,10000,[118.6213207296033],[2072.1312392225864],[0.994856704345161],20,0.012225003852320776
6701,0.0031335728678025094,0.0,4,10000,[118.6213207296033],[2072.1312392225864],[0.994856704345161],20,0.012225003852320776
6702,0.012045945359875637,0.0,4,10000,[118.6213207296033],[2072.1312392225864],[0.994856704345161],20,0.012225003852320776
6703,0.01255546124412035,0.0,4,10000,[118.6213207296033],[2072.1312392225864],[0.994856704345161],20,0.012225003852320776
6704,-0.01639447759040186,0.0,4,10000,[118.6213207296033],[2072.1312392225864],[0.994856704345161],20,0.012225003852320776
6705,0.006384331530190048,0.0,4,10000,[118.6213207296033],[2072.1312392225864],[0.994856704345161],20,0.012225003852320776
6706,0.00425443597937368,0.0,4,10000,[118.6213207296033],[2072.1312392225864],[0.994856704345161],20,0.012225003852320776
6707,7.463748603261742e-05,0.0,4,10000,[118.6213207296033],[2072.1312392225864],[0.994856704345161],20,0.012225003852320776
6708,0.009135356686350385,0.0,4,10000,[118.6213207296033],[2072.1312392225864],[0.994856704345161],20,0.012225003852320776
6709,-0.0062999748145521626,0.0,4,10000,[118.6213207296033],[2072.1312392225864],[0.994856704345161],20,0.012225003852320776
6710,-0.0022217773555154234,0.0,4,10000,[118.6213207296033],[2072.1312392225864],[0.994856704345161],20,0.012225003852320776
6711,0.003256135183287403,0.0,4,10000,[118.6213207296033],[2072.1312392225864],[0.994856704345161],20,0.012225003852320776
6712,0.006156951365724597,0.0,4,10000,[118.6213207296033],[2072.1312392225864],[0.994856704345161],20,0.012225003852320776
6713,0.016760093766797348,0.0,4,10000,[118.6213207296033],[2072.1312392225864],[0.994856704345161],20,0.012225003852320776
6714,-0.005594686741576888,0.0,4,10000,[118.6213207296033],[2072.1312392225864],[0.994856704345161],20,0.012225003852320776
6715,0.02042500004605623,0.0,4,10000,[118.6213207296033],[2072.1312392225864],[0.994856704345161],20,0.012225003852320776
6716,-0.006101788207210733,0.0,4,10000,[118.6213207296033],[2072.1312392225864],[0.994856704345161],20,0.012225003852320776
6717,-0.00015098567649605564,0.0,4,10000,[118.6213207296033],[2072.1312392225864],[0.994856704345161],20,0.012225003852320776
6718,-0.0018505845257066884,0.0,4,10000,[118.6213207296033],[2072.1312392225864],[0.994856704345161],20,0.012225003852320776
6719,0.0060659167122717635,0.0,4,10000,[118.6213207296033],[2072.1312392225864],[0.994856704345161],20,0.012225003852320776
6720,-0.014988410221147963,0.0,4,10000,[118.6213207296033],[2072.1312392225864],[0.994856704345161],20,0.012225003852320776
6721,-0.0004785658461703357,0.0,4,10000,[118.6213207296033],[2072.1312392225864],[0.994856704345161],20,0.012225003852320776
6722,-0.0035370849126422944,0.0,4,10000,[118.6213207296033],[2072.1312392225864],[0.994856704345161],20,0.012225003852320776
6723,0.01490174913417795,0.0,4,10000,[118.6213207296033],[2072.1312392225864],[0.994856704345161],20,0.012225003852320776
6724,0.01642275457378114,0.0,4,10000,[118.6213207296033],[2072.1312392225864],[0.994856704345161],20,0.012225003852320776
6725,-0.016475725289876803,0.0,4,10000,[118.6213207296033],[2072.1312392225864],[0.994856704345161],20,0.012225003852320776
6726,-0.01582372422311938,0.0,4,10000,[118.6213207296033],[2072.1312392225864],[0.994856704345161],20,0.012225003852320776
6727,0.02378516986758507,0.0,4,10000,[118.6213207296033],[2072.1312392225864],[0.994856704345161],20,0.012225003852320776
6728,-0.0011004629294599803,0.0,4,10000,[118.6213207296033],[2072.1312392225864],[0.994856704345161],20,0.012225003852320776
6729,0.007064441044894645,0.0,4,10000,[118.6213207296033],[2072.1312392225864],[0.994856704345161],20,0.012225003852320776
6730,0.012640004842402713,0.0,4,10000,[118.6213207296033],[2072.1312392225864],[0.994856704345161],20,0.012225003852320776
6731,-0.011417042702724497,0.0,4,10000,[118.6213207296033],[2072.1312392225864],[0.994856704345161],20,0.012225003852320776
6732,-0.009947048501917702,0.0,4,10000,[118.6213207296033],[2072.1312392225864],[0.994856704345161],20,0.012225003852320776
6733,0.02389594404172578,0.0,4,10000,[118.6213207296033],[2072.1312392225864],[0.994856704345161],20,0.012225003852320776
6734,0.005331806169310135,0.0,4,10000,[118.6213207296033],[2072.1312392225864],[0.994856704345161],20,0.012225003852320776
6735,0.011847753580235914,0.0,4,10000,[118.6213207296033],[2072.1312392225864],[0.994856704345161],20,0.012225003852320776
6736,0.00867761588584834,0.0,4,10000,[118.6213207296033],[2072.1312392225864],[0.994856704345161],20,0.012225003852320776
6737,-0.001830599943888304,0.0,4,10000,[118.6213207296033],[2072.1312392225864],[0.994856704345161],20,0.012225003852320776
6738,-0.009446184718054407,0.0,4,10000,[118.6213207296033],[2072.1312392225864],[0.994856704345161],20,0.012225003852320776
6739,0.004680240419644824,0.0,4,10000,[118.6213207296033],[2072.1312392225864],[0.994856704345161],20,0.012225003852320776
6740,0.01467851155910903,0.0,4,10000,[118.6213207296033],[2072.1312392225864],[0.994856704345161],20,0.012225003852320776
6741,-0.015144947719372403,0.0,4,10000,[118.6213207296033],[2072.1312392225864],[0.994856704345161],20,0.012225003852320776
6742,-0.009789923311773063,0.0,4,10000,[118.6213207296033],[2072.1312392225864],[0.994856704345161],20,0.012225003852320776
6743,0.017731225595697783,0.0,4,10000,[118.6213207296033],[2072.1312392225864],[0.994856704345161],20,0.012225003852320776
6744,0.0006041357602889312,0.0,4,10000,[118.6213207296033],[2072.1312392225864],[0.994856704345161],20,0.012225003852320776
6745,-0.0017366395652086972,0.0,4,10000,[118.6213207296033],[2072.1312392225864],[0.994856704345161],20,0.012225003852320776
6746,-0.006328017570400686,0.0,4,10000,[118.6213207296033],[2072.1312392225864],[0.994856704345161],20,0.012225003852320776
6747,0.016223549999026702,0.0,4,10000,[118.6213207296033],[2072.1312392225864],[0.994856704345161],20,0.012225003852320776
6748,0.015506823040728706,0.0,4,10000,[118.6213207296033],[2072.1312392225864],[0.994856704345161],20,0.012225003852320776
6749,-0.01546161901130137,0.0,4,10000,[118.6213207296033],[2072.1312392225864],[0.994856704345161],20,0.012225003852320776
6750,0.011288053540442315,0.0,4,10000,[118.6213207296033],[2072.1312392225864],[0.994856704345161],20,0.012225003852320776
6751,-0.011240641794533709,0.0,4,10000,[118.6213207296033],[2072.1312392225864],[0.994856704345161],20,0.012225003852320776
6752,-0.016447436081908948,0.0,4,10000,[118.6213207296033],[2072.1312392225864],[0.994856704345161],20,0.012225003852320776
6753,0.004754025146181739,0.0,4,10000,[118.6213207296033],[2072.1312392225864],[0.994856704345161],20,0.012225003852320776
6754,0.024586248416842413,0.0,4,10000,[118.6213207296033],[2072.1312392225864],[0.994856704345161],20,0.012225003852320776
6755,-0.004807364357431608,0.0,4,10000,[118.6213207296033],[2072.1312392225864],[0.994856704345161],20,0.012225003852320776
6756,-0.008860665049201055,0.0,4,10000,[118.6213207296033],[2072.1312392225864],[0.994856704345161],20,0.012225003852320776
6757,-0.017321996960496522,0.0,4,10000,[118.6213207296033],[2072.1312392225864],[0.994856704345161],20,0.012225003852320776
6758,-0.017534460971985286,0.0,4,10000,[118.6213207296033],[2072.1312392225864],[0.994856704345161],20,0.012225003852320776
6759,0.0008387078378063027,0.0,4,10000,[118.6213207296033],[2072.1312392225864],[0.994856704345161],20,0.012225003852320776
6760,0.009385831727943808,0.0,4,10000,[118.6213207296033],[2072.1312392225864],[0.994856704345161],20,0.012225003852320776
6761,-0.0046554326589645706,0.0,4,10000,[118.6213207296033],[2072.1312392225864],[0.994856704345161],20,0.012225003852320776
6762,0.024388585675748524,0.0,4,10000,[118.6213207296033],[2072.1312392225864],[0.994856704345161],20,0.012225003852320776
6763,0.005292153293189386,0.0,4,10000,[118.6213207296033],[2072.1312392225864],[0.994856704345161],20,0.012225003852320776
6764,-0.0060976659792071446,0.0,4,10000,[118.6213207296033],[2072.1312392225864],[0.994856704345161],20,0.012225003852320776
6765,0.021995163007170172,0.0,4,10000,[118.6213207296033],[2072.1312392225864],[0.994856704345161],20,0.012225003852320776
6766,0.02133348191868064,0.0,4,10000,[118.6213207296033],[2072.1312392225864],[0.994856704345161],20,0.012225003852320776
6767,0.006263382535113519,0.0,4,10000,[118.6213207296033],[2072.1312392225864],[0.994856704345161],20,0.012225003852320776
6768,0.005735447235247714,0.0,4,10000,[118.6213207296033],[2072.1312392225864],[0.994856704345161],20,0.012225003852320776
6769,0.008401338897088651,0.0,4,10000,[118.6213207296033],[2072.1312392225864],[0.994856704345161],20,0.012225003852320776
6770,0.0007657069070165863,0.0,4,10000,[118.6213207296033],[2072.1312392225864],[0.994856704345161],20,0.012225003852320776
6771,-0.009410244032224,0.0,4,10000,[118.6213207296033],[2072.1312392225864],[0.994856704345161],20,0.012225003852320776
6772,0.00221256576754314,0.0,4,10000,[118.6213207296033],[2072.1312392225864],[0.994856704345161],20,0.012225003852320776
6773,-0.002704976617885077,0.0,4,10000,[118.6213207296033],[2072.1312392225864],[0.994856704345161],20,0.012225003852320776
6774,0.01689310277720805,0.0,4,10000,[118.6213207296033],[2072.1312392225864],[0.994856704345161],20,0.012225003852320776
6775,0.016204515377145446,0.0,4,10000,[118.6213207296033],[2072.1312392225864],[0.994856704345161],20,0.012225003852320776
6776,-0.011230824550124197,0.0,4,10000,[118.6213207296033],[2072.1312392225864],[0.994856704345161],20,0.012225003852320776
6777,0.0031728688968970984,0.0,4,10000,[118.6213207296033],[2072.1312392225864],[0.994856704345161],20,0.012225003852320776
6778,-0.024856624506766165,0.0,4,10000,[118.6213207296033],[2072.1312392225864],[0.994856704345161],20,0.012225003852320776
6779,-0.00487475212803289,0.0,4,10000,[118.6213207296033],[2072.1312392225864],[0.994856704345161],20,0.012225003852320776
6780,-0.0017692610689388612,0.0,4,10000,[118.6213207296033],[2072.1312392225864],[0.994856704345161],20,0.012225003852320776
6781,-0.00211392575428829,0.0,4,10000,[118.6213207296033],[2072.1312392225864],[0.994856704345161],20,0.012225003852320776
6782,0.006630807649603823,0.0,4,10000,[118.6213207296033],[2072.1312392225864],[0.994856704345161],20,0.012225003852320776
6783,0.03405528379743073,0.0,4,10000,[118.6213207296033],[2072.1312392225864],[0.994856704345161],20,0.012225003852320776
6784,0.005788032321199809,0.0,4,10000,[118.6213207296033],[2072.1312392225864],[0.994856704345161],20,0.012225003852320776
6785,0.009619848440914304,0.0,4,10000,[118.6213207296033],[2072.1312392225864],[0.994856704345161],20,0.012225003852320776
6786,-0.003763208924860756,0.0,4,10000,[118.6213207296033],[2072.1312392225864],[0.994856704345161],20,0.012225003852320776
6787,0.012707967638004152,0.0,4,10000,[118.6213207296033],[2072.1312392225864],[0.994856704345161],20,0.012225003852320776
6788,0.014450975014465656,0.0,4,10000,[118.6213207296033],[2072.1312392225864],[0.994856704345161],20,0.012225003852320776
6789,0.011714810004902194,0.0,4,10000,[118.6213207296033],[2072.1312392225864],[0.994856704345161],20,0.012225003852320776
6790,-0.017749458642009743,0.0,4,10000,[118.6213207296033],[2072.1312392225864],[0.994856704345161],20,0.012225003852320776
6791,-0.00884587537318194,0.0,4,10000,[118.6213207296033],[2072.1312392225864],[0.994856704345161],20,0.012225003852320776
6792,0.00013520635030347716,0.0,4,10000,[118.6213207296033],[2072.1312392225864],[0.994856704345161],20,0.012225003852320776
6793,-0.001025231190854433,0.0,4,10000,[118.6213207296033],[2072.1312392225864],[0.994856704345161],20,0.012225003852320776
6794,0.0026059709520458068,0.0,4,10000,[118.6213207296033],[2072.1312392225864],[0.994856704345161],20,0.012225003852320776
6795,0.014060783699572909,0.0,4,10000,[118.6213207296033],[2072.1312392225864],[0.994856704345161],20,0.012225003852320776
6796,-0.0046038554619120264,0.0,4,10000,[118.6213207296033],[2072.1312392225864],[0.994856704345161],20,0.012225003852320776
6797,0.010071379584299569,0.0,4,10000,[118.6213207296033],[2072.1312392225864],[0.994856704345161],20,0.012225003852320776
6798,0.026282354692030805,0.0,4,10000,[118.6213207296033],[2072.1312392225864],[0.994856704345161],20,0.012225003852320776
6799,-0.03030669573092569,0.0,4,10000,[118.6213207296033],[2072.1312392225864],[0.994856704345161],20,0.012225003852320776
6800,0.009700520516352071,0.0,4,10000,[118.6213207296033],[2072.1312392225864],[0.994856704345161],20,0.012225003852320776
6801,-0.018617040089595506,0.0,4,10000,[118.6213207296033],[2072.1312392225864],[0.994856704345161],20,0.012225003852320776
6802,0.005212287665688407,0.0,4,10000,[118.6213207296033],[2072.1312392225864],[0.994856704345161],20,0.012225003852320776
6803,-0.010720398488585806,0.0,4,10000,[118.6213207296033],[2072.1312392225864],[0.994856704345161],20,0.012225003852320776
6804,-0.016554481485511148,0.0,4,10000,[118.6213207296033],[2072.1312392225864],[0.994856704345161],20,0.012225003852320776
6805,-0.002030216777310711,0.0,4,10000,[118.6213207296033],[2072.1312392225864],[0.994856704345161],20,0.012225003852320776
6806,-0.008051405326232549,0.0,4,10000,[118.6213207296033],[2072.1312392225864],[0.994856704345161],20,0.012225003852320776
6807,0.0035363505218809366,0.0,4,10000,[118.6213207296033],[2072.1312392225864],[0.994856704345161],20,0.012225003852320776
6808,0.003624390993237143,0.0,4,10000,[118.6213207296033],[2072.1312392225864],[0.994856704345161],20,0.012225003852320776
6809,-0.02809752314702903,0.0,4,10000,[118.6213207296033],[2072.1312392225864],[0.994856704345161],20,0.012225003852320776
6810,0.011881273407477449,0.0,4,10000,[118.6213207296033],[2072.1312392225864],[0.994856704345161],20,0.012225003852320776
6811,-0.005968300346689162,0.0,4,10000,[118.6213207296033],[2072.1312392225864],[0.994856704345161],20,0.012225003852320776
6812,-0.008533587172742782,0.0,4,10000,[118.6213207296033],[2072.1312392225864],[0.994856704345161],20,0.012225003852320776
6813,0.007904111569197986,0.0,4,10000,[118.6213207296033],[2072.1312392225864],[0.994856704345161],20,0.012225003852320776
6814,0.019964724722236833,0.0,4,10000,[118.6213207296033],[2072.1312392225864],[0.994856704345161],20,0.012225003852320776
6815,-0.014651173613264866,0.0,4,10000,[118.6213207296033],[2072.1312392225864],[0.994856704345161],20,0.012225003852320776
6816,0.01352981958500033,0.0,4,10000,[118.6213207296033],[2072.1312392225864],[0.994856704345161],20,0.012225003852320776
6817,-0.00671520273982982,0.0,4,10000,[118.6213207296033],[2072.1312392225864],[0.994856704345161],20,0.012225003852320776
6818,-0.0009608185289208052,0.0,4,10000,[118.6213207296033],[2072.1312392225864],[0.994856704345161],20,0.012225003852320776
6819,0.0007615209351856225,0.0,4,10000,[118.6213207296033],[2072.1312392225864],[0.994856704345161],20,0.012225003852320776
6820,-0.009416276674959487,0.0,4,10000,[118.6213207296033],[2072.1312392225864],[0.994856704345161],20,0.012225003852320776
6821,0.006725916120437035,0.0,4,10000,[118.6213207296033],[2072.1312392225864],[0.994856704345161],20,0.012225003852320776
6822,0.00014424508883761517,0.0,4,10000,[118.6213207296033],[2072.1312392225864],[0.994856704345161],20,0.012225003852320776
6823,-0.02390635489264949,0.0,4,10000,[118.6213207296033],[2072.1312392225864],[0.994856704345161],20,0.012225003852320776
6824,-0.00910565180207426,0.0,4,10000,[118.6213207296033],[2072.1312392225864],[0.994856704345161],20,0.012225003852320776
6825,0.01128889152752168,0.0,4,10000,[118.6213207296033],[2072.1312392225864],[0.994856704345161],20,0.012225003852320776
6826,-0.0016133542027181493,0.0,4,10000,[118.6213207296033],[2072.1312392225864],[0.994856704345161],20,0.012225003852320776
6827,-0.0073818212702376025,0.0,4,10000,[118.6213207296033],[2072.1312392225864],[0.994856704345161],20,0.012225003852320776
6828,0.0009118057074672058,0.0,4,10000,[118.6213207296033],[2072.1312392225864],[0.994856704345161],20,0.012225003852320776
6829,-0.0024079272245126357,0.0,4,10000,[118.6213207296033],[2072.1312392225864],[0.994856704345161],20,0.012225003852320776
6830,-0.003365019668971282,0.0,4,10000,[118.6213207296033],[2072.1312392225864],[0.994856704345161],20,0.012225003852320776
6831,0.005055066540766622,0.0,4,10000,[118.6213207296033],[2072.1312392225864],[0.994856704345161],20,0.012225003852320776
6832,0.010883541797548376,0.0,4,10000,[118.6213207296033],[2072.1312392225864],[0.994856704345161],20,0.012225003852320776
6833,-0.013820401045082968,0.0,4,10000,[118.6213207296033],[2072.1312392225864],[0.994856704345161],20,0.012225003852320776
6834,0.003329929468709659,0.0,4,10000,[118.6213207296033],[2072.1312392225864],[0.994856704345161],20,0.012225003852320776
6835,0.005182285311614024,0.0,4,10000,[118.6213207296033],[2072.1312392225864],[0.994856704345161],20,0.012225003852320776
6836,0.01169166812305225,0.0,4,10000,[118.6213207296033],[2072.1312392225864],[0.994856704345161],20,0.012225003852320776
6837,-0.01975803381585824,0.0,4,10000,[118.6213207296033],[2072.1312392225864],[0.994856704345161],20,0.012225003852320776
6838,-0.026490346061694366,0.0,4,10000,[118.6213207296033],[2072.1312392225864],[0.994856704345161],20,0.012225003852320776
6839,-0.005687217682351323,0.0,4,10000,[118.6213207296033],[2072.1312392225864],[0.994856704345161],20,0.012225003852320776
6840,-0.00022151825063432254,0.0,4,10000,[118.6213207296033],[2072.1312392225864],[0.994856704345161],20,0.012225003852320776
6841,-0.0034758610651776777,0.0,4,10000,[118.6213207296033],[2072.1312392225864],[0.994856704345161],20,0.012225003852320776
6842,-0.0034351745035104114,0.0,4,10000,[118.6213207296033],[2072.1312392225864],[0.994856704345161],20,0.012225003852320776
6843,-0.0031178519231857514,0.0,4,10000,[118.6213207296033],[2072.1312392225864],[0.994856704345161],20,0.012225003852320776
6844,0.007212426940292122,0.0,4,10000,[118.6213207296033],[2072.1312392225864],[0.994856704345161],20,0.012225003852320776
6845,-0.004642690882709904,0.0,4,10000,[118.6213207296033],[2072.1312392225864],[0.994856704345161],20,0.012225003852320776
6846,0.001831565562090531,0.0,4,10000,[118.6213207296033],[2072.1312392225864],[0.994856704345161],20,0.012225003852320776
6847,0.011752841453679184,0.0,4,10000,[118.6213207296033],[2072.1312392225864],[0.994856704345161],20,0.012225003852320776
6848,-0.005753935358036131,0.0,4,10000,[118.6213207296033],[2072.1312392225864],[0.994856704345161],20,0.012225003852320776
6849,0.016117274101156258,0.0,4,10000,[118.6213207296033],[2072.1312392225864],[0.994856704345161],20,0.012225003852320776
6850,-0.017641710881820896,0.0,4,10000,[118.6213207296033],[2072.1312392225864],[0.994856704345161],20,0.012225003852320776
6851,-0.018021894585966543,0.0,4,10000,[118.6213207296033],[2072.1312392225864],[0.994856704345161],20,0.012225003852320776
6852,-0.005691304959117041,0.0,4,10000,[118.6213207296033],[2072.1312392225864],[0.994856704345161],20,0.012225003852320776
6853,0.0032659228280047035,0.0,4,10000,[118.6213207296033],[2072.1312392225864],[0.994856704345161],20,0.012225003852320776
6854,0.010542277910113973,0.0,4,10000,[118.6213207296033],[2072.1312392225864],[0.994856704345161],20,0.012225003852320776
6855,-0.0059911212482169586,0.0,4,10000,[118.6213207296033],[2072.1312392225864],[0.994856704345161],20,0.012225003852320776
6856,-0.0046987207375880245,0.0,4,10000,[118.6213207296033],[2072.1312392225864],[0.994856704345161],20,0.012225003852320776
6857,-0.0053055726531563725,0.0,4,10000,[118.6213207296033],[2072.1312392225864],[0.994856704345161],20,0.012225003852320776
6858,-0.015026292332053853,0.0,4,10000,[118.6213207296033],[2072.1312392225864],[0.994856704345161],20,0.012225003852320776
6859,0.01097126780488109,0.0,4,10000,[118.6213207296033],[2072.1312392225864],[0.994856704345161],20,0.012225003852320776
6860,0.006031898414233631,0.0,4,10000,[118.6213207296033],[2072.1312392225864],[0.994856704345161],20,0.012225003852320776
6861,-0.022130835468084385,0.0,4,10000,[118.6213207296033],[2072.1312392225864],[0.994856704345161],20,0.012225003852320776
6862,-0.012905327701752803,0.0,4,10000,[118.6213207296033],[2072.1312392225864],[0.994856704345161],20,0.012225003852320776
6863,0.020742144911290814,0.0,4,10000,[118.6213207296033],[2072.1312392225864],[0.994856704345161],20,0.012225003852320776
6864,0.0069021760921965675,0.0,4,10000,[118.6213207296033],[2072.1312392225864],[0.994856704345161],20,0.012225003852320776
6865,-0.0024769072936489086,0.0,4,10000,[118.6213207296033],[2072.1312392225864],[0.994856704345161],20,0.012225003852320776
6866,-0.017025292750752083,0.0,4,10000,[118.6213207296033],[2072.1312392225864],[0.994856704345161],20,0.012225003852320776
6867,-0.011074815179938741,0.0,4,10000,[118.6213207296033],[2072.1312392225864],[0.994856704345161],20,0.012225003852320776
6868,0.000734448595309139,0.0,4,10000,[118.6213207296033],[2072.1312392225864],[0.994856704345161],20,0.012225003852320776
6869,0.007012570225873694,0.0,4,10000,[118.6213207296033],[2072.1312392225864],[0.994856704345161],20,0.012225003852320776
6870,-0.01531855388064133,0.0,4,10000,[118.6213207296033],[2072.1312392225864],[0.994856704345161],20,0.012225003852320776
6871,0.004539416106189564,0.0,4,10000,[118.6213207296033],[2072.1312392225864],[0.994856704345161],20,0.012225003852320776
6872,0.004487410064647339,0.0,4,10000,[118.6213207296033],[2072.1312392225864],[0.994856704345161],20,0.012225003852320776
6873,-0.01454368196556185,0.0,4,10000,[118.6213207296033],[2072.1312392225864],[0.994856704345161],20,0.012225003852320776
6874,-0.017073169173630078,0.0,4,10000,[118.6213207296033],[2072.1312392225864],[0.994856704345161],20,0.012225003852320776
6875,0.011419079070213133,0.0,4,10000,[118.6213207296033],[2072.1312392225864],[0.994856704345161],20,0.012225003852320776
6876,0.021812929353904185,0.0,4,10000,[118.6213207296033],[2072.1312392225864],[0.994856704345161],20,0.012225003852320776
6877,0.009828368818569933,0.0,4,10000,[118.6213207296033],[2072.1312392225864],[0.994856704345161],20,0.012225003852320776
6878,0.0007532124086160081,0.0,4,10000,[118.6213207296033],[2072.1312392225864],[0.994856704345161],20,0.012225003852320776
6879,0.00859687651430078,0.0,4,10000,[118.6213207296033],[2072.1312392225864],[0.994856704345161],20,0.012225003852320776
6880,0.0013970796231308135,0.0,4,10000,[118.6213207296033],[2072.1312392225864],[0.994856704345161],20,0.012225003852320776
6881,-0.0004169766200614303,0.0,4,10000,[118.6213207296033],[2072.1312392225864],[0.994856704345161],20,0.012225003852320776
6882,-0.006991514285325609,0.0,4,10000,[118.6213207296033],[2072.1312392225864],[0.994856704345161],20,0.012225003852320776
6883,-0.014414369358120545,0.0,4,10000,[118.6213207296033],[2072.1312392225864],[0.994856704345161],20,0.012225003852320776
6884,-0.0035606338099178248,0.0,4,10000,[118.6213207296033],[2072.1312392225864],[0.994856704345161],20,0.012225003852320776
6885,0.02247610044562125,0.0,4,10000,[118.6213207296033],[2072.1312392225864],[0.994856704345161],20,0.012225003852320776
6886,0.004584857961865838,0.0,4,10000,[118.6213207296033],[2072.1312392225864],[0.994856704345161],20,0.012225003852320776
6887,-0.0050428985254378795,0.0,4,10000,[118.6213207296033],[2072.1312392225864],[0.994856704345161],20,0.012225003852320776
6888,0.006323589269579064,0.0,4,10000,[118.6213207296033],[2072.1312392225864],[0.994856704345161],20,0.012225003852320776
6889,-0.009955810816926603,0.0,4,10000,[118.6213207296033],[2072.1312392225864],[0.994856704345161],20,0.012225003852320776
6890,0.006507378662095695,0.0,4,10000,[118.6213207296033],[2072.1312392225864],[0.994856704345161],20,0.012225003852320776
6891,-0.03686987295373284,0.0,4,10000,[118.6213207296033],[2072.1312392225864],[0.994856704345161],20,0.012225003852320776
6892,-0.0018148036457883245,0.0,4,10000,[118.6213207296033],[2072.1312392225864],[0.994856704345161],20,0.012225003852320776
6893,-0.01942723014736251,0.0,4,10000,[118.6213207296033],[2072.1312392225864],[0.994856704345161],20,0.012225003852320776
6894,0.0007973293216522095,0.0,4,10000,[118.6213207296033],[2072.1312392225864],[0.994856704345161],20,0.012225003852320776
6895,-0.013450891345042175,0.0,4,10000,[118.6213207296033],[2072.1312392225864],[0.994856704345161],20,0.012225003852320776
6896,-0.001959773173416194,0.0,4,10000,[118.6213207296033],[2072.1312392225864],[0.994856704345161],20,0.012225003852320776
6897,-0.014395987600175256,0.0,4,10000,[118.6213207296033],[2072.1312392225864],[0.994856704345161],20,0.012225003852320776
6898,-0.0059917284451344996,0.0,4,10000,[118.6213207296033],[2072.1312392225864],[0.994856704345161],20,0.012225003852320776
6899,-0.007461057096428348,0.0,4,10000,[118.6213207296033],[2072.1312392225864],[0.994856704345161],20,0.012225003852320776
6900,0.0016846223357335666,0.0,4,10000,[118.6213207296033],[2072.1312392225864],[0.994856704345161],20,0.012225003852320776
6901,0.0001363761640440286,0.0,4,10000,[118.6213207296033],[2072.1312392225864],[0.994856704345161],20,0.012225003852320776
6902,-0.00943872620770825,0.0,4,10000,[118.6213207296033],[2072.1312392225864],[0.994856704345161],20,0.012225003852320776
6903,-0.004337793718272986,0.0,4,10000,[118.6213207296033],[2072.1312392225864],[0.994856704345161],20,0.012225003852320776
6904,0.006671699304579415,0.0,4,10000,[118.6213207296033],[2072.1312392225864],[0.994856704345161],20,0.012225003852320776
6905,-0.004661797433753372,0.0,4,10000,[118.6213207296033],[2072.1312392225864],[0.994856704345161],20,0.012225003852320776
6906,-0.007576921796473751,0.0,4,10000,[118.6213207296033],[2072.1312392225864],[0.994856704345161],20,0.012225003852320776
6907,-0.003293920660260603,0.0,4,10000,[118.6213207296033],[2072.1312392225864],[0.994856704345161],20,0.012225003852320776
6908,0.005564670634753348,0.0,4,10000,[118.6213207296033],[2072.1312392225864],[0.994856704345161],20,0.012225003852320776
6909,-0.013937695988297633,0.0,4,10000,[118.6213207296033],[2072.1312392225864],[0.994856704345161],20,0.012225003852320776
6910,0.020823551479229773,0.0,4,10000,[118.6213207296033],[2072.1312392225864],[0.994856704345161],20,0.012225003852320776
6911,0.004485219663467567,0.0,4,10000,[118.6213207296033],[2072.1312392225864],[0.994856704345161],20,0.012225003852320776
6912,0.00947613300307198,0.0,4,10000,[118.6213207296033],[2072.1312392225864],[0.994856704345161],20,0.012225003852320776
6913,0.007169975335255308,0.0,4,10000,[118.6213207296033],[2072.1312392225864],[0.994856704345161],20,0.012225003852320776
6914,0.007029776425175018,0.0,4,10000,[118.6213207296033],[2072.1312392225864],[0.994856704345161],20,0.012225003852320776
6915,0.029610757702282876,0.0,4,10000,[118.6213207296033],[2072.1312392225864],[0.994856704345161],20,0.012225003852320776
6916,-0.0014889368840335993,0.0,4,10000,[118.6213207296033],[2072.1312392225864],[0.994856704345161],20,0.012225003852320776
6917,-0.0007721548500257331,0.0,4,10000,[118.6213207296033],[2072.1312392225864],[0.994856704345161],20,0.012225003852320776
6918,-0.0014380293141636406,0.0,4,10000,[118.6213207296033],[2072.1312392225864],[0.994856704345161],20,0.012225003852320776
6919,-0.013598469243080289,0.0,4,10000,[118.6213207296033],[2072.1312392225864],[0.994856704345161],20,0.012225003852320776
6920,0.019335449619954228,0.0,4,10000,[118.6213207296033],[2072.1312392225864],[0.994856704345161],20,0.012225003852320776
6921,-0.010293645124161147,0.0,4,10000,[118.6213207296033],[2072.1312392225864],[0.994856704345161],20,0.012225003852320776
6922,0.02866504414072979,0.0,4,10000,[118.6213207296033],[2072.1312392225864],[0.994856704345161],20,0.012225003852320776
6923,-0.01981404446829206,0.0,4,10000,[118.6213207296033],[2072.1312392225864],[0.994856704345161],20,0.012225003852320776
6924,0.0073459644848969516,0.0,4,10000,[118.6213207296033],[2072.1312392225864],[0.994856704345161],20,0.012225003852320776
6925,0.008134034965441617,0.0,4,10000,[118.6213207296033],[2072.1312392225864],[0.994856704345161],20,0.012225003852320776
6926,-0.020057108941903126,0.0,4,10000,[118.6213207296033],[2072.1312392225864],[0.994856704345161],20,0.012225003852320776
6927,0.0021964719422137733,0.0,4,10000,[118.6213207296033],[2072.1312392225864],[0.994856704345161],20,0.012225003852320776
6928,-0.013853860053819578,0.0,4,10000,[118.6213207296033],[2072.1312392225864],[0.994856704345161],20,0.012225003852320776
6929,-0.0010230293457920024,0.0,4,10000,[118.6213207296033],[2072.1312392225864],[0.994856704345161],20,0.012225003852320776
6930,0.0003820810384982399,0.0,4,10000,[118.6213207296033],[2072.1312392225864],[0.994856704345161],20,0.012225003852320776
6931,0.0004874879666410522,0.0,4,10000,[118.6213207296033],[2072.1312392225864],[0.994856704345161],20,0.012225003852320776
6932,-0.005951501014267997,0.0,4,10000,[118.6213207296033],[2072.1312392225864],[0.994856704345161],20,0.012225003852320776
6933,-0.007394704446079473,0.0,4,10000,[118.6213207296033],[2072.1312392225864],[0.994856704345161],20,0.012225003852320776
6934,0.0029084013274368087,0.0,4,10000,[118.6213207296033],[2072.1312392225864],[0.994856704345161],20,0.012225003852320776
6935,-0.01162969825921776,0.0,4,10000,[118.6213207296033],[2072.1312392225864],[0.994856704345161],20,0.012225003852320776
6936,0.007153959291677089,0.0,4,10000,[118.6213207296033],[2072.1312392225864],[0.994856704345161],20,0.012225003852320776
6937,-0.00044240144072047735,0.0,4,10000,[118.6213207296033],[2072.1312392225864],[0.994856704345161],20,0.012225003852320776
6938,0.0006414407180132031,0.0,4,10000,[118.6213207296033],[2072.1312392225864],[0.994856704345161],20,0.012225003852320776
6939,-0.02809196541461722,0.0,4,10000,[118.6213207296033],[2072.1312392225864],[0.994856704345161],20,0.012225003852320776
6940,0.018209638472443737,0.0,4,10000,[118.6213207296033],[2072.1312392225864],[0.994856704345161],20,0.012225003852320776
6941,0.003251452281080516,0.0,4,10000,[118.6213207296033],[2072.1312392225864],[0.994856704345161],20,0.012225003852320776
6942,-0.017027261440790507,0.0,4,10000,[118.6213207296033],[2072.1312392225864],[0.994856704345161],20,0.012225003852320776
6943,-0.009921716832730321,0.0,4,10000,[118.6213207296033],[2072.1312392225864],[0.994856704345161],20,0.012225003852320776
6944,0.0030168661213356386,0.0,4,10000,[118.6213207296033],[2072.1312392225864],[0.994856704345161],20,0.012225003852320776
6945,-0.0007447918767328948,0.0,4,10000,[118.6213207296033],[2072.1312392225864],[0.994856704345161],20,0.012225003852320776
6946,0.021047947237980983,0.0,4,10000,[118.6213207296033],[2072.1312392225864],[0.994856704345161],20,0.012225003852320776
6947,-0.005806459609860428,0.0,4,10000,[118.6213207296033],[2072.1312392225864],[0.994856704345161],20,0.012225003852320776
6948,-0.00735330940301702,0.0,4,10000,[118.6213207296033],[2072.1312392225864],[0.994856704345161],20,0.012225003852320776
6949,-0.018758484562436496,0.0,4,10000,[118.6213207296033],[2072.1312392225864],[0.994856704345161],20,0.012225003852320776
6950,-0.03047345003438646,0.0,4,10000,[118.6213207296033],[2072.1312392225864],[0.994856704345161],20,0.012225003852320776
6951,-0.007576236280962485,0.0,4,10000,[118.6213207296033],[2072.1312392225864],[0.994856704345161],20,0.012225003852320776
6952,0.005187772105632634,0.0,4,10000,[118.6213207296033],[2072.1312392225864],[0.994856704345161],20,0.012225003852320776
6953,-0.0029841996912681147,0.0,4,10000,[118.6213207296033],[2072.1312392225864],[0.994856704345161],20,0.012225003852320776
6954,0.005024977599367661,0.0,4,10000,[118.6213207296033],[2072.1312392225864],[0.994856704345161],20,0.012225003852320776
6955,0.012975400802844398,0.0,4,10000,[118.6213207296033],[2072.1312392225864],[0.994856704345161],20,0.012225003852320776
6956,-0.004952371301046723,0.0,4,10000,[118.6213207296033],[2072.1312392225864],[0.994856704345161],20,0.012225003852320776
6957,-5.1227988259163336e-05,0.0,4,10000,[118.6213207296033],[2072.1312392225864],[0.994856704345161],20,0.012225003852320776
6958,-0.004257016174946655,0.0,4,10000,[118.6213207296033],[2072.1312392225864],[0.994856704345161],20,0.012225003852320776
6959,0.001975980282922659,0.0,4,10000,[118.6213207296033],[2072.1312392225864],[0.994856704345161],20,0.012225003852320776
6960,0.0028926470052644602,0.0,4,10000,[118.6213207296033],[2072.1312392225864],[0.994856704345161],20,0.012225003852320776
6961,0.011115304909467435,0.0,4,10000,[118.6213207296033],[2072.1312392225864],[0.994856704345161],20,0.012225003852320776
6962,-0.002171340513906969,0.0,4,10000,[118.6213207296033],[2072.1312392225864],[0.994856704345161],20,0.012225003852320776
6963,0.0008214744328754751,0.0,4,10000,[118.6213207296033],[2072.1312392225864],[0.994856704345161],20,0.012225003852320776
6964,-0.010182922231324656,0.0,4,10000,[118.6213207296033],[2072.1312392225864],[0.994856704345161],20,0.012225003852320776
6965,0.004092974232198986,0.0,4,10000,[118.6213207296033],[2072.1312392225864],[0.994856704345161],20,0.012225003852320776
6966,-0.012835923666335168,0.0,4,10000,[118.6213207296033],[2072.1312392225864],[0.994856704345161],20,0.012225003852320776
6967,0.005848678560073396,0.0,4,10000,[118.6213207296033],[2072.1312392225864],[0.994856704345161],20,0.012225003852320776
6968,0.02394600991131869,0.0,4,10000,[118.6213207296033],[2072.1312392225864],[0.994856704345161],20,0.012225003852320776
6969,-0.003939271403850276,0.0,4,10000,[118.6213207296033],[2072.1312392225864],[0.994856704345161],20,0.012225003852320776
6970,0.006929511942167039,0.0,4,10000,[118.6213207296033],[2072.1312392225864],[0.994856704345161],20,0.012225003852320776
6971,0.009099316376490613,0.0,4,10000,[118.6213207296033],[2072.1312392225864],[0.994856704345161],20,0.012225003852320776
6972,0.0010008329468899361,0.0,4,10000,[118.6213207296033],[2072.1312392225864],[0.994856704345161],20,0.012225003852320776
6973,0.009948326466812788,0.0,4,10000,[118.6213207296033],[2072.1312392225864],[0.994856704345161],20,0.012225003852320776
6974,0.016502091831470424,0.0,4,10000,[118.6213207296033],[2072.1312392225864],[0.994856704345161],20,0.012225003852320776
6975,-0.010041816306109421,0.0,4,10000,[118.6213207296033],[2072.1312392225864],[0.994856704345161],20,0.012225003852320776
6976,0.0011992886347504865,0.0,4,10000,[118.6213207296033],[2072.1312392225864],[0.994856704345161],20,0.012225003852320776
6977,0.011256914921060582,0.0,4,10000,[118.6213207296033],[2072.1312392225864],[0.994856704345161],20,0.012225003852320776
6978,0.003496064873858735,0.0,4,10000,[118.6213207296033],[2072.1312392225864],[0.994856704345161],20,0.012225003852320776
6979,0.005718577029976087,0.0,4,10000,[118.6213207296033],[2072.1312392225864],[0.994856704345161],20,0.012225003852320776
6980,0.018536764293030954,0.0,4,10000,[118.6213207296033],[2072.1312392225864],[0.994856704345161],20,0.012225003852320776
6981,0.003757075076376615,0.0,4,10000,[118.6213207296033],[2072.1312392225864],[0.994856704345161],20,0.012225003852320776
6982,-0.013553161233855308,0.0,4,10000,[118.6213207296033],[2072.1312392225864],[0.994856704345161],20,0.012225003852320776
6983,-0.010247637199749386,0.0,4,10000,[118.6213207296033],[2072.1312392225864],[0.994856704345161],20,0.012225003852320776
6984,0.0015408915977572503,0.0,4,10000,[118.6213207296033],[2072.1312392225864],[0.994856704345161],20,0.012225003852320776
6985,0.020419984458934705,0.0,4,10000,[118.6213207296033],[2072.1312392225864],[0.994856704345161],20,0.012225003852320776
6986,-0.016783546484069364,0.0,4,10000,[118.6213207296033],[2072.1312392225864],[0.994856704345161],20,0.012225003852320776
6987,-0.0044163828652465965,0.0,4,10000,[118.6213207296033],[2072.1312392225864],[0.994856704345161],20,0.012225003852320776
6988,-0.012058325037032943,0.0,4,10000,[118.6213207296033],[2072.1312392225864],[0.994856704345161],20,0.012225003852320776
6989,-0.015066372414580722,0.0,4,10000,[118.6213207296033],[2072.1312392225864],[0.994856704345161],20,0.012225003852320776
6990,-0.010738144012217694,0.0,4,10000,[118.6213207296033],[2072.1312392225864],[0.994856704345161],20,0.012225003852320776
6991,0.010928611386191073,0.0,4,10000,[118.6213207296033],[2072.1312392225864],[0.994856704345161],20,0.012225003852320776
6992,-0.012248370727342668,0.0,4,10000,[118.6213207296033],[2072.1312392225864],[0.994856704345161],20,0.012225003852320776
6993,-0.0006489772600806286,0.0,4,10000,[118.6213207296033],[2072.1312392225864],[0.994856704345161],20,0.012225003852320776
6994,0.0019289005778134506,0.0,4,10000,[118.6213207296033],[2072.1312392225864],[0.994856704345161],20,0.012225003852320776
6995,0.008729742052502307,0.0,4,10000,[118.6213207296033],[2072.1312392225864],[0.994856704345161],20,0.012225003852320776
6996,0.009432023532031653,0.0,4,10000,[118.6213207296033],[2072.1312392225864],[0.994856704345161],20,0.012225003852320776
6997,-0.010553452548806847,0.0,4,10000,[118.6213207296033],[2072.1312392225864],[0.994856704345161],20,0.012225003852320776
6998,0.008584202824092552,0.0,4,10000,[118.6213207296033],[2072.1312392225864],[0.994856704345161],20,0.012225003852320776
6999,0.004844596777715166,0.0,4,10000,[118.6213207296033],[2072.1312392225864],[0.994856704345161],20,0.012225003852320776
7000,-0.002980801167432848,0.0,4,10000,[118.6213207296033],[2072.1312392225864],[0.994856704345161],20,0.012225003852320776
7001,-0.02026043897579989,0.0,4,10000,[118.6213207296033],[2072.1312392225864],[0.994856704345161],20,0.012225003852320776
7002,0.01971254629296861,0.0,4,10000,[118.6213207296033],[2072.1312392225864],[0.994856704345161],20,0.012225003852320776
7003,0.010406934234394429,0.0,4,10000,[118.6213207296033],[2072.1312392225864],[0.994856704345161],20,0.012225003852320776
7004,-0.018436086184398303,0.0,4,10000,[118.6213207296033],[2072.1312392225864],[0.994856704345161],20,0.012225003852320776
7005,-0.014590074495618012,0.0,4,10000,[118.6213207296033],[2072.1312392225864],[0.994856704345161],20,0.012225003852320776
7006,0.018997895096922866,0.0,4,10000,[118.6213207296033],[2072.1312392225864],[0.994856704345161],20,0.012225003852320776
7007,-0.0046904689785550145,0.0,4,10000,[118.6213207296033],[2072.1312392225864],[0.994856704345161],20,0.012225003852320776
7008,-0.008486531676746293,0.0,4,10000,[118.6213207296033],[2072.1312392225864],[0.994856704345161],20,0.012225003852320776
7009,-0.009503875144281323,0.0,4,10000,[118.6213207296033],[2072.1312392225864],[0.994856704345161],20,0.012225003852320776
7010,-0.0010434858028373886,0.0,4,10000,[118.6213207296033],[2072.1312392225864],[0.994856704345161],20,0.012225003852320776
7011,-0.001004252867823566,0.0,4,10000,[118.6213207296033],[2072.1312392225864],[0.994856704345161],20,0.012225003852320776
7012,0.016515749302747657,0.0,4,10000,[118.6213207296033],[2072.1312392225864],[0.994856704345161],20,0.012225003852320776
7013,0.0019121366202959078,0.0,4,10000,[118.6213207296033],[2072.1312392225864],[0.994856704345161],20,0.012225003852320776
7014,0.0022160992163064914,0.0,4,10000,[118.6213207296033],[2072.1312392225864],[0.994856704345161],20,0.012225003852320776
7015,0.01760042013575567,0.0,4,10000,[118.6213207296033],[2072.1312392225864],[0.994856704345161],20,0.012225003852320776
7016,-0.00654888445653276,0.0,4,10000,[118.6213207296033],[2072.1312392225864],[0.994856704345161],20,0.012225003852320776
7017,0.011097141356093125,0.0,4,10000,[118.6213207296033],[2072.1312392225864],[0.994856704345161],20,0.012225003852320776
7018,0.002134133120789958,0.0,4,10000,[118.6213207296033],[2072.1312392225864],[0.994856704345161],20,0.012225003852320776
7019,0.014251041391378722,0.0,4,10000,[118.6213207296033],[2072.1312392225864],[0.994856704345161],20,0.012225003852320776
7020,0.0014025586527015505,0.0,4,10000,[118.6213207296033],[2072.1312392225864],[0.994856704345161],20,0.012225003852320776
7021,0.013671247631233802,0.0,4,10000,[118.6213207296033],[2072.1312392225864],[0.994856704345161],20,0.012225003852320776
7022,1.780222486103324e-05,0.0,4,10000,[118.6213207296033],[2072.1312392225864],[0.994856704345161],20,0.012225003852320776
7023,0.021152735047415185,0.0,4,10000,[118.6213207296033],[2072.1312392225864],[0.994856704345161],20,0.012225003852320776
7024,0.016405720204007695,0.0,4,10000,[118.6213207296033],[2072.1312392225864],[0.994856704345161],20,0.012225003852320776
7025,-0.003911598548056129,0.0,4,10000,[118.6213207296033],[2072.1312392225864],[0.994856704345161],20,0.012225003852320776
7026,-0.012198135318737535,0.0,4,10000,[118.6213207296033],[2072.1312392225864],[0.994856704345161],20,0.012225003852320776
7027,-0.004002002963317372,0.0,4,10000,[118.6213207296033],[2072.1312392225864],[0.994856704345161],20,0.012225003852320776
7028,0.009965160693123268,0.0,4,10000,[118.6213207296033],[2072.1312392225864],[0.994856704345161],20,0.012225003852320776
7029,-0.003090648350047289,0.0,4,10000,[118.6213207296033],[2072.1312392225864],[0.994856704345161],20,0.012225003852320776
7030,-0.00010909955404575255,0.0,4,10000,[118.6213207296033],[2072.1312392225864],[0.994856704345161],20,0.012225003852320776
7031,0.001127852444498197,0.0,4,10000,[118.6213207296033],[2072.1312392225864],[0.994856704345161],20,0.012225003852320776
7032,0.003659245041386086,0.0,4,10000,[118.6213207296033],[2072.1312392225864],[0.994856704345161],20,0.012225003852320776
7033,-0.0010351525140904203,0.0,4,10000,[118.6213207296033],[2072.1312392225864],[0.994856704345161],20,0.012225003852320776
7034,0.0019932927562062498,0.0,4,10000,[118.6213207296033],[2072.1312392225864],[0.994856704345161],20,0.012225003852320776
7035,-0.008116719638466342,0.0,4,10000,[118.6213207296033],[2072.1312392225864],[0.994856704345161],20,0.012225003852320776
7036,-0.0030844282830800405,0.0,4,10000,[118.6213207296033],[2072.1312392225864],[0.994856704345161],20,0.012225003852320776
7037,0.00020902820480664613,0.0,4,10000,[118.6213207296033],[2072.1312392225864],[0.994856704345161],20,0.012225003852320776
7038,-0.010613015792613428,0.0,4,10000,[118.6213207296033],[2072.1312392225864],[0.994856704345161],20,0.012225003852320776
7039,-0.019013639596305885,0.0,4,10000,[118.6213207296033],[2072.1312392225864],[0.994856704345161],20,0.012225003852320776
7040,-0.006009157791005737,0.0,4,10000,[118.6213207296033],[2072.1312392225864],[0.994856704345161],20,0.012225003852320776
7041,0.005161827216280234,0.0,4,10000,[118.6213207296033],[2072.1312392225864],[0.994856704345161],20,0.012225003852320776
7042,-0.021209461335128122,0.0,4,10000,[118.6213207296033],[2072.1312392225864],[0.994856704345161],20,0.012225003852320776
7043,0.0161153646007062,0.0,4,10000,[118.6213207296033],[2072.1312392225864],[0.994856704345161],20,0.012225003852320776
7044,0.007834365078838643,0.0,4,10000,[118.6213207296033],[2072.1312392225864],[0.994856704345161],20,0.012225003852320776
7045,0.003775843354679488,0.0,4,10000,[118.6213207296033],[2072.1312392225864],[0.994856704345161],20,0.012225003852320776
7046,0.02232785107101099,0.0,4,10000,[118.6213207296033],[2072.1312392225864],[0.994856704345161],20,0.012225003852320776
7047,-0.009964987610805505,0.0,4,10000,[118.6213207296033],[2072.1312392225864],[0.994856704345161],20,0.012225003852320776
7048,-0.011791626383943973,0.0,4,10000,[118.6213207296033],[2072.1312392225864],[0.994856704345161],20,0.012225003852320776
7049,0.0027789810480481035,0.0,4,10000,[118.6213207296033],[2072.1312392225864],[0.994856704345161],20,0.012225003852320776
7050,-0.010169214469969245,0.0,4,10000,[118.6213207296033],[2072.1312392225864],[0.994856704345161],20,0.012225003852320776
7051,-0.008805921273764132,0.0,4,10000,[118.6213207296033],[2072.1312392225864],[0.994856704345161],20,0.012225003852320776
7052,-0.005724327526606356,0.0,4,10000,[118.6213207296033],[2072.1312392225864],[0.994856704345161],20,0.012225003852320776
7053,-0.0053461608163888445,0.0,4,10000,[118.6213207296033],[2072.1312392225864],[0.994856704345161],20,0.012225003852320776
7054,0.00505956000795793,0.0,4,10000,[118.6213207296033],[2072.1312392225864],[0.994856704345161],20,0.012225003852320776
7055,-0.01819437617447752,0.0,4,10000,[118.6213207296033],[2072.1312392225864],[0.994856704345161],20,0.012225003852320776
7056,0.008260190282758177,0.0,4,10000,[118.6213207296033],[2072.1312392225864],[0.994856704345161],20,0.012225003852320776
7057,0.002800186834247527,0.0,4,10000,[118.6213207296033],[2072.1312392225864],[0.994856704345161],20,0.012225003852320776
7058,-0.00035893148807318386,0.0,4,10000,[118.6213207296033],[2072.1312392225864],[0.994856704345161],20,0.012225003852320776
7059,0.005941725831898877,0.0,4,10000,[118.6213207296033],[2072.1312392225864],[0.994856704345161],20,0.012225003852320776
7060,0.008515341121983626,0.0,4,10000,[118.6213207296033],[2072.1312392225864],[0.994856704345161],20,0.012225003852320776
7061,0.005130855238138387,0.0,4,10000,[118.6213207296033],[2072.1312392225864],[0.994856704345161],20,0.012225003852320776
7062,0.0024182441368081698,0.0,4,10000,[118.6213207296033],[2072.1312392225864],[0.994856704345161],20,0.012225003852320776
7063,-0.015047832275093294,0.0,4,10000,[118.6213207296033],[2072.1312392225864],[0.994856704345161],20,0.012225003852320776
7064,-0.02546148734874783,0.0,4,10000,[118.6213207296033],[2072.1312392225864],[0.994856704345161],20,0.012225003852320776
7065,6.442639203976692e-05,0.0,4,10000,[118.6213207296033],[2072.1312392225864],[0.994856704345161],20,0.012225003852320776
7066,0.03187472250174527,0.0,4,10000,[118.6213207296033],[2072.1312392225864],[0.994856704345161],20,0.012225003852320776
7067,0.006853627492495946,0.0,4,10000,[118.6213207296033],[2072.1312392225864],[0.994856704345161],20,0.012225003852320776
7068,-0.016531296315471948,0.0,4,10000,[118.6213207296033],[2072.1312392225864],[0.994856704345161],20,0.012225003852320776
7069,-0.013851424571265846,0.0,4,10000,[118.6213207296033],[2072.1312392225864],[0.994856704345161],20,0.012225003852320776
7070,-0.008233017355895655,0.0,4,10000,[118.6213207296033],[2072.1312392225864],[0.994856704345161],20,0.012225003852320776
7071,-0.006113656467779602,0.0,4,10000,[118.6213207296033],[2072.1312392225864],[0.994856704345161],20,0.012225003852320776
7072,0.013224559733314229,0.0,4,10000,[118.6213207296033],[2072.1312392225864],[0.994856704345161],20,0.012225003852320776
7073,0.009247917584925783,0.0,4,10000,[118.6213207296033],[2072.1312392225864],[0.994856704345161],20,0.012225003852320776
7074,0.023917319405812903,0.0,4,10000,[118.6213207296033],[2072.1312392225864],[0.994856704345161],20,0.012225003852320776
7075,0.002799764964502314,0.0,4,10000,[118.6213207296033],[2072.1312392225864],[0.994856704345161],20,0.012225003852320776
7076,0.0026652010444569558,0.0,4,10000,[118.6213207296033],[2072.1312392225864],[0.994856704345161],20,0.012225003852320776
7077,0.017020713022243426,0.0,4,10000,[118.6213207296033],[2072.1312392225864],[0.994856704345161],20,0.012225003852320776
7078,-0.029374084267518294,0.0,4,10000,[118.6213207296033],[2072.1312392225864],[0.994856704345161],20,0.012225003852320776
7079,3.073113744035689e-05,0.0,4,10000,[118.6213207296033],[2072.1312392225864],[0.994856704345161],20,0.012225003852320776
7080,-0.0017694788862885986,0.0,4,10000,[118.6213207296033],[2072.1312392225864],[0.994856704345161],20,0.012225003852320776
7081,-0.010263781218957298,0.0,4,10000,[118.6213207296033],[2072.1312392225864],[0.994856704345161],20,0.012225003852320776
7082,0.00108247121109941,0.0,4,10000,[118.6213207296033],[2072.1312392225864],[0.994856704345161],20,0.012225003852320776
7083,-0.007199167215635643,0.0,4,10000,[118.6213207296033],[2072.1312392225864],[0.994856704345161],20,0.012225003852320776
7084,-0.005172293215597513,0.0,4,10000,[118.6213207296033],[2072.1312392225864],[0.994856704345161],20,0.012225003852320776
7085,-0.008516559841731672,0.0,4,10000,[118.6213207296033],[2072.1312392225864],[0.994856704345161],20,0.012225003852320776
7086,-0.022580136049674404,0.0,4,10000,[118.6213207296033],[2072.1312392225864],[0.994856704345161],20,0.012225003852320776
7087,0.014288620835139253,0.0,4,10000,[118.6213207296033],[2072.1312392225864],[0.994856704345161],20,0.012225003852320776
7088,0.0050998241324416195,0.0,4,10000,[118.6213207296033],[2072.1312392225864],[0.994856704345161],20,0.012225003852320776
7089,-0.021525267934792473,0.0,4,10000,[118.6213207296033],[2072.1312392225864],[0.994856704345161],20,0.012225003852320776
7090,0.0015511834390907735,0.0,4,10000,[118.6213207296033],[2072.1312392225864],[0.994856704345161],20,0.012225003852320776
7091,-0.009753806080326357,0.0,4,10000,[118.6213207296033],[2072.1312392225864],[0.994856704345161],20,0.012225003852320776
7092,-0.005208524272055271,0.0,4,10000,[118.6213207296033],[2072.1312392225864],[0.994856704345161],20,0.012225003852320776
7093,-0.005089467969249881,0.0,4,10000,[118.6213207296033],[2072.1312392225864],[0.994856704345161],20,0.012225003852320776
7094,0.01782075416624392,0.0,4,10000,[118.6213207296033],[2072.1312392225864],[0.994856704345161],20,0.012225003852320776
7095,0.01828289490501602,0.0,4,10000,[118.6213207296033],[2072.1312392225864],[0.994856704345161],20,0.012225003852320776
7096,0.003713108840287961,0.0,4,10000,[118.6213207296033],[2072.1312392225864],[0.994856704345161],20,0.012225003852320776
7097,0.007085968842945411,0.0,4,10000,[118.6213207296033],[2072.1312392225864],[0.994856704345161],20,0.012225003852320776
7098,0.0026256929589343948,0.0,4,10000,[118.6213207296033],[2072.1312392225864],[0.994856704345161],20,0.012225003852320776
7099,-0.01162933621952865,0.0,4,10000,[118.6213207296033],[2072.1312392225864],[0.994856704345161],20,0.012225003852320776
7100,0.0029295972789369603,0.0,4,10000,[118.6213207296033],[2072.1312392225864],[0.994856704345161],20,0.012225003852320776
7101,-0.005564089152912867,0.0,4,10000,[118.6213207296033],[2072.1312392225864],[0.994856704345161],20,0.012225003852320776
7102,0.028441930799614858,0.0,4,10000,[118.6213207296033],[2072.1312392225864],[0.994856704345161],20,0.012225003852320776
7103,-0.001032819718186666,0.0,4,10000,[118.6213207296033],[2072.1312392225864],[0.994856704345161],20,0.012225003852320776
7104,-0.016616981142119045,0.0,4,10000,[118.6213207296033],[2072.1312392225864],[0.994856704345161],20,0.012225003852320776
7105,0.015142004056555927,0.0,4,10000,[118.6213207296033],[2072.1312392225864],[0.994856704345161],20,0.012225003852320776
7106,0.011452914083058987,0.0,4,10000,[118.6213207296033],[2072.1312392225864],[0.994856704345161],20,0.012225003852320776
7107,0.02578919829502786,0.0,4,10000,[118.6213207296033],[2072.1312392225864],[0.994856704345161],20,0.012225003852320776
7108,-0.0013615459815050732,0.0,4,10000,[118.6213207296033],[2072.1312392225864],[0.994856704345161],20,0.012225003852320776
7109,0.014911919484357557,0.0,4,10000,[118.6213207296033],[2072.1312392225864],[0.994856704345161],20,0.012225003852320776
7110,0.008139202635421198,0.0,4,10000,[118.6213207296033],[2072.1312392225864],[0.994856704345161],20,0.012225003852320776
7111,-0.0041981151559296916,0.0,4,10000,[118.6213207296033],[2072.1312392225864],[0.994856704345161],20,0.012225003852320776
7112,-0.0006842595791365142,0.0,4,10000,[118.6213207296033],[2072.1312392225864],[0.994856704345161],20,0.012225003852320776
7113,-0.011479204313377261,0.0,4,10000,[118.6213207296033],[2072.1312392225864],[0.994856704345161],20,0.012225003852320776
7114,0.016158502318791634,0.0,4,10000,[118.6213207296033],[2072.1312392225864],[0.994856704345161],20,0.012225003852320776
7115,-0.003859734364465889,0.0,4,10000,[118.6213207296033],[2072.1312392225864],[0.994856704345161],20,0.012225003852320776
7116,0.021046545337189047,0.0,4,10000,[118.6213207296033],[2072.1312392225864],[0.994856704345161],20,0.012225003852320776
7117,0.004578837567413702,0.0,4,10000,[118.6213207296033],[2072.1312392225864],[0.994856704345161],20,0.012225003852320776
7118,-0.0034361453054997664,0.0,4,10000,[118.6213207296033],[2072.1312392225864],[0.994856704345161],20,0.012225003852320776
7119,-0.01199690464437935,0.0,4,10000,[118.6213207296033],[2072.1312392225864],[0.994856704345161],20,0.012225003852320776
7120,0.007531903240593138,0.0,4,10000,[118.6213207296033],[2072.1312392225864],[0.994856704345161],20,0.012225003852320776
7121,0.009101381845278745,0.0,4,10000,[118.6213207296033],[2072.1312392225864],[0.994856704345161],20,0.012225003852320776
7122,0.015220198760259129,0.0,4,10000,[118.6213207296033],[2072.1312392225864],[0.994856704345161],20,0.012225003852320776
7123,0.011152841187997637,0.0,4,10000,[118.6213207296033],[2072.1312392225864],[0.994856704345161],20,0.012225003852320776
7124,0.00222674711564888,0.0,4,10000,[118.6213207296033],[2072.1312392225864],[0.994856704345161],20,0.012225003852320776
7125,-0.0114197056614528,0.0,4,10000,[118.6213207296033],[2072.1312392225864],[0.994856704345161],20,0.012225003852320776
7126,-0.023489568557188124,0.0,4,10000,[118.6213207296033],[2072.1312392225864],[0.994856704345161],20,0.012225003852320776
7127,-0.011401609914372987,0.0,4,10000,[118.6213207296033],[2072.1312392225864],[0.994856704345161],20,0.012225003852320776
7128,-0.015374478382677616,0.0,4,10000,[118.6213207296033],[2072.1312392225864],[0.994856704345161],20,0.012225003852320776
7129,0.01586903098001718,0.0,4,10000,[118.6213207296033],[2072.1312392225864],[0.994856704345161],20,0.012225003852320776
7130,-0.0009213082531891877,0.0,4,10000,[118.6213207296033],[2072.1312392225864],[0.994856704345161],20,0.012225003852320776
7131,-0.002795511813910176,0.0,4,10000,[118.6213207296033],[2072.1312392225864],[0.994856704345161],20,0.012225003852320776
7132,-0.006527361377480253,0.0,4,10000,[118.6213207296033],[2072.1312392225864],[0.994856704345161],20,0.012225003852320776
7133,0.0053610241337407275,0.0,4,10000,[118.6213207296033],[2072.1312392225864],[0.994856704345161],20,0.012225003852320776
7134,-0.015262873347467927,0.0,4,10000,[118.6213207296033],[2072.1312392225864],[0.994856704345161],20,0.012225003852320776
7135,0.008832370710088373,0.0,4,10000,[118.6213207296033],[2072.1312392225864],[0.994856704345161],20,0.012225003852320776
7136,-0.009719561710854552,0.0,4,10000,[118.6213207296033],[2072.1312392225864],[0.994856704345161],20,0.012225003852320776
7137,-0.0008765967461178425,0.0,4,10000,[118.6213207296033],[2072.1312392225864],[0.994856704345161],20,0.012225003852320776
7138,0.0038745277261763695,0.0,4,10000,[118.6213207296033],[2072.1312392225864],[0.994856704345161],20,0.012225003852320776
7139,0.006240443986077379,0.0,4,10000,[118.6213207296033],[2072.1312392225864],[0.994856704345161],20,0.012225003852320776
7140,0.003992287374855864,0.0,4,10000,[118.6213207296033],[2072.1312392225864],[0.994856704345161],20,0.012225003852320776
7141,-0.014703122578455338,0.0,4,10000,[118.6213207296033],[2072.1312392225864],[0.994856704345161],20,0.012225003852320776
7142,-0.02022011469664326,0.0,4,10000,[118.6213207296033],[2072.1312392225864],[0.994856704345161],20,0.012225003852320776
7143,0.010176846171029704,0.0,4,10000,[118.6213207296033],[2072.1312392225864],[0.994856704345161],20,0.012225003852320776
7144,-0.01887717648384631,0.0,4,10000,[118.6213207296033],[2072.1312392225864],[0.994856704345161],20,0.012225003852320776
7145,-0.004910939093616248,0.0,4,10000,[118.6213207296033],[2072.1312392225864],[0.994856704345161],20,0.012225003852320776
7146,-0.010437464339909157,0.0,4,10000,[118.6213207296033],[2072.1312392225864],[0.994856704345161],20,0.012225003852320776
7147,0.003677890159737863,0.0,4,10000,[118.6213207296033],[2072.1312392225864],[0.994856704345161],20,0.012225003852320776
7148,-0.004560761709407297,0.0,4,10000,[118.6213207296033],[2072.1312392225864],[0.994856704345161],20,0.012225003852320776
7149,0.006316924205377722,0.0,4,10000,[118.6213207296033],[2072.1312392225864],[0.994856704345161],20,0.012225003852320776
7150,-0.01068871448282234,0.0,4,10000,[118.6213207296033],[2072.1312392225864],[0.994856704345161],20,0.012225003852320776
7151,0.006091731879917695,0.0,4,10000,[118.6213207296033],[2072.1312392225864],[0.994856704345161],20,0.012225003852320776
7152,0.016294703975788163,0.0,4,10000,[118.6213207296033],[2072.1312392225864],[0.994856704345161],20,0.012225003852320776
7153,-0.008437769162487337,0.0,4,10000,[118.6213207296033],[2072.1312392225864],[0.994856704345161],20,0.012225003852320776
7154,-0.023647975352401197,0.0,4,10000,[118.6213207296033],[2072.1312392225864],[0.994856704345161],20,0.012225003852320776
7155,-0.011461473516953891,0.0,4,10000,[118.6213207296033],[2072.1312392225864],[0.994856704345161],20,0.012225003852320776
7156,-0.019446637378192095,0.0,4,10000,[118.6213207296033],[2072.1312392225864],[0.994856704345161],20,0.012225003852320776
7157,0.02193713293674059,0.0,4,10000,[118.6213207296033],[2072.1312392225864],[0.994856704345161],20,0.012225003852320776
7158,-0.009895844952308481,0.0,4,10000,[118.6213207296033],[2072.1312392225864],[0.994856704345161],20,0.012225003852320776
7159,-0.004582623911494752,0.0,4,10000,[118.6213207296033],[2072.1312392225864],[0.994856704345161],20,0.012225003852320776
7160,0.008973177207797115,0.0,4,10000,[118.6213207296033],[2072.1312392225864],[0.994856704345161],20,0.012225003852320776
7161,-0.017269198763811205,0.0,4,10000,[118.6213207296033],[2072.1312392225864],[0.994856704345161],20,0.012225003852320776
7162,-0.0014583711586472266,0.0,4,10000,[118.6213207296033],[2072.1312392225864],[0.994856704345161],20,0.012225003852320776
7163,-0.010358670323068895,0.0,4,10000,[118.6213207296033],[2072.1312392225864],[0.994856704345161],20,0.012225003852320776
7164,0.01726715510047071,0.0,4,10000,[118.6213207296033],[2072.1312392225864],[0.994856704345161],20,0.012225003852320776
7165,-0.00014672511134769067,0.0,4,10000,[118.6213207296033],[2072.1312392225864],[0.994856704345161],20,0.012225003852320776
7166,0.012507001816967884,0.0,4,10000,[118.6213207296033],[2072.1312392225864],[0.994856704345161],20,0.012225003852320776
7167,0.019950275431486943,0.0,4,10000,[118.6213207296033],[2072.1312392225864],[0.994856704345161],20,0.012225003852320776
7168,-0.007702504405390797,0.0,4,10000,[118.6213207296033],[2072.1312392225864],[0.994856704345161],20,0.012225003852320776
7169,0.013123361591911003,0.0,4,10000,[118.6213207296033],[2072.1312392225864],[0.994856704345161],20,0.012225003852320776
7170,-0.014089394656776765,0.0,4,10000,[118.6213207296033],[2072.1312392225864],[0.994856704345161],20,0.012225003852320776
7171,0.015968776557110844,0.0,4,10000,[118.6213207296033],[2072.1312392225864],[0.994856704345161],20,0.012225003852320776
7172,0.00418291224631077,0.0,4,10000,[118.6213207296033],[2072.1312392225864],[0.994856704345161],20,0.012225003852320776
7173,0.010669945157984539,0.0,4,10000,[118.6213207296033],[2072.1312392225864],[0.994856704345161],20,0.012225003852320776
7174,0.0014771926605437673,0.0,4,10000,[118.6213207296033],[2072.1312392225864],[0.994856704345161],20,0.012225003852320776
7175,-0.00540853752145269,0.0,4,10000,[118.6213207296033],[2072.1312392225864],[0.994856704345161],20,0.012225003852320776
7176,-0.00025995651041067655,0.0,4,10000,[118.6213207296033],[2072.1312392225864],[0.994856704345161],20,0.012225003852320776
7177,0.027174905871398095,0.0,4,10000,[118.6213207296033],[2072.1312392225864],[0.994856704345161],20,0.012225003852320776
7178,-0.004285869125850935,0.0,4,10000,[118.6213207296033],[2072.1312392225864],[0.994856704345161],20,0.012225003852320776
7179,-0.003840614564987616,0.0,4,10000,[118.6213207296033],[2072.1312392225864],[0.994856704345161],20,0.012225003852320776
7180,-0.002457574053745764,0.0,4,10000,[118.6213207296033],[2072.1312392225864],[0.994856704345161],20,0.012225003852320776
7181,0.0014384184437122626,0.0,4,10000,[118.6213207296033],[2072.1312392225864],[0.994856704345161],20,0.012225003852320776
7182,0.020691845347835733,0.0,4,10000,[118.6213207296033],[2072.1312392225864],[0.994856704345161],20,0.012225003852320776
7183,-0.006670358946426067,0.0,4,10000,[118.6213207296033],[2072.1312392225864],[0.994856704345161],20,0.012225003852320776
7184,-0.009650299863643729,0.0,4,10000,[118.6213207296033],[2072.1312392225864],[0.994856704345161],20,0.012225003852320776
7185,0.016726380818724445,0.0,4,10000,[118.6213207296033],[2072.1312392225864],[0.994856704345161],20,0.012225003852320776
7186,0.013577135288856774,0.0,4,10000,[118.6213207296033],[2072.1312392225864],[0.994856704345161],20,0.012225003852320776
7187,0.012433924601454406,0.0,4,10000,[118.6213207296033],[2072.1312392225864],[0.994856704345161],20,0.012225003852320776
7188,0.001682092970250216,0.0,4,10000,[118.6213207296033],[2072.1312392225864],[0.994856704345161],20,0.012225003852320776
7189,-0.016573845766124126,0.0,4,10000,[118.6213207296033],[2072.1312392225864],[0.994856704345161],20,0.012225003852320776
7190,0.006196996677220184,0.0,4,10000,[118.6213207296033],[2072.1312392225864],[0.994856704345161],20,0.012225003852320776
7191,0.015142855281908802,0.0,4,10000,[118.6213207296033],[2072.1312392225864],[0.994856704345161],20,0.012225003852320776
7192,0.006517122162635872,0.0,4,10000,[118.6213207296033],[2072.1312392225864],[0.994856704345161],20,0.012225003852320776
7193,0.003036692678018166,0.0,4,10000,[118.6213207296033],[2072.1312392225864],[0.994856704345161],20,0.012225003852320776
7194,-0.007694744972650319,0.0,4,10000,[118.6213207296033],[2072.1312392225864],[0.994856704345161],20,0.012225003852320776
7195,0.0014761626484319445,0.0,4,10000,[118.6213207296033],[2072.1312392225864],[0.994856704345161],20,0.012225003852320776
7196,0.01328485554232007,0.0,4,10000,[118.6213207296033],[2072.1312392225864],[0.994856704345161],20,0.012225003852320776
7197,0.02258029394882517,0.0,4,10000,[118.6213207296033],[2072.1312392225864],[0.994856704345161],20,0.012225003852320776
7198,0.0003198718513654133,0.0,4,10000,[118.6213207296033],[2072.1312392225864],[0.994856704345161],20,0.012225003852320776
7199,0.0031408563590859377,0.0,4,10000,[118.6213207296033],[2072.1312392225864],[0.994856704345161],20,0.012225003852320776
7200,0.009994756853594024,0.0,4,10000,[118.6213207296033],[2072.1312392225864],[0.994856704345161],20,0.012225003852320776
7201,0.04170716196913562,0.0,4,10000,[118.6213207296033],[2072.1312392225864],[0.994856704345161],20,0.012225003852320776
7202,-0.028253176766436745,0.0,4,10000,[118.6213207296033],[2072.1312392225864],[0.994856704345161],20,0.012225003852320776
7203,0.043016115149503945,0.0,4,10000,[118.6213207296033],[2072.1312392225864],[0.994856704345161],20,0.012225003852320776
7204,0.0077578529947432175,0.0,4,10000,[118.6213207296033],[2072.1312392225864],[0.994856704345161],20,0.012225003852320776
7205,-0.006362769201575685,0.0,4,10000,[118.6213207296033],[2072.1312392225864],[0.994856704345161],20,0.012225003852320776
7206,-0.012793525191741045,0.0,4,10000,[118.6213207296033],[2072.1312392225864],[0.994856704345161],20,0.012225003852320776
7207,0.018764569959179786,0.0,4,10000,[118.6213207296033],[2072.1312392225864],[0.994856704345161],20,0.012225003852320776
7208,0.010771936739980422,0.0,4,10000,[118.6213207296033],[2072.1312392225864],[0.994856704345161],20,0.012225003852320776
7209,0.013467585439643862,0.0,4,10000,[118.6213207296033],[2072.1312392225864],[0.994856704345161],20,0.012225003852320776
7210,0.002287823753427538,0.0,4,10000,[118.6213207296033],[2072.1312392225864],[0.994856704345161],20,0.012225003852320776
7211,0.012097323377424331,0.0,4,10000,[118.6213207296033],[2072.1312392225864],[0.994856704345161],20,0.012225003852320776
7212,0.0023514167045107564,0.0,4,10000,[118.6213207296033],[2072.1312392225864],[0.994856704345161],20,0.012225003852320776
7213,-0.004211055521687788,0.0,4,10000,[118.6213207296033],[2072.1312392225864],[0.994856704345161],20,0.012225003852320776
7214,-0.0024929028443774447,0.0,4,10000,[118.6213207296033],[2072.1312392225864],[0.994856704345161],20,0.012225003852320776
7215,0.006630479561377776,0.0,4,10000,[118.6213207296033],[2072.1312392225864],[0.994856704345161],20,0.012225003852320776
7216,-0.02078626622737123,0.0,4,10000,[118.6213207296033],[2072.1312392225864],[0.994856704345161],20,0.012225003852320776
7217,0.0021372757196858063,0.0,4,10000,[118.6213207296033],[2072.1312392225864],[0.994856704345161],20,0.012225003852320776
7218,0.013298801219496437,0.0,4,10000,[118.6213207296033],[2072.1312392225864],[0.994856704345161],20,0.012225003852320776
7219,-0.0002870982527388938,0.0,4,10000,[118.6213207296033],[2072.1312392225864],[0.994856704345161],20,0.012225003852320776
7220,0.0299422729663611,0.0,4,10000,[118.6213207296033],[2072.1312392225864],[0.994856704345161],20,0.012225003852320776
7221,0.02335612390293596,0.0,4,10000,[118.6213207296033],[2072.1312392225864],[0.994856704345161],20,0.012225003852320776
7222,-0.002839380730215591,0.0,4,10000,[118.6213207296033],[2072.1312392225864],[0.994856704345161],20,0.012225003852320776
7223,0.007129710200032593,0.0,4,10000,[118.6213207296033],[2072.1312392225864],[0.994856704345161],20,0.012225003852320776
7224,-0.016165908403681678,0.0,4,10000,[118.6213207296033],[2072.1312392225864],[0.994856704345161],20,0.012225003852320776
7225,-0.014941504656426319,0.0,4,10000,[118.6213207296033],[2072.1312392225864],[0.994856704345161],20,0.012225003852320776
7226,-0.003908881472567243,0.0,4,10000,[118.6213207296033],[2072.1312392225864],[0.994856704345161],20,0.012225003852320776
7227,-0.00726931347844303,0.0,4,10000,[118.6213207296033],[2072.1312392225864],[0.994856704345161],20,0.012225003852320776
7228,-0.0018396787014976874,0.0,4,10000,[118.6213207296033],[2072.1312392225864],[0.994856704345161],20,0.012225003852320776
7229,0.005544843738944969,0.0,4,10000,[118.6213207296033],[2072.1312392225864],[0.994856704345161],20,0.012225003852320776
7230,-0.010681034653463506,0.0,4,10000,[118.6213207296033],[2072.1312392225864],[0.994856704345161],20,0.012225003852320776
7231,0.015701829336242375,0.0,4,10000,[118.6213207296033],[2072.1312392225864],[0.994856704345161],20,0.012225003852320776
7232,-0.0032192300136523063,0.0,4,10000,[118.6213207296033],[2072.1312392225864],[0.994856704345161],20,0.012225003852320776
7233,0.02023237914022673,0.0,4,10000,[118.6213207296033],[2072.1312392225864],[0.994856704345161],20,0.012225003852320776
7234,-0.0017505311749614742,0.0,4,10000,[118.6213207296033],[2072.1312392225864],[0.994856704345161],20,0.012225003852320776
7235,0.002876265257284354,0.0,4,10000,[118.6213207296033],[2072.1312392225864],[0.994856704345161],20,0.012225003852320776
7236,-0.012750804418069327,0.0,4,10000,[118.6213207296033],[2072.1312392225864],[0.994856704345161],20,0.012225003852320776
7237,-0.0026025435745983855,0.0,4,10000,[118.6213207296033],[2072.1312392225864],[0.994856704345161],20,0.012225003852320776
7238,-0.015430190809860835,0.0,4,10000,[118.6213207296033],[2072.1312392225864],[0.994856704345161],20,0.012225003852320776
7239,-0.01051432608089815,0.0,4,10000,[118.6213207296033],[2072.1312392225864],[0.994856704345161],20,0.012225003852320776
7240,-0.004933970434971969,0.0,4,10000,[118.6213207296033],[2072.1312392225864],[0.994856704345161],20,0.012225003852320776
7241,-0.01691624512174877,0.0,4,10000,[118.6213207296033],[2072.1312392225864],[0.994856704345161],20,0.012225003852320776
7242,0.008664198695641905,0.0,4,10000,[118.6213207296033],[2072.1312392225864],[0.994856704345161],20,0.012225003852320776
7243,0.02094098255507941,0.0,4,10000,[118.6213207296033],[2072.1312392225864],[0.994856704345161],20,0.012225003852320776
7244,0.010166407283380327,0.0,4,10000,[118.6213207296033],[2072.1312392225864],[0.994856704345161],20,0.012225003852320776
7245,-0.011669283889151975,0.0,4,10000,[118.6213207296033],[2072.1312392225864],[0.994856704345161],20,0.012225003852320776
7246,0.0006573554660454614,0.0,4,10000,[118.6213207296033],[2072.1312392225864],[0.994856704345161],20,0.012225003852320776
7247,0.00823822960633374,0.0,4,10000,[118.6213207296033],[2072.1312392225864],[0.994856704345161],20,0.012225003852320776
7248,-0.0067312134504769194,0.0,4,10000,[118.6213207296033],[2072.1312392225864],[0.994856704345161],20,0.012225003852320776
7249,0.0050425041930404375,0.0,4,10000,[118.6213207296033],[2072.1312392225864],[0.994856704345161],20,0.012225003852320776
7250,0.01095925694979942,0.0,4,10000,[118.6213207296033],[2072.1312392225864],[0.994856704345161],20,0.012225003852320776
7251,-0.01713350801296869,0.0,4,10000,[118.6213207296033],[2072.1312392225864],[0.994856704345161],20,0.012225003852320776
7252,0.004621299138214484,0.0,4,10000,[118.6213207296033],[2072.1312392225864],[0.994856704345161],20,0.012225003852320776
7253,0.012116912964913915,0.0,4,10000,[118.6213207296033],[2072.1312392225864],[0.994856704345161],20,0.012225003852320776
7254,-0.003237248453907539,0.0,4,10000,[118.6213207296033],[2072.1312392225864],[0.994856704345161],20,0.012225003852320776
7255,0.010291918667095216,0.0,4,10000,[118.6213207296033],[2072.1312392225864],[0.994856704345161],20,0.012225003852320776
7256,0.012477418433303609,0.0,4,10000,[118.6213207296033],[2072.1312392225864],[0.994856704345161],20,0.012225003852320776
7257,-0.007519780996405384,0.0,4,10000,[118.6213207296033],[2072.1312392225864],[0.994856704345161],20,0.012225003852320776
7258,-0.013485965624519718,0.0,4,10000,[118.6213207296033],[2072.1312392225864],[0.994856704345161],20,0.012225003852320776
7259,-0.004362603775135556,0.0,4,10000,[118.6213207296033],[2072.1312392225864],[0.994856704345161],20,0.012225003852320776
7260,-0.011789435429863512,0.0,4,10000,[118.6213207296033],[2072.1312392225864],[0.994856704345161],20,0.012225003852320776
7261,0.006776731083155532,0.0,4,10000,[118.6213207296033],[2072.1312392225864],[0.994856704345161],20,0.012225003852320776
7262,0.002687824450444357,0.0,4,10000,[118.6213207296033],[2072.1312392225864],[0.994856704345161],20,0.012225003852320776
7263,-0.0005343917182714488,0.0,4,10000,[118.6213207296033],[2072.1312392225864],[0.994856704345161],20,0.012225003852320776
7264,0.020877896497671914,0.0,4,10000,[118.6213207296033],[2072.1312392225864],[0.994856704345161],20,0.012225003852320776
7265,-0.014098031132894201,0.0,4,10000,[118.6213207296033],[2072.1312392225864],[0.994856704345161],20,0.012225003852320776
7266,-0.006608575204644821,0.0,4,10000,[118.6213207296033],[2072.1312392225864],[0.994856704345161],20,0.012225003852320776
7267,0.0043122168990018025,0.0,4,10000,[118.6213207296033],[2072.1312392225864],[0.994856704345161],20,0.012225003852320776
7268,-0.013919881576310442,0.0,4,10000,[118.6213207296033],[2072.1312392225864],[0.994856704345161],20,0.012225003852320776
7269,0.016211997654443082,0.0,4,10000,[118.6213207296033],[2072.1312392225864],[0.994856704345161],20,0.012225003852320776
7270,0.001427686429854463,0.0,4,10000,[118.6213207296033],[2072.1312392225864],[0.994856704345161],20,0.012225003852320776
7271,-0.012319337455098054,0.0,4,10000,[118.6213207296033],[2072.1312392225864],[0.994856704345161],20,0.012225003852320776
7272,0.007339559926056152,0.0,4,10000,[118.6213207296033],[2072.1312392225864],[0.994856704345161],20,0.012225003852320776
7273,0.005169734446443279,0.0,4,10000,[118.6213207296033],[2072.1312392225864],[0.994856704345161],20,0.012225003852320776
7274,0.017161239483392862,0.0,4,10000,[118.6213207296033],[2072.1312392225864],[0.994856704345161],20,0.012225003852320776
7275,0.007011346838390292,0.0,4,10000,[118.6213207296033],[2072.1312392225864],[0.994856704345161],20,0.012225003852320776
7276,0.01755050472343151,0.0,4,10000,[118.6213207296033],[2072.1312392225864],[0.994856704345161],20,0.012225003852320776
7277,0.011234745016750586,0.0,4,10000,[118.6213207296033],[2072.1312392225864],[0.994856704345161],20,0.012225003852320776
7278,-0.01689411724515633,0.0,4,10000,[118.6213207296033],[2072.1312392225864],[0.994856704345161],20,0.012225003852320776
7279,-0.012425676585437922,0.0,4,10000,[118.6213207296033],[2072.1312392225864],[0.994856704345161],20,0.012225003852320776
7280,-0.0058233249692857605,0.0,4,10000,[118.6213207296033],[2072.1312392225864],[0.994856704345161],20,0.012225003852320776
7281,-0.006903976340117318,0.0,4,10000,[118.6213207296033],[2072.1312392225864],[0.994856704345161],20,0.012225003852320776
7282,0.011954524302827965,0.0,4,10000,[118.6213207296033],[2072.1312392225864],[0.994856704345161],20,0.012225003852320776
7283,-0.010910766751533026,0.0,4,10000,[118.6213207296033],[2072.1312392225864],[0.994856704345161],20,0.012225003852320776
7284,0.003948153810572915,0.0,4,10000,[118.6213207296033],[2072.1312392225864],[0.994856704345161],20,0.012225003852320776
7285,0.007201096128740199,0.0,4,10000,[118.6213207296033],[2072.1312392225864],[0.994856704345161],20,0.012225003852320776
7286,0.004546748712968607,0.0,4,10000,[118.6213207296033],[2072.1312392225864],[0.994856704345161],20,0.012225003852320776
7287,-0.006122547937934236,0.0,4,10000,[118.6213207296033],[2072.1312392225864],[0.994856704345161],20,0.012225003852320776
7288,-0.006043650939281702,0.0,4,10000,[118.6213207296033],[2072.1312392225864],[0.994856704345161],20,0.012225003852320776
7289,-0.01154803955358072,0.0,4,10000,[118.6213207296033],[2072.1312392225864],[0.994856704345161],20,0.012225003852320776
7290,0.0015947030891590571,0.0,4,10000,[118.6213207296033],[2072.1312392225864],[0.994856704345161],20,0.012225003852320776
7291,0.018691359974280983,0.0,4,10000,[118.6213207296033],[2072.1312392225864],[0.994856704345161],20,0.012225003852320776
7292,-0.020671576950489743,0.0,4,10000,[118.6213207296033],[2072.1312392225864],[0.994856704345161],20,0.012225003852320776
7293,0.006226242347292784,0.0,4,10000,[118.6213207296033],[2072.1312392225864],[0.994856704345161],20,0.012225003852320776
7294,0.0067543224876715924,0.0,4,10000,[118.6213207296033],[2072.1312392225864],[0.994856704345161],20,0.012225003852320776
7295,0.009174731339203704,0.0,4,10000,[118.6213207296033],[2072.1312392225864],[0.994856704345161],20,0.012225003852320776
7296,-0.013117469621232818,0.0,4,10000,[118.6213207296033],[2072.1312392225864],[0.994856704345161],20,0.012225003852320776
7297,-0.0004430545473344458,0.0,4,10000,[118.6213207296033],[2072.1312392225864],[0.994856704345161],20,0.012225003852320776
7298,-0.0017787386620055218,0.0,4,10000,[118.6213207296033],[2072.1312392225864],[0.994856704345161],20,0.012225003852320776
7299,0.00824791154884575,0.0,4,10000,[118.6213207296033],[2072.1312392225864],[0.994856704345161],20,0.012225003852320776
7300,-0.023629369241407395,0.0,4,10000,[118.6213207296033],[2072.1312392225864],[0.994856704345161],20,0.012225003852320776
7301,-0.021461631401828295,0.0,4,10000,[118.6213207296033],[2072.1312392225864],[0.994856704345161],20,0.012225003852320776
7302,0.0003263639205727876,0.0,4,10000,[118.6213207296033],[2072.1312392225864],[0.994856704345161],20,0.012225003852320776
7303,0.0016379126234226011,0.0,4,10000,[118.6213207296033],[2072.1312392225864],[0.994856704345161],20,0.012225003852320776
7304,-0.0216313327142397,0.0,4,10000,[118.6213207296033],[2072.1312392225864],[0.994856704345161],20,0.012225003852320776
7305,0.004803657524487579,0.0,4,10000,[118.6213207296033],[2072.1312392225864],[0.994856704345161],20,0.012225003852320776
7306,-0.0022455702204263375,0.0,4,10000,[118.6213207296033],[2072.1312392225864],[0.994856704345161],20,0.012225003852320776
7307,0.012085910871405477,0.0,4,10000,[118.6213207296033],[2072.1312392225864],[0.994856704345161],20,0.012225003852320776
7308,0.00809556293466444,0.0,4,10000,[118.6213207296033],[2072.1312392225864],[0.994856704345161],20,0.012225003852320776
7309,-0.005611980800253567,0.0,4,10000,[118.6213207296033],[2072.1312392225864],[0.994856704345161],20,0.012225003852320776
7310,-0.0026570597191767596,0.0,4,10000,[118.6213207296033],[2072.1312392225864],[0.994856704345161],20,0.012225003852320776
7311,0.017956994224846708,0.0,4,10000,[118.6213207296033],[2072.1312392225864],[0.994856704345161],20,0.012225003852320776
7312,0.004631230095113463,0.0,4,10000,[118.6213207296033],[2072.1312392225864],[0.994856704345161],20,0.012225003852320776
7313,-0.004478512285114132,0.0,4,10000,[118.6213207296033],[2072.1312392225864],[0.994856704345161],20,0.012225003852320776
7314,-0.018957255129446175,0.0,4,10000,[118.6213207296033],[2072.1312392225864],[0.994856704345161],20,0.012225003852320776
7315,0.009837017642349885,0.0,4,10000,[118.6213207296033],[2072.1312392225864],[0.994856704345161],20,0.012225003852320776
7316,0.01824340775916461,0.0,4,10000,[118.6213207296033],[2072.1312392225864],[0.994856704345161],20,0.012225003852320776
7317,-0.016132429511262897,0.0,4,10000,[118.6213207296033],[2072.1312392225864],[0.994856704345161],20,0.012225003852320776
7318,0.004214512555035014,0.0,4,10000,[118.6213207296033],[2072.1312392225864],[0.994856704345161],20,0.012225003852320776
7319,-0.020478499095339973,0.0,4,10000,[118.6213207296033],[2072.1312392225864],[0.994856704345161],20,0.012225003852320776
7320,-0.00916624782107395,0.0,4,10000,[118.6213207296033],[2072.1312392225864],[0.994856704345161],20,0.012225003852320776
7321,0.009408338018828665,0.0,4,10000,[118.6213207296033],[2072.1312392225864],[0.994856704345161],20,0.012225003852320776
7322,0.014394223257977996,0.0,4,10000,[118.6213207296033],[2072.1312392225864],[0.994856704345161],20,0.012225003852320776
7323,0.005479305973898357,0.0,4,10000,[118.6213207296033],[2072.1312392225864],[0.994856704345161],20,0.012225003852320776
7324,0.014426393732344112,0.0,4,10000,[118.6213207296033],[2072.1312392225864],[0.994856704345161],20,0.012225003852320776
7325,0.006016174801986423,0.0,4,10000,[118.6213207296033],[2072.1312392225864],[0.994856704345161],20,0.012225003852320776
7326,-0.010345615445501055,0.0,4,10000,[118.6213207296033],[2072.1312392225864],[0.994856704345161],20,0.012225003852320776
7327,0.012335729723613898,0.0,4,10000,[118.6213207296033],[2072.1312392225864],[0.994856704345161],20,0.012225003852320776
7328,0.007622334133908249,0.0,4,10000,[118.6213207296033],[2072.1312392225864],[0.994856704345161],20,0.012225003852320776
7329,0.003965731750076872,0.0,4,10000,[118.6213207296033],[2072.1312392225864],[0.994856704345161],20,0.012225003852320776
7330,0.0016525651820431168,0.0,4,10000,[118.6213207296033],[2072.1312392225864],[0.994856704345161],20,0.012225003852320776
7331,-0.01093856260328605,0.0,4,10000,[118.6213207296033],[2072.1312392225864],[0.994856704345161],20,0.012225003852320776
7332,0.007212722313547783,0.0,4,10000,[118.6213207296033],[2072.1312392225864],[0.994856704345161],20,0.012225003852320776
7333,-0.01394582605243383,0.0,4,10000,[118.6213207296033],[2072.1312392225864],[0.994856704345161],20,0.012225003852320776
7334,0.00687470707858984,0.0,4,10000,[118.6213207296033],[2072.1312392225864],[0.994856704345161],20,0.012225003852320776
7335,0.03250356223845585,0.0,4,10000,[118.6213207296033],[2072.1312392225864],[0.994856704345161],20,0.012225003852320776
7336,-0.009974645211446349,0.0,4,10000,[118.6213207296033],[2072.1312392225864],[0.994856704345161],20,0.012225003852320776
7337,-0.00954637301534973,0.0,4,10000,[118.6213207296033],[2072.1312392225864],[0.994856704345161],20,0.012225003852320776
7338,0.00916114504120594,0.0,4,10000,[118.6213207296033],[2072.1312392225864],[0.994856704345161],20,0.012225003852320776
7339,0.005552319350871948,0.0,4,10000,[118.6213207296033],[2072.1312392225864],[0.994856704345161],20,0.012225003852320776
7340,0.0015284600729571455,0.0,4,10000,[118.6213207296033],[2072.1312392225864],[0.994856704345161],20,0.012225003852320776
7341,0.008560442328882962,0.0,4,10000,[118.6213207296033],[2072.1312392225864],[0.994856704345161],20,0.012225003852320776
7342,-0.010570881132563867,0.0,4,10000,[118.6213207296033],[2072.1312392225864],[0.994856704345161],20,0.012225003852320776
7343,-0.0050653039582272096,0.0,4,10000,[118.6213207296033],[2072.1312392225864],[0.994856704345161],20,0.012225003852320776
7344,-0.00555842001025105,0.0,4,10000,[118.6213207296033],[2072.1312392225864],[0.994856704345161],20,0.012225003852320776
7345,0.016273532825248578,0.0,4,10000,[118.6213207296033],[2072.1312392225864],[0.994856704345161],20,0.012225003852320776
7346,-0.0033948714383916375,0.0,4,10000,[118.6213207296033],[2072.1312392225864],[0.994856704345161],20,0.012225003852320776
7347,-0.02561621365520976,0.0,4,10000,[118.6213207296033],[2072.1312392225864],[0.994856704345161],20,0.012225003852320776
7348,0.0002602334147496141,0.0,4,10000,[118.6213207296033],[2072.1312392225864],[0.994856704345161],20,0.012225003852320776
7349,0.004491676892176167,0.0,4,10000,[118.6213207296033],[2072.1312392225864],[0.994856704345161],20,0.012225003852320776
7350,8.693187263465885e-05,0.0,4,10000,[118.6213207296033],[2072.1312392225864],[0.994856704345161],20,0.012225003852320776
7351,-0.007233163158996264,0.0,4,10000,[118.6213207296033],[2072.1312392225864],[0.994856704345161],20,0.012225003852320776
7352,-0.02184704345741794,0.0,4,10000,[118.6213207296033],[2072.1312392225864],[0.994856704345161],20,0.012225003852320776
7353,0.0022628787220470075,0.0,4,10000,[118.6213207296033],[2072.1312392225864],[0.994856704345161],20,0.012225003852320776
7354,-0.007518276696123814,0.0,4,10000,[118.6213207296033],[2072.1312392225864],[0.994856704345161],20,0.012225003852320776
7355,0.00833594209488754,0.0,4,10000,[118.6213207296033],[2072.1312392225864],[0.994856704345161],20,0.012225003852320776
7356,-0.012307124560739482,0.0,4,10000,[118.6213207296033],[2072.1312392225864],[0.994856704345161],20,0.012225003852320776
7357,-0.006518789238114806,0.0,4,10000,[118.6213207296033],[2072.1312392225864],[0.994856704345161],20,0.012225003852320776
7358,0.008881635216433686,0.0,4,10000,[118.6213207296033],[2072.1312392225864],[0.994856704345161],20,0.012225003852320776
7359,-0.008376002722141436,0.0,4,10000,[118.6213207296033],[2072.1312392225864],[0.994856704345161],20,0.012225003852320776
7360,-0.006742908402446621,0.0,4,10000,[118.6213207296033],[2072.1312392225864],[0.994856704345161],20,0.012225003852320776
7361,-0.01822936474773443,0.0,4,10000,[118.6213207296033],[2072.1312392225864],[0.994856704345161],20,0.012225003852320776
7362,-0.007991857464203184,0.0,4,10000,[118.6213207296033],[2072.1312392225864],[0.994856704345161],20,0.012225003852320776
7363,0.009997251075687552,0.0,4,10000,[118.6213207296033],[2072.1312392225864],[0.994856704345161],20,0.012225003852320776
7364,-0.00036788281661858686,0.0,4,10000,[118.6213207296033],[2072.1312392225864],[0.994856704345161],20,0.012225003852320776
7365,-0.0233894994280123,0.0,4,10000,[118.6213207296033],[2072.1312392225864],[0.994856704345161],20,0.012225003852320776
7366,-0.011771865736729618,0.0,4,10000,[118.6213207296033],[2072.1312392225864],[0.994856704345161],20,0.012225003852320776
7367,0.001999609855461027,0.0,4,10000,[118.6213207296033],[2072.1312392225864],[0.994856704345161],20,0.012225003852320776
7368,-0.013298347098338565,0.0,4,10000,[118.6213207296033],[2072.1312392225864],[0.994856704345161],20,0.012225003852320776
7369,-0.0013203836709159463,0.0,4,10000,[118.6213207296033],[2072.1312392225864],[0.994856704345161],20,0.012225003852320776
7370,-0.005452194181383736,0.0,4,10000,[118.6213207296033],[2072.1312392225864],[0.994856704345161],20,0.012225003852320776
7371,-0.035510468059329996,0.0,4,10000,[118.6213207296033],[2072.1312392225864],[0.994856704345161],20,0.012225003852320776
7372,0.01740228474745134,0.0,4,10000,[118.6213207296033],[2072.1312392225864],[0.994856704345161],20,0.012225003852320776
7373,0.00399722443464298,0.0,4,10000,[118.6213207296033],[2072.1312392225864],[0.994856704345161],20,0.012225003852320776
7374,-0.021447513100586926,0.0,4,10000,[118.6213207296033],[2072.1312392225864],[0.994856704345161],20,0.012225003852320776
7375,-0.037995178007153775,0.0,4,10000,[118.6213207296033],[2072.1312392225864],[0.994856704345161],20,0.012225003852320776
7376,0.003948529828189391,0.0,4,10000,[118.6213207296033],[2072.1312392225864],[0.994856704345161],20,0.012225003852320776
7377,-0.019112575969451092,0.0,4,10000,[118.6213207296033],[2072.1312392225864],[0.994856704345161],20,0.012225003852320776
7378,-0.018598548570671305,0.0,4,10000,[118.6213207296033],[2072.1312392225864],[0.994856704345161],20,0.012225003852320776
7379,-0.0058045123737891745,0.0,4,10000,[118.6213207296033],[2072.1312392225864],[0.994856704345161],20,0.012225003852320776
7380,-0.024390024312726275,0.0,4,10000,[118.6213207296033],[2072.1312392225864],[0.994856704345161],20,0.012225003852320776
7381,-0.00011334444076372614,0.0,4,10000,[118.6213207296033],[2072.1312392225864],[0.994856704345161],20,0.012225003852320776
7382,0.024087688802599035,0.0,4,10000,[118.6213207296033],[2072.1312392225864],[0.994856704345161],20,0.012225003852320776
7383,-0.004636874543783753,0.0,4,10000,[118.6213207296033],[2072.1312392225864],[0.994856704345161],20,0.012225003852320776
7384,0.0007703090986141678,0.0,4,10000,[118.6213207296033],[2072.1312392225864],[0.994856704345161],20,0.012225003852320776
7385,0.0019266245492460272,0.0,4,10000,[118.6213207296033],[2072.1312392225864],[0.994856704345161],20,0.012225003852320776
7386,0.009684374579657044,0.0,4,10000,[118.6213207296033],[2072.1312392225864],[0.994856704345161],20,0.012225003852320776
7387,-0.00857082122584233,0.0,4,10000,[118.6213207296033],[2072.1312392225864],[0.994856704345161],20,0.012225003852320776
7388,0.006638461557699545,0.0,4,10000,[118.6213207296033],[2072.1312392225864],[0.994856704345161],20,0.012225003852320776
7389,0.0038129124331598256,0.0,4,10000,[118.6213207296033],[2072.1312392225864],[0.994856704345161],20,0.012225003852320776
7390,-0.007147868575869423,0.0,4,10000,[118.6213207296033],[2072.1312392225864],[0.994856704345161],20,0.012225003852320776
7391,0.00840248540809871,0.0,4,10000,[118.6213207296033],[2072.1312392225864],[0.994856704345161],20,0.012225003852320776
7392,0.016927874744880833,0.0,4,10000,[118.6213207296033],[2072.1312392225864],[0.994856704345161],20,0.012225003852320776
7393,0.005819434716441215,0.0,4,10000,[118.6213207296033],[2072.1312392225864],[0.994856704345161],20,0.012225003852320776
7394,0.015394973462538316,0.0,4,10000,[118.6213207296033],[2072.1312392225864],[0.994856704345161],20,0.012225003852320776
7395,0.010236667461576813,0.0,4,10000,[118.6213207296033],[2072.1312392225864],[0.994856704345161],20,0.012225003852320776
7396,-0.018529332529538946,0.0,4,10000,[118.6213207296033],[2072.1312392225864],[0.994856704345161],20,0.012225003852320776
7397,0.010079781869620627,0.0,4,10000,[118.6213207296033],[2072.1312392225864],[0.994856704345161],20,0.012225003852320776
7398,0.01451629478326145,0.0,4,10000,[118.6213207296033],[2072.1312392225864],[0.994856704345161],20,0.012225003852320776
7399,0.002061329161856458,0.0,4,10000,[118.6213207296033],[2072.1312392225864],[0.994856704345161],20,0.012225003852320776
7400,0.005377815928439488,0.0,4,10000,[118.6213207296033],[2072.1312392225864],[0.994856704345161],20,0.012225003852320776
7401,0.007782832875788311,0.0,4,10000,[118.6213207296033],[2072.1312392225864],[0.994856704345161],20,0.012225003852320776
7402,-0.015448192516272625,0.0,4,10000,[118.6213207296033],[2072.1312392225864],[0.994856704345161],20,0.012225003852320776
7403,0.0005128546889827904,0.0,4,10000,[118.6213207296033],[2072.1312392225864],[0.994856704345161],20,0.012225003852320776
7404,0.01461186889992715,0.0,4,10000,[118.6213207296033],[2072.1312392225864],[0.994856704345161],20,0.012225003852320776
7405,-0.0019251180036928448,0.0,4,10000,[118.6213207296033],[2072.1312392225864],[0.994856704345161],20,0.012225003852320776
7406,0.0074152344003301455,0.0,4,10000,[118.6213207296033],[2072.1312392225864],[0.994856704345161],20,0.012225003852320776
7407,0.021666949052861567,0.0,4,10000,[118.6213207296033],[2072.1312392225864],[0.994856704345161],20,0.012225003852320776
7408,-0.03511758799767647,0.0,4,10000,[118.6213207296033],[2072.1312392225864],[0.994856704345161],20,0.012225003852320776
7409,0.0010322052092071852,0.0,4,10000,[118.6213207296033],[2072.1312392225864],[0.994856704345161],20,0.012225003852320776
7410,-0.013906755983269958,0.0,4,10000,[118.6213207296033],[2072.1312392225864],[0.994856704345161],20,0.012225003852320776
7411,0.0012219656507073472,0.0,4,10000,[118.6213207296033],[2072.1312392225864],[0.994856704345161],20,0.012225003852320776
7412,0.0032379081354419153,0.0,4,10000,[118.6213207296033],[2072.1312392225864],[0.994856704345161],20,0.012225003852320776
7413,0.0059620771380750354,0.0,4,10000,[118.6213207296033],[2072.1312392225864],[0.994856704345161],20,0.012225003852320776
7414,-0.011380369451546146,0.0,4,10000,[118.6213207296033],[2072.1312392225864],[0.994856704345161],20,0.012225003852320776
7415,-0.00326570935092175,0.0,4,10000,[118.6213207296033],[2072.1312392225864],[0.994856704345161],20,0.012225003852320776
7416,0.0016415096352159887,0.0,4,10000,[118.6213207296033],[2072.1312392225864],[0.994856704345161],20,0.012225003852320776
7417,-0.03315192626428785,0.0,4,10000,[118.6213207296033],[2072.1312392225864],[0.994856704345161],20,0.012225003852320776
7418,0.014377483266249104,0.0,4,10000,[118.6213207296033],[2072.1312392225864],[0.994856704345161],20,0.012225003852320776
7419,0.02240062177182722,0.0,4,10000,[118.6213207296033],[2072.1312392225864],[0.994856704345161],20,0.012225003852320776
7420,-0.014512459908162396,0.0,4,10000,[118.6213207296033],[2072.1312392225864],[0.994856704345161],20,0.012225003852320776
7421,0.00537197936869143,0.0,4,10000,[118.6213207296033],[2072.1312392225864],[0.994856704345161],20,0.012225003852320776
7422,-0.01961971933223001,0.0,4,10000,[118.6213207296033],[2072.1312392225864],[0.994856704345161],20,0.012225003852320776
7423,-0.015207501184259767,0.0,4,10000,[118.6213207296033],[2072.1312392225864],[0.994856704345161],20,0.012225003852320776
7424,-0.011070789640845246,0.0,4,10000,[118.6213207296033],[2072.1312392225864],[0.994856704345161],20,0.012225003852320776
7425,0.026651501297749323,0.0,4,10000,[118.6213207296033],[2072.1312392225864],[0.994856704345161],20,0.012225003852320776
7426,0.002526325693518912,0.0,4,10000,[118.6213207296033],[2072.1312392225864],[0.994856704345161],20,0.012225003852320776
7427,-0.004608326675887626,0.0,4,10000,[118.6213207296033],[2072.1312392225864],[0.994856704345161],20,0.012225003852320776
7428,0.0047729831372727806,0.0,4,10000,[118.6213207296033],[2072.1312392225864],[0.994856704345161],20,0.012225003852320776
7429,-0.008637698545709109,0.0,4,10000,[118.6213207296033],[2072.1312392225864],[0.994856704345161],20,0.012225003852320776
7430,-0.004920355659126561,0.0,4,10000,[118.6213207296033],[2072.1312392225864],[0.994856704345161],20,0.012225003852320776
7431,-0.004988670336513357,0.0,4,10000,[118.6213207296033],[2072.1312392225864],[0.994856704345161],20,0.012225003852320776
7432,-0.0019185376314182876,0.0,4,10000,[118.6213207296033],[2072.1312392225864],[0.994856704345161],20,0.012225003852320776
7433,-0.0010806944149079265,0.0,4,10000,[118.6213207296033],[2072.1312392225864],[0.994856704345161],20,0.012225003852320776
7434,-0.005991125034576425,0.0,4,10000,[118.6213207296033],[2072.1312392225864],[0.994856704345161],20,0.012225003852320776
7435,0.029027444732718358,0.0,4,10000,[118.6213207296033],[2072.1312392225864],[0.994856704345161],20,0.012225003852320776
7436,0.004066033616766211,0.0,4,10000,[118.6213207296033],[2072.1312392225864],[0.994856704345161],20,0.012225003852320776
7437,0.02920881956569071,0.0,4,10000,[118.6213207296033],[2072.1312392225864],[0.994856704345161],20,0.012225003852320776
7438,0.030430942933893215,0.0,4,10000,[118.6213207296033],[2072.1312392225864],[0.994856704345161],20,0.012225003852320776
7439,-0.0014440947668034525,0.0,4,10000,[118.6213207296033],[2072.1312392225864],[0.994856704345161],20,0.012225003852320776
7440,0.025295753241890404,0.0,4,10000,[118.6213207296033],[2072.1312392225864],[0.994856704345161],20,0.012225003852320776
7441,-0.0003294433984228934,0.0,4,10000,[118.6213207296033],[2072.1312392225864],[0.994856704345161],20,0.012225003852320776
7442,-0.01829510522213691,0.0,4,10000,[118.6213207296033],[2072.1312392225864],[0.994856704345161],20,0.012225003852320776
7443,-0.017423661462192104,0.0,4,10000,[118.6213207296033],[2072.1312392225864],[0.994856704345161],20,0.012225003852320776
7444,-0.00560324370462031,0.0,4,10000,[118.6213207296033],[2072.1312392225864],[0.994856704345161],20,0.012225003852320776
7445,0.020157576421994932,0.0,4,10000,[118.6213207296033],[2072.1312392225864],[0.994856704345161],20,0.012225003852320776
7446,-0.007549128199441061,0.0,4,10000,[118.6213207296033],[2072.1312392225864],[0.994856704345161],20,0.012225003852320776
7447,-0.011820166513670379,0.0,4,10000,[118.6213207296033],[2072.1312392225864],[0.994856704345161],20,0.012225003852320776
7448,-0.006798981383094296,0.0,4,10000,[118.6213207296033],[2072.1312392225864],[0.994856704345161],20,0.012225003852320776
7449,-0.001864675113188985,0.0,4,10000,[118.6213207296033],[2072.1312392225864],[0.994856704345161],20,0.012225003852320776
7450,0.010392191528671229,0.0,4,10000,[118.6213207296033],[2072.1312392225864],[0.994856704345161],20,0.012225003852320776
7451,0.01006922408429487,0.0,4,10000,[118.6213207296033],[2072.1312392225864],[0.994856704345161],20,0.012225003852320776
7452,0.01062414745613121,0.0,4,10000,[118.6213207296033],[2072.1312392225864],[0.994856704345161],20,0.012225003852320776
7453,-0.011817215838397467,0.0,4,10000,[118.6213207296033],[2072.1312392225864],[0.994856704345161],20,0.012225003852320776
7454,0.0075922217931897506,0.0,4,10000,[118.6213207296033],[2072.1312392225864],[0.994856704345161],20,0.012225003852320776
7455,0.010575857369702634,0.0,4,10000,[118.6213207296033],[2072.1312392225864],[0.994856704345161],20,0.012225003852320776
7456,0.013727657259814698,0.0,4,10000,[118.6213207296033],[2072.1312392225864],[0.994856704345161],20,0.012225003852320776
7457,-0.028811840908407497,0.0,4,10000,[118.6213207296033],[2072.1312392225864],[0.994856704345161],20,0.012225003852320776
7458,-0.01655315979586078,0.0,4,10000,[118.6213207296033],[2072.1312392225864],[0.994856704345161],20,0.012225003852320776
7459,0.006215696563031331,0.0,4,10000,[118.6213207296033],[2072.1312392225864],[0.994856704345161],20,0.012225003852320776
7460,0.0006651610658269585,0.0,4,10000,[118.6213207296033],[2072.1312392225864],[0.994856704345161],20,0.012225003852320776
7461,0.011108301750600428,0.0,4,10000,[118.6213207296033],[2072.1312392225864],[0.994856704345161],20,0.012225003852320776
7462,-0.013695594665623756,0.0,4,10000,[118.6213207296033],[2072.1312392225864],[0.994856704345161],20,0.012225003852320776
7463,0.00622335297866891,0.0,4,10000,[118.6213207296033],[2072.1312392225864],[0.994856704345161],20,0.012225003852320776
7464,0.021917152274031713,0.0,4,10000,[118.6213207296033],[2072.1312392225864],[0.994856704345161],20,0.012225003852320776
7465,0.009275266300302506,0.0,4,10000,[118.6213207296033],[2072.1312392225864],[0.994856704345161],20,0.012225003852320776
7466,0.006044816736290119,0.0,4,10000,[118.6213207296033],[2072.1312392225864],[0.994856704345161],20,0.012225003852320776
7467,0.019679916682932196,0.0,4,10000,[118.6213207296033],[2072.1312392225864],[0.994856704345161],20,0.012225003852320776
7468,-0.013987449548746114,0.0,4,10000,[118.6213207296033],[2072.1312392225864],[0.994856704345161],20,0.012225003852320776
7469,-0.008796413933913975,0.0,4,10000,[118.6213207296033],[2072.1312392225864],[0.994856704345161],20,0.012225003852320776
7470,-0.002547848231093949,0.0,4,10000,[118.6213207296033],[2072.1312392225864],[0.994856704345161],20,0.012225003852320776
7471,0.00015366847870751228,0.0,4,10000,[118.6213207296033],[2072.1312392225864],[0.994856704345161],20,0.012225003852320776
7472,0.004860566396964887,0.0,4,10000,[118.6213207296033],[2072.1312392225864],[0.994856704345161],20,0.012225003852320776
7473,0.0163547609576476,0.0,4,10000,[118.6213207296033],[2072.1312392225864],[0.994856704345161],20,0.012225003852320776
7474,-0.0029799321062462776,0.0,4,10000,[118.6213207296033],[2072.1312392225864],[0.994856704345161],20,0.012225003852320776
7475,0.004150905885499557,0.0,4,10000,[118.6213207296033],[2072.1312392225864],[0.994856704345161],20,0.012225003852320776
7476,0.0191993666648899,0.0,4,10000,[118.6213207296033],[2072.1312392225864],[0.994856704345161],20,0.012225003852320776
7477,0.02128746215192837,0.0,4,10000,[118.6213207296033],[2072.1312392225864],[0.994856704345161],20,0.012225003852320776
7478,0.0029500232971860292,0.0,4,10000,[118.6213207296033],[2072.1312392225864],[0.994856704345161],20,0.012225003852320776
7479,0.002949335653409899,0.0,4,10000,[118.6213207296033],[2072.1312392225864],[0.994856704345161],20,0.012225003852320776
7480,-0.00946308193842211,0.0,4,10000,[118.6213207296033],[2072.1312392225864],[0.994856704345161],20,0.012225003852320776
7481,0.0061461683009143495,0.0,4,10000,[118.6213207296033],[2072.1312392225864],[0.994856704345161],20,0.012225003852320776
7482,-0.018271294230319483,0.0,4,10000,[118.6213207296033],[2072.1312392225864],[0.994856704345161],20,0.012225003852320776
7483,-0.011464511465590375,0.0,4,10000,[118.6213207296033],[2072.1312392225864],[0.994856704345161],20,0.012225003852320776
7484,0.01124310841251715,0.0,4,10000,[118.6213207296033],[2072.1312392225864],[0.994856704345161],20,0.012225003852320776
7485,0.008266764028925198,0.0,4,10000,[118.6213207296033],[2072.1312392225864],[0.994856704345161],20,0.012225003852320776
7486,-0.004868811516780136,0.0,4,10000,[118.6213207296033],[2072.1312392225864],[0.994856704345161],20,0.012225003852320776
7487,0.009483780624049193,0.0,4,10000,[118.6213207296033],[2072.1312392225864],[0.994856704345161],20,0.012225003852320776
7488,-0.023818601204194538,0.0,4,10000,[118.6213207296033],[2072.1312392225864],[0.994856704345161],20,0.012225003852320776
7489,0.006470397017051043,0.0,4,10000,[118.6213207296033],[2072.1312392225864],[0.994856704345161],20,0.012225003852320776
7490,-0.0032763811618726577,0.0,4,10000,[118.6213207296033],[2072.1312392225864],[0.994856704345161],20,0.012225003852320776
7491,0.01604354167077692,0.0,4,10000,[118.6213207296033],[2072.1312392225864],[0.994856704345161],20,0.012225003852320776
7492,-0.011438591580486742,0.0,4,10000,[118.6213207296033],[2072.1312392225864],[0.994856704345161],20,0.012225003852320776
7493,0.011762010941536291,0.0,4,10000,[118.6213207296033],[2072.1312392225864],[0.994856704345161],20,0.012225003852320776
7494,0.012212383030244044,0.0,4,10000,[118.6213207296033],[2072.1312392225864],[0.994856704345161],20,0.012225003852320776
7495,-0.00036039779658046054,0.0,4,10000,[118.6213207296033],[2072.1312392225864],[0.994856704345161],20,0.012225003852320776
7496,0.00543191632028766,0.0,4,10000,[118.6213207296033],[2072.1312392225864],[0.994856704345161],20,0.012225003852320776
7497,0.015015393512699796,0.0,4,10000,[118.6213207296033],[2072.1312392225864],[0.994856704345161],20,0.012225003852320776
7498,-0.021662250349121316,0.0,4,10000,[118.6213207296033],[2072.1312392225864],[0.994856704345161],20,0.012225003852320776
7499,0.008131002337141464,0.0,4,10000,[118.6213207296033],[2072.1312392225864],[0.994856704345161],20,0.012225003852320776
7500,0.008118665018993155,0.0,4,10000,[118.6213207296033],[2072.1312392225864],[0.994856704345161],20,0.012225003852320776
7501,-0.0005819691852416054,0.0,4,10000,[118.6213207296033],[2072.1312392225864],[0.994856704345161],20,0.012225003852320776
7502,-2.498837673635108e-05,0.0,4,10000,[118.6213207296033],[2072.1312392225864],[0.994856704345161],20,0.012225003852320776
7503,-0.01096586895781075,0.0,4,10000,[118.6213207296033],[2072.1312392225864],[0.994856704345161],20,0.012225003852320776
7504,-0.008316844604106527,0.0,4,10000,[118.6213207296033],[2072.1312392225864],[0.994856704345161],20,0.012225003852320776
7505,-0.003560453862012409,0.0,4,10000,[118.6213207296033],[2072.1312392225864],[0.994856704345161],20,0.012225003852320776
7506,-0.00697701586610074,0.0,4,10000,[118.6213207296033],[2072.1312392225864],[0.994856704345161],20,0.012225003852320776
7507,0.008244368947531597,0.0,4,10000,[118.6213207296033],[2072.1312392225864],[0.994856704345161],20,0.012225003852320776
7508,-0.0021632481493357434,0.0,4,10000,[118.6213207296033],[2072.1312392225864],[0.994856704345161],20,0.012225003852320776
7509,0.01583373137059476,0.0,4,10000,[118.6213207296033],[2072.1312392225864],[0.994856704345161],20,0.012225003852320776
7510,-0.004137394079130294,0.0,4,10000,[118.6213207296033],[2072.1312392225864],[0.994856704345161],20,0.012225003852320776
7511,-0.009617228160145078,0.0,4,10000,[118.6213207296033],[2072.1312392225864],[0.994856704345161],20,0.012225003852320776
7512,0.007231681516655567,0.0,4,10000,[118.6213207296033],[2072.1312392225864],[0.994856704345161],20,0.012225003852320776
7513,0.010960612898020661,0.0,4,10000,[118.6213207296033],[2072.1312392225864],[0.994856704345161],20,0.012225003852320776
7514,-0.005631965587240762,0.0,4,10000,[118.6213207296033],[2072.1312392225864],[0.994856704345161],20,0.012225003852320776
7515,-0.0015095260144795805,0.0,4,10000,[118.6213207296033],[2072.1312392225864],[0.994856704345161],20,0.012225003852320776
7516,-0.008324687763788103,0.0,4,10000,[118.6213207296033],[2072.1312392225864],[0.994856704345161],20,0.012225003852320776
7517,-0.007994078007896135,0.0,4,10000,[118.6213207296033],[2072.1312392225864],[0.994856704345161],20,0.012225003852320776
7518,-0.0206823118768101,0.0,4,10000,[118.6213207296033],[2072.1312392225864],[0.994856704345161],20,0.012225003852320776
7519,0.0008855579587389549,0.0,4,10000,[118.6213207296033],[2072.1312392225864],[0.994856704345161],20,0.012225003852320776
7520,-0.011376575491442088,0.0,4,10000,[118.6213207296033],[2072.1312392225864],[0.994856704345161],20,0.012225003852320776
7521,0.004965589938833886,0.0,4,10000,[118.6213207296033],[2072.1312392225864],[0.994856704345161],20,0.012225003852320776
7522,0.018495223309541578,0.0,4,10000,[118.6213207296033],[2072.1312392225864],[0.994856704345161],20,0.012225003852320776
7523,-0.005636066036373761,0.0,4,10000,[118.6213207296033],[2072.1312392225864],[0.994856704345161],20,0.012225003852320776
7524,-0.009200101445088336,0.0,4,10000,[118.6213207296033],[2072.1312392225864],[0.994856704345161],20,0.012225003852320776
7525,0.002833304242156843,0.0,4,10000,[118.6213207296033],[2072.1312392225864],[0.994856704345161],20,0.012225003852320776
7526,0.015074932654647061,0.0,4,10000,[118.6213207296033],[2072.1312392225864],[0.994856704345161],20,0.012225003852320776
7527,0.005463548698465427,0.0,4,10000,[118.6213207296033],[2072.1312392225864],[0.994856704345161],20,0.012225003852320776
7528,-0.0040792834062176354,0.0,4,10000,[118.6213207296033],[2072.1312392225864],[0.994856704345161],20,0.012225003852320776
7529,0.002905008350002294,0.0,4,10000,[118.6213207296033],[2072.1312392225864],[0.994856704345161],20,0.012225003852320776
7530,-0.014615059401409697,0.0,4,10000,[118.6213207296033],[2072.1312392225864],[0.994856704345161],20,0.012225003852320776
7531,0.007739635201800135,0.0,4,10000,[118.6213207296033],[2072.1312392225864],[0.994856704345161],20,0.012225003852320776
7532,0.0009457930553983797,0.0,4,10000,[118.6213207296033],[2072.1312392225864],[0.994856704345161],20,0.012225003852320776
7533,-0.010831151865530235,0.0,4,10000,[118.6213207296033],[2072.1312392225864],[0.994856704345161],20,0.012225003852320776
7534,0.00790863830345839,0.0,4,10000,[118.6213207296033],[2072.1312392225864],[0.994856704345161],20,0.012225003852320776
7535,0.013941005529075031,0.0,4,10000,[118.6213207296033],[2072.1312392225864],[0.994856704345161],20,0.012225003852320776
7536,-0.012138335921063243,0.0,4,10000,[118.6213207296033],[2072.1312392225864],[0.994856704345161],20,0.012225003852320776
7537,0.001208467402709699,0.0,4,10000,[118.6213207296033],[2072.1312392225864],[0.994856704345161],20,0.012225003852320776
7538,-0.007278441886394606,0.0,4,10000,[118.6213207296033],[2072.1312392225864],[0.994856704345161],20,0.012225003852320776
7539,0.001644556897648721,0.0,4,10000,[118.6213207296033],[2072.1312392225864],[0.994856704345161],20,0.012225003852320776
7540,0.015057823783641261,0.0,4,10000,[118.6213207296033],[2072.1312392225864],[0.994856704345161],20,0.012225003852320776
7541,0.012311254659037305,0.0,4,10000,[118.6213207296033],[2072.1312392225864],[0.994856704345161],20,0.012225003852320776
7542,0.0042884642886413795,0.0,4,10000,[118.6213207296033],[2072.1312392225864],[0.994856704345161],20,0.012225003852320776
7543,0.001250890204902881,0.0,4,10000,[118.6213207296033],[2072.1312392225864],[0.994856704345161],20,0.012225003852320776
7544,-0.014882428515160947,0.0,4,10000,[118.6213207296033],[2072.1312392225864],[0.994856704345161],20,0.012225003852320776
7545,-0.01347926418745222,0.0,4,10000,[118.6213207296033],[2072.1312392225864],[0.994856704345161],20,0.012225003852320776
7546,-0.013840191320005928,0.0,4,10000,[118.6213207296033],[2072.1312392225864],[0.994856704345161],20,0.012225003852320776
7547,0.014450975800714291,0.0,4,10000,[118.6213207296033],[2072.1312392225864],[0.994856704345161],20,0.012225003852320776
7548,-0.0016899450327815928,0.0,4,10000,[118.6213207296033],[2072.1312392225864],[0.994856704345161],20,0.012225003852320776
7549,0.0013839099319455192,0.0,4,10000,[118.6213207296033],[2072.1312392225864],[0.994856704345161],20,0.012225003852320776
7550,0.021890963423148238,0.0,4,10000,[118.6213207296033],[2072.1312392225864],[0.994856704345161],20,0.012225003852320776
7551,0.005669288762379876,0.0,4,10000,[118.6213207296033],[2072.1312392225864],[0.994856704345161],20,0.012225003852320776
7552,0.013313058081260765,0.0,4,10000,[118.6213207296033],[2072.1312392225864],[0.994856704345161],20,0.012225003852320776
7553,0.0020699525381877677,0.0,4,10000,[118.6213207296033],[2072.1312392225864],[0.994856704345161],20,0.012225003852320776
7554,-0.004902738358501902,0.0,4,10000,[118.6213207296033],[2072.1312392225864],[0.994856704345161],20,0.012225003852320776
7555,-0.016702805920031306,0.0,4,10000,[118.6213207296033],[2072.1312392225864],[0.994856704345161],20,0.012225003852320776
7556,0.005623200843627282,0.0,4,10000,[118.6213207296033],[2072.1312392225864],[0.994856704345161],20,0.012225003852320776
7557,0.00394683751876975,0.0,4,10000,[118.6213207296033],[2072.1312392225864],[0.994856704345161],20,0.012225003852320776
7558,0.00321601286582194,0.0,4,10000,[118.6213207296033],[2072.1312392225864],[0.994856704345161],20,0.012225003852320776
7559,0.0025866979374185844,0.0,4,10000,[118.6213207296033],[2072.1312392225864],[0.994856704345161],20,0.012225003852320776
7560,-0.027765712104601964,0.0,4,10000,[118.6213207296033],[2072.1312392225864],[0.994856704345161],20,0.012225003852320776
7561,-0.00349990541673923,0.0,4,10000,[118.6213207296033],[2072.1312392225864],[0.994856704345161],20,0.012225003852320776
7562,6.33284546940482e-05,0.0,4,10000,[118.6213207296033],[2072.1312392225864],[0.994856704345161],20,0.012225003852320776
7563,0.022826771496058867,0.0,4,10000,[118.6213207296033],[2072.1312392225864],[0.994856704345161],20,0.012225003852320776
7564,0.012574715991942997,0.0,4,10000,[118.6213207296033],[2072.1312392225864],[0.994856704345161],20,0.012225003852320776
7565,-0.017632546742895387,0.0,4,10000,[118.6213207296033],[2072.1312392225864],[0.994856704345161],20,0.012225003852320776
7566,-0.004361156720504347,0.0,4,10000,[118.6213207296033],[2072.1312392225864],[0.994856704345161],20,0.012225003852320776
7567,0.003131336212871943,0.0,4,10000,[118.6213207296033],[2072.1312392225864],[0.994856704345161],20,0.012225003852320776
7568,-0.017158458607466738,0.0,4,10000,[118.6213207296033],[2072.1312392225864],[0.994856704345161],20,0.012225003852320776
7569,0.003654813745341256,0.0,4,10000,[118.6213207296033],[2072.1312392225864],[0.994856704345161],20,0.012225003852320776
7570,-0.0024030852639070296,0.0,4,10000,[118.6213207296033],[2072.1312392225864],[0.994856704345161],20,0.012225003852320776
7571,0.00323947587146491,0.0,4,10000,[118.6213207296033],[2072.1312392225864],[0.994856704345161],20,0.012225003852320776
7572,-0.00485662884363886,0.0,4,10000,[118.6213207296033],[2072.1312392225864],[0.994856704345161],20,0.012225003852320776
7573,0.019619573724133636,0.0,4,10000,[118.6213207296033],[2072.1312392225864],[0.994856704345161],20,0.012225003852320776
7574,-0.005060648185955372,0.0,4,10000,[118.6213207296033],[2072.1312392225864],[0.994856704345161],20,0.012225003852320776
7575,0.012340807977773587,0.0,4,10000,[118.6213207296033],[2072.1312392225864],[0.994856704345161],20,0.012225003852320776
7576,-0.0012674643127580018,0.0,4,10000,[118.6213207296033],[2072.1312392225864],[0.994856704345161],20,0.012225003852320776
7577,-0.007736542834119451,0.0,4,10000,[118.6213207296033],[2072.1312392225864],[0.994856704345161],20,0.012225003852320776
7578,-0.011389010093528098,0.0,4,10000,[118.6213207296033],[2072.1312392225864],[0.994856704345161],20,0.012225003852320776
7579,0.004371790781428942,0.0,4,10000,[118.6213207296033],[2072.1312392225864],[0.994856704345161],20,0.012225003852320776
7580,-0.0029277449982998338,0.0,4,10000,[118.6213207296033],[2072.1312392225864],[0.994856704345161],20,0.012225003852320776
7581,0.0027975464847766794,0.0,4,10000,[118.6213207296033],[2072.1312392225864],[0.994856704345161],20,0.012225003852320776
7582,-0.018648618391002757,0.0,4,10000,[118.6213207296033],[2072.1312392225864],[0.994856704345161],20,0.012225003852320776
7583,-0.002968302268389893,0.0,4,10000,[118.6213207296033],[2072.1312392225864],[0.994856704345161],20,0.012225003852320776
7584,-0.00573659579135331,0.0,4,10000,[118.6213207296033],[2072.1312392225864],[0.994856704345161],20,0.012225003852320776
7585,0.009377329965042164,0.0,4,10000,[118.6213207296033],[2072.1312392225864],[0.994856704345161],20,0.012225003852320776
7586,-0.00761718574777946,0.0,4,10000,[118.6213207296033],[2072.1312392225864],[0.994856704345161],20,0.012225003852320776
7587,0.00340607233829764,0.0,4,10000,[118.6213207296033],[2072.1312392225864],[0.994856704345161],20,0.012225003852320776
7588,0.01161463215152327,0.0,4,10000,[118.6213207296033],[2072.1312392225864],[0.994856704345161],20,0.012225003852320776
7589,-0.005128488968034918,0.0,4,10000,[118.6213207296033],[2072.1312392225864],[0.994856704345161],20,0.012225003852320776
7590,0.00290674596128261,0.0,4,10000,[118.6213207296033],[2072.1312392225864],[0.994856704345161],20,0.012225003852320776
7591,-0.01082262909491185,0.0,4,10000,[118.6213207296033],[2072.1312392225864],[0.994856704345161],20,0.012225003852320776
7592,0.02768008318385173,0.0,4,10000,[118.6213207296033],[2072.1312392225864],[0.994856704345161],20,0.012225003852320776
7593,-0.0002926803237227346,0.0,4,10000,[118.6213207296033],[2072.1312392225864],[0.994856704345161],20,0.012225003852320776
7594,-0.001340887854462111,0.0,4,10000,[118.6213207296033],[2072.1312392225864],[0.994856704345161],20,0.012225003852320776
7595,0.0023264655159591385,0.0,4,10000,[118.6213207296033],[2072.1312392225864],[0.994856704345161],20,0.012225003852320776
7596,0.01390130183126144,0.0,4,10000,[118.6213207296033],[2072.1312392225864],[0.994856704345161],20,0.012225003852320776
7597,0.0016907452975564838,0.0,4,10000,[118.6213207296033],[2072.1312392225864],[0.994856704345161],20,0.012225003852320776
7598,-0.012630490528792185,0.0,4,10000,[118.6213207296033],[2072.1312392225864],[0.994856704345161],20,0.012225003852320776
7599,-0.006472782324220556,0.0,4,10000,[118.6213207296033],[2072.1312392225864],[0.994856704345161],20,0.012225003852320776
7600,0.025053665636058823,0.0,4,10000,[118.6213207296033],[2072.1312392225864],[0.994856704345161],20,0.012225003852320776
7601,0.00012022305643715167,0.0,4,10000,[118.6213207296033],[2072.1312392225864],[0.994856704345161],20,0.012225003852320776
7602,-0.013735750510866186,0.0,4,10000,[118.6213207296033],[2072.1312392225864],[0.994856704345161],20,0.012225003852320776
7603,-0.013043196979459147,0.0,4,10000,[118.6213207296033],[2072.1312392225864],[0.994856704345161],20,0.012225003852320776
7604,0.009706763219756864,0.0,4,10000,[118.6213207296033],[2072.1312392225864],[0.994856704345161],20,0.012225003852320776
7605,-0.013781342579778805,0.0,4,10000,[118.6213207296033],[2072.1312392225864],[0.994856704345161],20,0.012225003852320776
7606,0.01670809979077048,0.0,4,10000,[118.6213207296033],[2072.1312392225864],[0.994856704345161],20,0.012225003852320776
7607,0.001645254078266468,0.0,4,10000,[118.6213207296033],[2072.1312392225864],[0.994856704345161],20,0.012225003852320776
7608,-0.005327734398168803,0.0,4,10000,[118.6213207296033],[2072.1312392225864],[0.994856704345161],20,0.012225003852320776
7609,-0.0075619114123235505,0.0,4,10000,[118.6213207296033],[2072.1312392225864],[0.994856704345161],20,0.012225003852320776
7610,-0.006570160172147337,0.0,4,10000,[118.6213207296033],[2072.1312392225864],[0.994856704345161],20,0.012225003852320776
7611,0.021216433547895826,0.0,4,10000,[118.6213207296033],[2072.1312392225864],[0.994856704345161],20,0.012225003852320776
7612,0.011051305453596583,0.0,4,10000,[118.6213207296033],[2072.1312392225864],[0.994856704345161],20,0.012225003852320776
7613,-0.0057751631607404295,0.0,4,10000,[118.6213207296033],[2072.1312392225864],[0.994856704345161],20,0.012225003852320776
7614,0.01943710175578428,0.0,4,10000,[118.6213207296033],[2072.1312392225864],[0.994856704345161],20,0.012225003852320776
7615,-0.0021240901215822754,0.0,4,10000,[118.6213207296033],[2072.1312392225864],[0.994856704345161],20,0.012225003852320776
7616,0.02269104877470061,0.0,4,10000,[118.6213207296033],[2072.1312392225864],[0.994856704345161],20,0.012225003852320776
7617,-0.02029174648710106,0.0,4,10000,[118.6213207296033],[2072.1312392225864],[0.994856704345161],20,0.012225003852320776
7618,0.02644231636040879,0.0,4,10000,[118.6213207296033],[2072.1312392225864],[0.994856704345161],20,0.012225003852320776
7619,-0.0024311029002897794,0.0,4,10000,[118.6213207296033],[2072.1312392225864],[0.994856704345161],20,0.012225003852320776
7620,0.01962416903562193,0.0,4,10000,[118.6213207296033],[2072.1312392225864],[0.994856704345161],20,0.012225003852320776
7621,-0.016353560166101736,0.0,4,10000,[118.6213207296033],[2072.1312392225864],[0.994856704345161],20,0.012225003852320776
7622,0.012158649630404427,0.0,4,10000,[118.6213207296033],[2072.1312392225864],[0.994856704345161],20,0.012225003852320776
7623,-0.01771943489547649,0.0,4,10000,[118.6213207296033],[2072.1312392225864],[0.994856704345161],20,0.012225003852320776
7624,-0.0026763318348341824,0.0,4,10000,[118.6213207296033],[2072.1312392225864],[0.994856704345161],20,0.012225003852320776
7625,-0.00048681207090847813,0.0,4,10000,[118.6213207296033],[2072.1312392225864],[0.994856704345161],20,0.012225003852320776
7626,-0.004683627225574671,0.0,4,10000,[118.6213207296033],[2072.1312392225864],[0.994856704345161],20,0.012225003852320776
7627,0.009742415765083341,0.0,4,10000,[118.6213207296033],[2072.1312392225864],[0.994856704345161],20,0.012225003852320776
7628,-0.01245935489175879,0.0,4,10000,[118.6213207296033],[2072.1312392225864],[0.994856704345161],20,0.012225003852320776
7629,-0.0017345754836218346,0.0,4,10000,[118.6213207296033],[2072.1312392225864],[0.994856704345161],20,0.012225003852320776
7630,0.014139507040066779,0.0,4,10000,[118.6213207296033],[2072.1312392225864],[0.994856704345161],20,0.012225003852320776
7631,0.027579532275869685,0.0,4,10000,[118.6213207296033],[2072.1312392225864],[0.994856704345161],20,0.012225003852320776
7632,0.008729604423974868,0.0,4,10000,[118.6213207296033],[2072.1312392225864],[0.994856704345161],20,0.012225003852320776
7633,0.011122764347786945,0.0,4,10000,[118.6213207296033],[2072.1312392225864],[0.994856704345161],20,0.012225003852320776
7634,-0.00506399162872439,0.0,4,10000,[118.6213207296033],[2072.1312392225864],[0.994856704345161],20,0.012225003852320776
7635,0.01281559171874471,0.0,4,10000,[118.6213207296033],[2072.1312392225864],[0.994856704345161],20,0.012225003852320776
7636,0.003042712359527524,0.0,4,10000,[118.6213207296033],[2072.1312392225864],[0.994856704345161],20,0.012225003852320776
7637,0.007877166332452239,0.0,4,10000,[118.6213207296033],[2072.1312392225864],[0.994856704345161],20,0.012225003852320776
7638,0.025931412807093396,0.0,4,10000,[118.6213207296033],[2072.1312392225864],[0.994856704345161],20,0.012225003852320776
7639,-0.007022584172520068,0.0,4,10000,[118.6213207296033],[2072.1312392225864],[0.994856704345161],20,0.012225003852320776
7640,0.01991588709681302,0.0,4,10000,[118.6213207296033],[2072.1312392225864],[0.994856704345161],20,0.012225003852320776
7641,0.00887905481354528,0.0,4,10000,[118.6213207296033],[2072.1312392225864],[0.994856704345161],20,0.012225003852320776
7642,-0.024552851310868914,0.0,4,10000,[118.6213207296033],[2072.1312392225864],[0.994856704345161],20,0.012225003852320776
7643,0.017970560492522335,0.0,4,10000,[118.6213207296033],[2072.1312392225864],[0.994856704345161],20,0.012225003852320776
7644,-0.006721618905554844,0.0,4,10000,[118.6213207296033],[2072.1312392225864],[0.994856704345161],20,0.012225003852320776
7645,0.00826196872099024,0.0,4,10000,[118.6213207296033],[2072.1312392225864],[0.994856704345161],20,0.012225003852320776
7646,-0.005042728586025539,0.0,4,10000,[118.6213207296033],[2072.1312392225864],[0.994856704345161],20,0.012225003852320776
7647,-0.014463554309576116,0.0,4,10000,[118.6213207296033],[2072.1312392225864],[0.994856704345161],20,0.012225003852320776
7648,-0.001313956817423203,0.0,4,10000,[118.6213207296033],[2072.1312392225864],[0.994856704345161],20,0.012225003852320776
7649,0.0036338545870599507,0.0,4,10000,[118.6213207296033],[2072.1312392225864],[0.994856704345161],20,0.012225003852320776
7650,0.00898929050296047,0.0,4,10000,[118.6213207296033],[2072.1312392225864],[0.994856704345161],20,0.012225003852320776
7651,0.0031357946730104407,0.0,4,10000,[118.6213207296033],[2072.1312392225864],[0.994856704345161],20,0.012225003852320776
7652,0.0014249499095848406,0.0,4,10000,[118.6213207296033],[2072.1312392225864],[0.994856704345161],20,0.012225003852320776
7653,-0.025789536589737698,0.0,4,10000,[118.6213207296033],[2072.1312392225864],[0.994856704345161],20,0.012225003852320776
7654,0.00883298879658809,0.0,4,10000,[118.6213207296033],[2072.1312392225864],[0.994856704345161],20,0.012225003852320776
7655,0.014674893157012129,0.0,4,10000,[118.6213207296033],[2072.1312392225864],[0.994856704345161],20,0.012225003852320776
7656,0.0005337091822385067,0.0,4,10000,[118.6213207296033],[2072.1312392225864],[0.994856704345161],20,0.012225003852320776
7657,0.026523047417356452,0.0,4,10000,[118.6213207296033],[2072.1312392225864],[0.994856704345161],20,0.012225003852320776
7658,-0.0009688445980906373,0.0,4,10000,[118.6213207296033],[2072.1312392225864],[0.994856704345161],20,0.012225003852320776
7659,-0.0148352798816479,0.0,4,10000,[118.6213207296033],[2072.1312392225864],[0.994856704345161],20,0.012225003852320776
7660,-0.005830682986447166,0.0,4,10000,[118.6213207296033],[2072.1312392225864],[0.994856704345161],20,0.012225003852320776
7661,0.014836683795200308,0.0,4,10000,[118.6213207296033],[2072.1312392225864],[0.994856704345161],20,0.012225003852320776
7662,-0.0011270738609731803,0.0,4,10000,[118.6213207296033],[2072.1312392225864],[0.994856704345161],20,0.012225003852320776
7663,0.01607219748013091,0.0,4,10000,[118.6213207296033],[2072.1312392225864],[0.994856704345161],20,0.012225003852320776
7664,0.007755902331762576,0.0,4,10000,[118.6213207296033],[2072.1312392225864],[0.994856704345161],20,0.012225003852320776
7665,-0.01267249815852174,0.0,4,10000,[118.6213207296033],[2072.1312392225864],[0.994856704345161],20,0.012225003852320776
7666,-0.01143912490515368,0.0,4,10000,[118.6213207296033],[2072.1312392225864],[0.994856704345161],20,0.012225003852320776
7667,-0.008445858658034062,0.0,4,10000,[118.6213207296033],[2072.1312392225864],[0.994856704345161],20,0.012225003852320776
7668,-0.010999847532363466,0.0,4,10000,[118.6213207296033],[2072.1312392225864],[0.994856704345161],20,0.012225003852320776
7669,0.0032654111152234104,0.0,4,10000,[118.6213207296033],[2072.1312392225864],[0.994856704345161],20,0.012225003852320776
7670,0.0005248843724061233,0.0,4,10000,[118.6213207296033],[2072.1312392225864],[0.994856704345161],20,0.012225003852320776
7671,-0.01012491998440926,0.0,4,10000,[118.6213207296033],[2072.1312392225864],[0.994856704345161],20,0.012225003852320776
7672,-0.0035751999697595654,0.0,4,10000,[118.6213207296033],[2072.1312392225864],[0.994856704345161],20,0.012225003852320776
7673,0.015843928286749548,0.0,4,10000,[118.6213207296033],[2072.1312392225864],[0.994856704345161],20,0.012225003852320776
7674,-0.0033607733850633393,0.0,4,10000,[118.6213207296033],[2072.1312392225864],[0.994856704345161],20,0.012225003852320776
7675,0.007783580539383111,0.0,4,10000,[118.6213207296033],[2072.1312392225864],[0.994856704345161],20,0.012225003852320776
7676,-0.006434341464661621,0.0,4,10000,[118.6213207296033],[2072.1312392225864],[0.994856704345161],20,0.012225003852320776
7677,0.003252399418315825,0.0,4,10000,[118.6213207296033],[2072.1312392225864],[0.994856704345161],20,0.012225003852320776
7678,0.012775676626922038,0.0,4,10000,[118.6213207296033],[2072.1312392225864],[0.994856704345161],20,0.012225003852320776
7679,0.012504370478419027,0.0,4,10000,[118.6213207296033],[2072.1312392225864],[0.994856704345161],20,0.012225003852320776
7680,-0.006950416451016325,0.0,4,10000,[118.6213207296033],[2072.1312392225864],[0.994856704345161],20,0.012225003852320776
7681,-0.007304721147858984,0.0,4,10000,[118.6213207296033],[2072.1312392225864],[0.994856704345161],20,0.012225003852320776
7682,0.0022824470166353176,0.0,4,10000,[118.6213207296033],[2072.1312392225864],[0.994856704345161],20,0.012225003852320776
7683,-0.01167099715211333,0.0,4,10000,[118.6213207296033],[2072.1312392225864],[0.994856704345161],20,0.012225003852320776
7684,0.02177215517572076,0.0,4,10000,[118.6213207296033],[2072.1312392225864],[0.994856704345161],20,0.012225003852320776
7685,-0.003916482660775409,0.0,4,10000,[118.6213207296033],[2072.1312392225864],[0.994856704345161],20,0.012225003852320776
7686,0.0025237052983548202,0.0,4,10000,[118.6213207296033],[2072.1312392225864],[0.994856704345161],20,0.012225003852320776
7687,-0.019870594725997427,0.0,4,10000,[118.6213207296033],[2072.1312392225864],[0.994856704345161],20,0.012225003852320776
7688,0.00802108298843859,0.0,4,10000,[118.6213207296033],[2072.1312392225864],[0.994856704345161],20,0.012225003852320776
7689,-0.001276057626594877,0.0,4,10000,[118.6213207296033],[2072.1312392225864],[0.994856704345161],20,0.012225003852320776
7690,0.01279888565279069,0.0,4,10000,[118.6213207296033],[2072.1312392225864],[0.994856704345161],20,0.012225003852320776
7691,-0.0007460642016518791,0.0,4,10000,[118.6213207296033],[2072.1312392225864],[0.994856704345161],20,0.012225003852320776
7692,0.024955767515562978,0.0,4,10000,[118.6213207296033],[2072.1312392225864],[0.994856704345161],20,0.012225003852320776
7693,-0.007672843133681803,0.0,4,10000,[118.6213207296033],[2072.1312392225864],[0.994856704345161],20,0.012225003852320776
7694,-0.018310190888200645,0.0,4,10000,[118.6213207296033],[2072.1312392225864],[0.994856704345161],20,0.012225003852320776
7695,0.0022433599436675437,0.0,4,10000,[118.6213207296033],[2072.1312392225864],[0.994856704345161],20,0.012225003852320776
7696,0.013511894520248887,0.0,4,10000,[118.6213207296033],[2072.1312392225864],[0.994856704345161],20,0.012225003852320776
7697,0.02170309309843289,0.0,4,10000,[118.6213207296033],[2072.1312392225864],[0.994856704345161],20,0.012225003852320776
7698,-0.0061498181453783435,0.0,4,10000,[118.6213207296033],[2072.1312392225864],[0.994856704345161],20,0.012225003852320776
7699,-0.009740809222686529,0.0,4,10000,[118.6213207296033],[2072.1312392225864],[0.994856704345161],20,0.012225003852320776
7700,0.003936702886603755,0.0,4,10000,[118.6213207296033],[2072.1312392225864],[0.994856704345161],20,0.012225003852320776
7701,0.004118927730772153,0.0,4,10000,[118.6213207296033],[2072.1312392225864],[0.994856704345161],20,0.012225003852320776
7702,0.0015488527320438867,0.0,4,10000,[118.6213207296033],[2072.1312392225864],[0.994856704345161],20,0.012225003852320776
7703,-0.0025230190785892133,0.0,4,10000,[118.6213207296033],[2072.1312392225864],[0.994856704345161],20,0.012225003852320776
7704,0.006658011644553097,0.0,4,10000,[118.6213207296033],[2072.1312392225864],[0.994856704345161],20,0.012225003852320776
7705,0.0047810847426300405,0.0,4,10000,[118.6213207296033],[2072.1312392225864],[0.994856704345161],20,0.012225003852320776
7706,-0.011340839166744224,0.0,4,10000,[118.6213207296033],[2072.1312392225864],[0.994856704345161],20,0.012225003852320776
7707,0.020423292356203663,0.0,4,10000,[118.6213207296033],[2072.1312392225864],[0.994856704345161],20,0.012225003852320776
7708,0.0013947288453295158,0.0,4,10000,[118.6213207296033],[2072.1312392225864],[0.994856704345161],20,0.012225003852320776
7709,-0.008396564449547653,0.0,4,10000,[118.6213207296033],[2072.1312392225864],[0.994856704345161],20,0.012225003852320776
7710,-0.0030524741932785797,0.0,4,10000,[118.6213207296033],[2072.1312392225864],[0.994856704345161],20,0.012225003852320776
7711,-0.004377818470844398,0.0,4,10000,[118.6213207296033],[2072.1312392225864],[0.994856704345161],20,0.012225003852320776
7712,-0.007119417213845703,0.0,4,10000,[118.6213207296033],[2072.1312392225864],[0.994856704345161],20,0.012225003852320776
7713,0.0002890748966440019,0.0,4,10000,[118.6213207296033],[2072.1312392225864],[0.994856704345161],20,0.012225003852320776
7714,0.01733183648442588,0.0,4,10000,[118.6213207296033],[2072.1312392225864],[0.994856704345161],20,0.012225003852320776
7715,-0.006233285215098239,0.0,4,10000,[118.6213207296033],[2072.1312392225864],[0.994856704345161],20,0.012225003852320776
7716,-0.01257597879961279,0.0,4,10000,[118.6213207296033],[2072.1312392225864],[0.994856704345161],20,0.012225003852320776
7717,0.004389512975624679,0.0,4,10000,[118.6213207296033],[2072.1312392225864],[0.994856704345161],20,0.012225003852320776
7718,0.0002623927449253772,0.0,4,10000,[118.6213207296033],[2072.1312392225864],[0.994856704345161],20,0.012225003852320776
7719,0.011328644884566275,0.0,4,10000,[118.6213207296033],[2072.1312392225864],[0.994856704345161],20,0.012225003852320776
7720,0.010057391819749238,0.0,4,10000,[118.6213207296033],[2072.1312392225864],[0.994856704345161],20,0.012225003852320776
7721,-0.006673935382864537,0.0,4,10000,[118.6213207296033],[2072.1312392225864],[0.994856704345161],20,0.012225003852320776
7722,-0.009801909270356743,0.0,4,10000,[118.6213207296033],[2072.1312392225864],[0.994856704345161],20,0.012225003852320776
7723,0.01883693915224722,0.0,4,10000,[118.6213207296033],[2072.1312392225864],[0.994856704345161],20,0.012225003852320776
7724,-0.0011774314438447026,0.0,4,10000,[118.6213207296033],[2072.1312392225864],[0.994856704345161],20,0.012225003852320776
7725,-0.00959322385338065,0.0,4,10000,[118.6213207296033],[2072.1312392225864],[0.994856704345161],20,0.012225003852320776
7726,0.012965694333119844,0.0,4,10000,[118.6213207296033],[2072.1312392225864],[0.994856704345161],20,0.012225003852320776
7727,0.000442895495244435,0.0,4,10000,[118.6213207296033],[2072.1312392225864],[0.994856704345161],20,0.012225003852320776
7728,-0.01678198748705285,0.0,4,10000,[118.6213207296033],[2072.1312392225864],[0.994856704345161],20,0.012225003852320776
7729,-0.02826034781943612,0.0,4,10000,[118.6213207296033],[2072.1312392225864],[0.994856704345161],20,0.012225003852320776
7730,0.0032081365623083543,0.0,4,10000,[118.6213207296033],[2072.1312392225864],[0.994856704345161],20,0.012225003852320776
7731,0.0004617301616879412,0.0,4,10000,[118.6213207296033],[2072.1312392225864],[0.994856704345161],20,0.012225003852320776
7732,0.011705338113573455,0.0,4,10000,[118.6213207296033],[2072.1312392225864],[0.994856704345161],20,0.012225003852320776
7733,-0.011351964152184495,0.0,4,10000,[118.6213207296033],[2072.1312392225864],[0.994856704345161],20,0.012225003852320776
7734,-0.005894508335249562,0.0,4,10000,[118.6213207296033],[2072.1312392225864],[0.994856704345161],20,0.012225003852320776
7735,-0.00901164748649533,0.0,4,10000,[118.6213207296033],[2072.1312392225864],[0.994856704345161],20,0.012225003852320776
7736,6.451794921730737e-05,0.0,4,10000,[118.6213207296033],[2072.1312392225864],[0.994856704345161],20,0.012225003852320776
7737,-0.021427396971260032,0.0,4,10000,[118.6213207296033],[2072.1312392225864],[0.994856704345161],20,0.012225003852320776
7738,0.00723774471260268,0.0,4,10000,[118.6213207296033],[2072.1312392225864],[0.994856704345161],20,0.012225003852320776
7739,0.02001662584894255,0.0,4,10000,[118.6213207296033],[2072.1312392225864],[0.994856704345161],20,0.012225003852320776
7740,-0.027947248810680787,0.0,4,10000,[118.6213207296033],[2072.1312392225864],[0.994856704345161],20,0.012225003852320776
7741,0.009159000253529821,0.0,4,10000,[118.6213207296033],[2072.1312392225864],[0.994856704345161],20,0.012225003852320776
7742,-0.003819629892552186,0.0,4,10000,[118.6213207296033],[2072.1312392225864],[0.994856704345161],20,0.012225003852320776
7743,0.0061059918147342235,0.0,4,10000,[118.6213207296033],[2072.1312392225864],[0.994856704345161],20,0.012225003852320776
7744,-0.03218660992905831,0.0,4,10000,[118.6213207296033],[2072.1312392225864],[0.994856704345161],20,0.012225003852320776
7745,-0.0028216385851455262,0.0,4,10000,[118.6213207296033],[2072.1312392225864],[0.994856704345161],20,0.012225003852320776
7746,0.0013907937269007622,0.0,4,10000,[118.6213207296033],[2072.1312392225864],[0.994856704345161],20,0.012225003852320776
7747,0.01627603572309021,0.0,4,10000,[118.6213207296033],[2072.1312392225864],[0.994856704345161],20,0.012225003852320776
7748,-0.004445229122411255,0.0,4,10000,[118.6213207296033],[2072.1312392225864],[0.994856704345161],20,0.012225003852320776
7749,-0.013974723413318069,0.0,4,10000,[118.6213207296033],[2072.1312392225864],[0.994856704345161],20,0.012225003852320776
7750,-0.011034077482577924,0.0,4,10000,[118.6213207296033],[2072.1312392225864],[0.994856704345161],20,0.012225003852320776
7751,-0.01987504487133705,0.0,4,10000,[118.6213207296033],[2072.1312392225864],[0.994856704345161],20,0.012225003852320776
7752,0.009616904980583048,0.0,4,10000,[118.6213207296033],[2072.1312392225864],[0.994856704345161],20,0.012225003852320776
7753,0.002784580833630855,0.0,4,10000,[118.6213207296033],[2072.1312392225864],[0.994856704345161],20,0.012225003852320776
7754,-0.012691791284885496,0.0,4,10000,[118.6213207296033],[2072.1312392225864],[0.994856704345161],20,0.012225003852320776
7755,-0.015147113144170977,0.0,4,10000,[118.6213207296033],[2072.1312392225864],[0.994856704345161],20,0.012225003852320776
7756,0.0005896987414763626,0.0,4,10000,[118.6213207296033],[2072.1312392225864],[0.994856704345161],20,0.012225003852320776
7757,2.401332056097082e-05,0.0,4,10000,[118.6213207296033],[2072.1312392225864],[0.994856704345161],20,0.012225003852320776
7758,-0.004701194236431609,0.0,4,10000,[118.6213207296033],[2072.1312392225864],[0.994856704345161],20,0.012225003852320776
7759,0.003967811541335103,0.0,4,10000,[118.6213207296033],[2072.1312392225864],[0.994856704345161],20,0.012225003852320776
7760,-0.036248523400946406,0.0,4,10000,[118.6213207296033],[2072.1312392225864],[0.994856704345161],20,0.012225003852320776
7761,0.0029660842294927455,0.0,4,10000,[118.6213207296033],[2072.1312392225864],[0.994856704345161],20,0.012225003852320776
7762,-0.004192873045676555,0.0,4,10000,[118.6213207296033],[2072.1312392225864],[0.994856704345161],20,0.012225003852320776
7763,0.0021652543570580976,0.0,4,10000,[118.6213207296033],[2072.1312392225864],[0.994856704345161],20,0.012225003852320776
7764,0.009382908626585317,0.0,4,10000,[118.6213207296033],[2072.1312392225864],[0.994856704345161],20,0.012225003852320776
7765,0.016760653340164237,0.0,4,10000,[118.6213207296033],[2072.1312392225864],[0.994856704345161],20,0.012225003852320776
7766,0.007103388773036179,0.0,4,10000,[118.6213207296033],[2072.1312392225864],[0.994856704345161],20,0.012225003852320776
7767,0.031614210622217864,0.0,4,10000,[118.6213207296033],[2072.1312392225864],[0.994856704345161],20,0.012225003852320776
7768,0.016427054706192584,0.0,4,10000,[118.6213207296033],[2072.1312392225864],[0.994856704345161],20,0.012225003852320776
7769,0.005604390184037853,0.0,4,10000,[118.6213207296033],[2072.1312392225864],[0.994856704345161],20,0.012225003852320776
7770,-0.0019750535272670803,0.0,4,10000,[118.6213207296033],[2072.1312392225864],[0.994856704345161],20,0.012225003852320776
7771,-0.000640829526265261,0.0,4,10000,[118.6213207296033],[2072.1312392225864],[0.994856704345161],20,0.012225003852320776
7772,0.030797122311841802,0.0,4,10000,[118.6213207296033],[2072.1312392225864],[0.994856704345161],20,0.012225003852320776
7773,0.0010488551737714586,0.0,4,10000,[118.6213207296033],[2072.1312392225864],[0.994856704345161],20,0.012225003852320776
7774,-0.00018029792622976294,0.0,4,10000,[118.6213207296033],[2072.1312392225864],[0.994856704345161],20,0.012225003852320776
7775,-0.00037083047824339085,0.0,4,10000,[118.6213207296033],[2072.1312392225864],[0.994856704345161],20,0.012225003852320776
7776,0.005700973540207216,0.0,4,10000,[118.6213207296033],[2072.1312392225864],[0.994856704345161],20,0.012225003852320776
7777,0.018682829516991958,0.0,4,10000,[118.6213207296033],[2072.1312392225864],[0.994856704345161],20,0.012225003852320776
7778,-0.013723465417699521,0.0,4,10000,[118.6213207296033],[2072.1312392225864],[0.994856704345161],20,0.012225003852320776
7779,0.0004839407397374825,0.0,4,10000,[118.6213207296033],[2072.1312392225864],[0.994856704345161],20,0.012225003852320776
7780,0.013343969683104497,0.0,4,10000,[118.6213207296033],[2072.1312392225864],[0.994856704345161],20,0.012225003852320776
7781,0.022579648605748046,0.0,4,10000,[118.6213207296033],[2072.1312392225864],[0.994856704345161],20,0.012225003852320776
7782,-0.016682404991008506,0.0,4,10000,[118.6213207296033],[2072.1312392225864],[0.994856704345161],20,0.012225003852320776
7783,0.013642336289403131,0.0,4,10000,[118.6213207296033],[2072.1312392225864],[0.994856704345161],20,0.012225003852320776
7784,0.010558607917007233,0.0,4,10000,[118.6213207296033],[2072.1312392225864],[0.994856704345161],20,0.012225003852320776
7785,-0.008669964956856936,0.0,4,10000,[118.6213207296033],[2072.1312392225864],[0.994856704345161],20,0.012225003852320776
7786,-0.0011211660679619764,0.0,4,10000,[118.6213207296033],[2072.1312392225864],[0.994856704345161],20,0.012225003852320776
7787,-0.0026214648594527993,0.0,4,10000,[118.6213207296033],[2072.1312392225864],[0.994856704345161],20,0.012225003852320776
7788,-0.002925560362561012,0.0,4,10000,[118.6213207296033],[2072.1312392225864],[0.994856704345161],20,0.012225003852320776
7789,0.009921498538472186,0.0,4,10000,[118.6213207296033],[2072.1312392225864],[0.994856704345161],20,0.012225003852320776
7790,0.0031520515812824093,0.0,4,10000,[118.6213207296033],[2072.1312392225864],[0.994856704345161],20,0.012225003852320776
7791,0.009622570760834405,0.0,4,10000,[118.6213207296033],[2072.1312392225864],[0.994856704345161],20,0.012225003852320776
7792,0.004600015240010606,0.0,4,10000,[118.6213207296033],[2072.1312392225864],[0.994856704345161],20,0.012225003852320776
7793,0.007394709916115199,0.0,4,10000,[118.6213207296033],[2072.1312392225864],[0.994856704345161],20,0.012225003852320776
7794,0.012152627763054842,0.0,4,10000,[118.6213207296033],[2072.1312392225864],[0.994856704345161],20,0.012225003852320776
7795,0.018601242951464522,0.0,4,10000,[118.6213207296033],[2072.1312392225864],[0.994856704345161],20,0.012225003852320776
7796,-0.0029749123344751465,0.0,4,10000,[118.6213207296033],[2072.1312392225864],[0.994856704345161],20,0.012225003852320776
7797,-0.015678738273541683,0.0,4,10000,[118.6213207296033],[2072.1312392225864],[0.994856704345161],20,0.012225003852320776
7798,0.0003036837477765842,0.0,4,10000,[118.6213207296033],[2072.1312392225864],[0.994856704345161],20,0.012225003852320776
7799,-0.00797236474802065,0.0,4,10000,[118.6213207296033],[2072.1312392225864],[0.994856704345161],20,0.012225003852320776
7800,0.0013655550965309812,0.0,4,10000,[118.6213207296033],[2072.1312392225864],[0.994856704345161],20,0.012225003852320776
7801,-0.002415346096613043,0.0,4,10000,[118.6213207296033],[2072.1312392225864],[0.994856704345161],20,0.012225003852320776
7802,0.011643168562587156,0.0,4,10000,[118.6213207296033],[2072.1312392225864],[0.994856704345161],20,0.012225003852320776
7803,-0.003566112815773738,0.0,4,10000,[118.6213207296033],[2072.1312392225864],[0.994856704345161],20,0.012225003852320776
7804,0.014872911790489503,0.0,4,10000,[118.6213207296033],[2072.1312392225864],[0.994856704345161],20,0.012225003852320776
7805,-0.019395944981548882,0.0,4,10000,[118.6213207296033],[2072.1312392225864],[0.994856704345161],20,0.012225003852320776
7806,-0.006717754318092912,0.0,4,10000,[118.6213207296033],[2072.1312392225864],[0.994856704345161],20,0.012225003852320776
7807,-0.004022805525748361,0.0,4,10000,[118.6213207296033],[2072.1312392225864],[0.994856704345161],20,0.012225003852320776
7808,0.018190981062718735,0.0,4,10000,[118.6213207296033],[2072.1312392225864],[0.994856704345161],20,0.012225003852320776
7809,-0.0302040174738531,0.0,4,10000,[118.6213207296033],[2072.1312392225864],[0.994856704345161],20,0.012225003852320776
7810,-0.0028987191232126286,0.0,4,10000,[118.6213207296033],[2072.1312392225864],[0.994856704345161],20,0.012225003852320776
7811,0.012685782050075364,0.0,4,10000,[118.6213207296033],[2072.1312392225864],[0.994856704345161],20,0.012225003852320776
7812,0.01886001941348697,0.0,4,10000,[118.6213207296033],[2072.1312392225864],[0.994856704345161],20,0.012225003852320776
7813,-0.01583518475340241,0.0,4,10000,[118.6213207296033],[2072.1312392225864],[0.994856704345161],20,0.012225003852320776
7814,0.011382836213915979,0.0,4,10000,[118.6213207296033],[2072.1312392225864],[0.994856704345161],20,0.012225003852320776
7815,0.010236175018714114,0.0,4,10000,[118.6213207296033],[2072.1312392225864],[0.994856704345161],20,0.012225003852320776
7816,-0.005224266430318804,0.0,4,10000,[118.6213207296033],[2072.1312392225864],[0.994856704345161],20,0.012225003852320776
7817,0.010847164579930105,0.0,4,10000,[118.6213207296033],[2072.1312392225864],[0.994856704345161],20,0.012225003852320776
7818,0.009160491398100545,0.0,4,10000,[118.6213207296033],[2072.1312392225864],[0.994856704345161],20,0.012225003852320776
7819,0.021738331745685725,0.0,4,10000,[118.6213207296033],[2072.1312392225864],[0.994856704345161],20,0.012225003852320776
7820,0.0032823834469984585,0.0,4,10000,[118.6213207296033],[2072.1312392225864],[0.994856704345161],20,0.012225003852320776
7821,0.0017606555857955465,0.0,4,10000,[118.6213207296033],[2072.1312392225864],[0.994856704345161],20,0.012225003852320776
7822,-0.0012267246629848576,0.0,4,10000,[118.6213207296033],[2072.1312392225864],[0.994856704345161],20,0.012225003852320776
7823,0.007987599089338536,0.0,4,10000,[118.6213207296033],[2072.1312392225864],[0.994856704345161],20,0.012225003852320776
7824,-0.006871662821267314,0.0,4,10000,[118.6213207296033],[2072.1312392225864],[0.994856704345161],20,0.012225003852320776
7825,0.007492707898144385,0.0,4,10000,[118.6213207296033],[2072.1312392225864],[0.994856704345161],20,0.012225003852320776
7826,0.005894778872921374,0.0,4,10000,[118.6213207296033],[2072.1312392225864],[0.994856704345161],20,0.012225003852320776
7827,-0.01337218944410093,0.0,4,10000,[118.6213207296033],[2072.1312392225864],[0.994856704345161],20,0.012225003852320776
7828,-0.01069332808277794,0.0,4,10000,[118.6213207296033],[2072.1312392225864],[0.994856704345161],20,0.012225003852320776
7829,0.013999489293836294,0.0,4,10000,[118.6213207296033],[2072.1312392225864],[0.994856704345161],20,0.012225003852320776
7830,-0.01953608089711235,0.0,4,10000,[118.6213207296033],[2072.1312392225864],[0.994856704345161],20,0.012225003852320776
7831,0.02290795227144994,0.0,4,10000,[118.6213207296033],[2072.1312392225864],[0.994856704345161],20,0.012225003852320776
7832,0.0007923540162901117,0.0,4,10000,[118.6213207296033],[2072.1312392225864],[0.994856704345161],20,0.012225003852320776
7833,0.013738368018730835,0.0,4,10000,[118.6213207296033],[2072.1312392225864],[0.994856704345161],20,0.012225003852320776
7834,-0.014410255656140892,0.0,4,10000,[118.6213207296033],[2072.1312392225864],[0.994856704345161],20,0.012225003852320776
7835,-0.0023643478186821166,0.0,4,10000,[118.6213207296033],[2072.1312392225864],[0.994856704345161],20,0.012225003852320776
7836,-0.01269744143007384,0.0,4,10000,[118.6213207296033],[2072.1312392225864],[0.994856704345161],20,0.012225003852320776
7837,0.007885579960294169,0.0,4,10000,[118.6213207296033],[2072.1312392225864],[0.994856704345161],20,0.012225003852320776
7838,0.008166100048436665,0.0,4,10000,[118.6213207296033],[2072.1312392225864],[0.994856704345161],20,0.012225003852320776
7839,-0.005314573043415527,0.0,4,10000,[118.6213207296033],[2072.1312392225864],[0.994856704345161],20,0.012225003852320776
7840,0.0035024288808722355,0.0,4,10000,[118.6213207296033],[2072.1312392225864],[0.994856704345161],20,0.012225003852320776
7841,0.0045925636911803396,0.0,4,10000,[118.6213207296033],[2072.1312392225864],[0.994856704345161],20,0.012225003852320776
7842,-0.0019070430052211833,0.0,4,10000,[118.6213207296033],[2072.1312392225864],[0.994856704345161],20,0.012225003852320776
7843,-0.00397326477142766,0.0,4,10000,[118.6213207296033],[2072.1312392225864],[0.994856704345161],20,0.012225003852320776
7844,3.955740567786623e-05,0.0,4,10000,[118.6213207296033],[2072.1312392225864],[0.994856704345161],20,0.012225003852320776
7845,-0.007395051680139231,0.0,4,10000,[118.6213207296033],[2072.1312392225864],[0.994856704345161],20,0.012225003852320776
7846,0.019920126547679808,0.0,4,10000,[118.6213207296033],[2072.1312392225864],[0.994856704345161],20,0.012225003852320776
7847,0.019184632565932322,0.0,4,10000,[118.6213207296033],[2072.1312392225864],[0.994856704345161],20,0.012225003852320776
7848,0.0182034497271699,0.0,4,10000,[118.6213207296033],[2072.1312392225864],[0.994856704345161],20,0.012225003852320776
7849,0.0060374774352139685,0.0,4,10000,[118.6213207296033],[2072.1312392225864],[0.994856704345161],20,0.012225003852320776
7850,-0.002658629811667213,0.0,4,10000,[118.6213207296033],[2072.1312392225864],[0.994856704345161],20,0.012225003852320776
7851,0.005094089261371941,0.0,4,10000,[118.6213207296033],[2072.1312392225864],[0.994856704345161],20,0.012225003852320776
7852,-0.014581504582858387,0.0,4,10000,[118.6213207296033],[2072.1312392225864],[0.994856704345161],20,0.012225003852320776
7853,-0.012765687272927033,0.0,4,10000,[118.6213207296033],[2072.1312392225864],[0.994856704345161],20,0.012225003852320776
7854,0.016594439375680062,0.0,4,10000,[118.6213207296033],[2072.1312392225864],[0.994856704345161],20,0.012225003852320776
7855,0.011166139257897835,0.0,4,10000,[118.6213207296033],[2072.1312392225864],[0.994856704345161],20,0.012225003852320776
7856,0.0014859060970754663,0.0,4,10000,[118.6213207296033],[2072.1312392225864],[0.994856704345161],20,0.012225003852320776
7857,-0.004922030309734966,0.0,4,10000,[118.6213207296033],[2072.1312392225864],[0.994856704345161],20,0.012225003852320776
7858,0.010768409143928133,0.0,4,10000,[118.6213207296033],[2072.1312392225864],[0.994856704345161],20,0.012225003852320776
7859,0.005041525016021581,0.0,4,10000,[118.6213207296033],[2072.1312392225864],[0.994856704345161],20,0.012225003852320776
7860,-0.020963963505160207,0.0,4,10000,[118.6213207296033],[2072.1312392225864],[0.994856704345161],20,0.012225003852320776
7861,0.0017172608266906894,0.0,4,10000,[118.6213207296033],[2072.1312392225864],[0.994856704345161],20,0.012225003852320776
7862,0.018070449803220343,0.0,4,10000,[118.6213207296033],[2072.1312392225864],[0.994856704345161],20,0.012225003852320776
7863,-0.006238755894999733,0.0,4,10000,[118.6213207296033],[2072.1312392225864],[0.994856704345161],20,0.012225003852320776
7864,0.0006805901995201172,0.0,4,10000,[118.6213207296033],[2072.1312392225864],[0.994856704345161],20,0.012225003852320776
7865,-0.010999060159569866,0.0,4,10000,[118.6213207296033],[2072.1312392225864],[0.994856704345161],20,0.012225003852320776
7866,-0.01763679519611967,0.0,4,10000,[118.6213207296033],[2072.1312392225864],[0.994856704345161],20,0.012225003852320776
7867,-0.011730618209743096,0.0,4,10000,[118.6213207296033],[2072.1312392225864],[0.994856704345161],20,0.012225003852320776
7868,0.011582097058176456,0.0,4,10000,[118.6213207296033],[2072.1312392225864],[0.994856704345161],20,0.012225003852320776
7869,-0.0018936875759343285,0.0,4,10000,[118.6213207296033],[2072.1312392225864],[0.994856704345161],20,0.012225003852320776
7870,-0.0003356430224327354,0.0,4,10000,[118.6213207296033],[2072.1312392225864],[0.994856704345161],20,0.012225003852320776
7871,-0.0022824921966102703,0.0,4,10000,[118.6213207296033],[2072.1312392225864],[0.994856704345161],20,0.012225003852320776
7872,0.0012518529231650116,0.0,4,10000,[118.6213207296033],[2072.1312392225864],[0.994856704345161],20,0.012225003852320776
7873,-0.011195539400050785,0.0,4,10000,[118.6213207296033],[2072.1312392225864],[0.994856704345161],20,0.012225003852320776
7874,-0.00987506607993609,0.0,4,10000,[118.6213207296033],[2072.1312392225864],[0.994856704345161],20,0.012225003852320776
7875,-0.007717636601349166,0.0,4,10000,[118.6213207296033],[2072.1312392225864],[0.994856704345161],20,0.012225003852320776
7876,0.00025970152032522197,0.0,4,10000,[118.6213207296033],[2072.1312392225864],[0.994856704345161],20,0.012225003852320776
7877,0.00980729516239085,0.0,4,10000,[118.6213207296033],[2072.1312392225864],[0.994856704345161],20,0.012225003852320776
7878,-0.00852212365112871,0.0,4,10000,[118.6213207296033],[2072.1312392225864],[0.994856704345161],20,0.012225003852320776
7879,-0.0004191707196718786,0.0,4,10000,[118.6213207296033],[2072.1312392225864],[0.994856704345161],20,0.012225003852320776
7880,0.008579222110907468,0.0,4,10000,[118.6213207296033],[2072.1312392225864],[0.994856704345161],20,0.012225003852320776
7881,0.0027474655792453805,0.0,4,10000,[118.6213207296033],[2072.1312392225864],[0.994856704345161],20,0.012225003852320776
7882,-0.01069906095212913,0.0,4,10000,[118.6213207296033],[2072.1312392225864],[0.994856704345161],20,0.012225003852320776
7883,0.008594572120852535,0.0,4,10000,[118.6213207296033],[2072.1312392225864],[0.994856704345161],20,0.012225003852320776
7884,0.0035040585521273365,0.0,4,10000,[118.6213207296033],[2072.1312392225864],[0.994856704345161],20,0.012225003852320776
7885,0.0009367020259901991,0.0,4,10000,[118.6213207296033],[2072.1312392225864],[0.994856704345161],20,0.012225003852320776
7886,-0.01450477997534719,0.0,4,10000,[118.6213207296033],[2072.1312392225864],[0.994856704345161],20,0.012225003852320776
7887,0.01592632946989882,0.0,4,10000,[118.6213207296033],[2072.1312392225864],[0.994856704345161],20,0.012225003852320776
7888,0.005494504657187373,0.0,4,10000,[118.6213207296033],[2072.1312392225864],[0.994856704345161],20,0.012225003852320776
7889,-0.010667457095553957,0.0,4,10000,[118.6213207296033],[2072.1312392225864],[0.994856704345161],20,0.012225003852320776
7890,0.005497855061212505,0.0,4,10000,[118.6213207296033],[2072.1312392225864],[0.994856704345161],20,0.012225003852320776
7891,0.0035047387557293605,0.0,4,10000,[118.6213207296033],[2072.1312392225864],[0.994856704345161],20,0.012225003852320776
7892,-0.0015538610761728154,0.0,4,10000,[118.6213207296033],[2072.1312392225864],[0.994856704345161],20,0.012225003852320776
7893,-0.0033343581410853825,0.0,4,10000,[118.6213207296033],[2072.1312392225864],[0.994856704345161],20,0.012225003852320776
7894,-0.017768706035574663,0.0,4,10000,[118.6213207296033],[2072.1312392225864],[0.994856704345161],20,0.012225003852320776
7895,-0.008376582425606823,0.0,4,10000,[118.6213207296033],[2072.1312392225864],[0.994856704345161],20,0.012225003852320776
7896,0.011157191129331823,0.0,4,10000,[118.6213207296033],[2072.1312392225864],[0.994856704345161],20,0.012225003852320776
7897,-0.006411532178600032,0.0,4,10000,[118.6213207296033],[2072.1312392225864],[0.994856704345161],20,0.012225003852320776
7898,0.0018262298099773564,0.0,4,10000,[118.6213207296033],[2072.1312392225864],[0.994856704345161],20,0.012225003852320776
7899,-0.006278379049572078,0.0,4,10000,[118.6213207296033],[2072.1312392225864],[0.994856704345161],20,0.012225003852320776
7900,-0.01140172186749003,0.0,4,10000,[118.6213207296033],[2072.1312392225864],[0.994856704345161],20,0.012225003852320776
7901,-0.0027664858073532055,0.0,4,10000,[118.6213207296033],[2072.1312392225864],[0.994856704345161],20,0.012225003852320776
7902,0.017581781665128547,0.0,4,10000,[118.6213207296033],[2072.1312392225864],[0.994856704345161],20,0.012225003852320776
7903,0.00915481242098606,0.0,4,10000,[118.6213207296033],[2072.1312392225864],[0.994856704345161],20,0.012225003852320776
7904,-0.002297629707847346,0.0,4,10000,[118.6213207296033],[2072.1312392225864],[0.994856704345161],20,0.012225003852320776
7905,0.027508250849641976,0.0,4,10000,[118.6213207296033],[2072.1312392225864],[0.994856704345161],20,0.012225003852320776
7906,-0.014328625863610656,0.0,4,10000,[118.6213207296033],[2072.1312392225864],[0.994856704345161],20,0.012225003852320776
7907,-0.005070056696741736,0.0,4,10000,[118.6213207296033],[2072.1312392225864],[0.994856704345161],20,0.012225003852320776
7908,-0.014738233707364013,0.0,4,10000,[118.6213207296033],[2072.1312392225864],[0.994856704345161],20,0.012225003852320776
7909,0.01368592750128918,0.0,4,10000,[118.6213207296033],[2072.1312392225864],[0.994856704345161],20,0.012225003852320776
7910,-0.005303307215727331,0.0,4,10000,[118.6213207296033],[2072.1312392225864],[0.994856704345161],20,0.012225003852320776
7911,0.016687036300768333,0.0,4,10000,[118.6213207296033],[2072.1312392225864],[0.994856704345161],20,0.012225003852320776
7912,0.005912476188703309,0.0,4,10000,[118.6213207296033],[2072.1312392225864],[0.994856704345161],20,0.012225003852320776
7913,-0.009037236293883666,0.0,4,10000,[118.6213207296033],[2072.1312392225864],[0.994856704345161],20,0.012225003852320776
7914,-0.0044133347204332145,0.0,4,10000,[118.6213207296033],[2072.1312392225864],[0.994856704345161],20,0.012225003852320776
7915,0.031222185077257332,0.0,4,10000,[118.6213207296033],[2072.1312392225864],[0.994856704345161],20,0.012225003852320776
7916,0.006836883247377524,0.0,4,10000,[118.6213207296033],[2072.1312392225864],[0.994856704345161],20,0.012225003852320776
7917,0.0033557904055345027,0.0,4,10000,[118.6213207296033],[2072.1312392225864],[0.994856704345161],20,0.012225003852320776
7918,0.004004951823273563,0.0,4,10000,[118.6213207296033],[2072.1312392225864],[0.994856704345161],20,0.012225003852320776
7919,-0.010231948961774784,0.0,4,10000,[118.6213207296033],[2072.1312392225864],[0.994856704345161],20,0.012225003852320776
7920,-0.003010006338027892,0.0,4,10000,[118.6213207296033],[2072.1312392225864],[0.994856704345161],20,0.012225003852320776
7921,0.013419944754162782,0.0,4,10000,[118.6213207296033],[2072.1312392225864],[0.994856704345161],20,0.012225003852320776
7922,0.002998753958318857,0.0,4,10000,[118.6213207296033],[2072.1312392225864],[0.994856704345161],20,0.012225003852320776
7923,0.01330643387008022,0.0,4,10000,[118.6213207296033],[2072.1312392225864],[0.994856704345161],20,0.012225003852320776
7924,-0.020948446098887737,0.0,4,10000,[118.6213207296033],[2072.1312392225864],[0.994856704345161],20,0.012225003852320776
7925,-0.028109297439369567,0.0,4,10000,[118.6213207296033],[2072.1312392225864],[0.994856704345161],20,0.012225003852320776
7926,0.007047507766715694,0.0,4,10000,[118.6213207296033],[2072.1312392225864],[0.994856704345161],20,0.012225003852320776
7927,0.0015382000817945217,0.0,4,10000,[118.6213207296033],[2072.1312392225864],[0.994856704345161],20,0.012225003852320776
7928,0.011595473471217843,0.0,4,10000,[118.6213207296033],[2072.1312392225864],[0.994856704345161],20,0.012225003852320776
7929,0.003344190440358431,0.0,4,10000,[118.6213207296033],[2072.1312392225864],[0.994856704345161],20,0.012225003852320776
7930,-0.019100663793195843,0.0,4,10000,[118.6213207296033],[2072.1312392225864],[0.994856704345161],20,0.012225003852320776
7931,0.02373616069737297,0.0,4,10000,[118.6213207296033],[2072.1312392225864],[0.994856704345161],20,0.012225003852320776
7932,-0.021962872516863644,0.0,4,10000,[118.6213207296033],[2072.1312392225864],[0.994856704345161],20,0.012225003852320776
7933,-0.009925769401222211,0.0,4,10000,[118.6213207296033],[2072.1312392225864],[0.994856704345161],20,0.012225003852320776
7934,0.010326918191764458,0.0,4,10000,[118.6213207296033],[2072.1312392225864],[0.994856704345161],20,0.012225003852320776
7935,0.001630324464890722,0.0,4,10000,[118.6213207296033],[2072.1312392225864],[0.994856704345161],20,0.012225003852320776
7936,-0.02106680063113242,0.0,4,10000,[118.6213207296033],[2072.1312392225864],[0.994856704345161],20,0.012225003852320776
7937,-0.005658694849668328,0.0,4,10000,[118.6213207296033],[2072.1312392225864],[0.994856704345161],20,0.012225003852320776
7938,0.011368236283999628,0.0,4,10000,[118.6213207296033],[2072.1312392225864],[0.994856704345161],20,0.012225003852320776
7939,-0.009858699938088092,0.0,4,10000,[118.6213207296033],[2072.1312392225864],[0.994856704345161],20,0.012225003852320776
7940,-0.02207425208296445,0.0,4,10000,[118.6213207296033],[2072.1312392225864],[0.994856704345161],20,0.012225003852320776
7941,0.0063462032843288425,0.0,4,10000,[118.6213207296033],[2072.1312392225864],[0.994856704345161],20,0.012225003852320776
7942,-0.01342902399369991,0.0,4,10000,[118.6213207296033],[2072.1312392225864],[0.994856704345161],20,0.012225003852320776
7943,0.0030658096130824243,0.0,4,10000,[118.6213207296033],[2072.1312392225864],[0.994856704345161],20,0.012225003852320776
7944,0.0025711997312042427,0.0,4,10000,[118.6213207296033],[2072.1312392225864],[0.994856704345161],20,0.012225003852320776
7945,-0.009646437669593767,0.0,4,10000,[118.6213207296033],[2072.1312392225864],[0.994856704345161],20,0.012225003852320776
7946,0.0027227664846060794,0.0,4,10000,[118.6213207296033],[2072.1312392225864],[0.994856704345161],20,0.012225003852320776
7947,5.449995224347896e-06,0.0,4,10000,[118.6213207296033],[2072.1312392225864],[0.994856704345161],20,0.012225003852320776
7948,-0.012425758965470959,0.0,4,10000,[118.6213207296033],[2072.1312392225864],[0.994856704345161],20,0.012225003852320776
7949,0.001565581506582527,0.0,4,10000,[118.6213207296033],[2072.1312392225864],[0.994856704345161],20,0.012225003852320776
7950,0.02850816121851389,0.0,4,10000,[118.6213207296033],[2072.1312392225864],[0.994856704345161],20,0.012225003852320776
7951,-0.009316400877187998,0.0,4,10000,[118.6213207296033],[2072.1312392225864],[0.994856704345161],20,0.012225003852320776
7952,-0.005280564483821142,0.0,4,10000,[118.6213207296033],[2072.1312392225864],[0.994856704345161],20,0.012225003852320776
7953,-0.011328618266321571,0.0,4,10000,[118.6213207296033],[2072.1312392225864],[0.994856704345161],20,0.012225003852320776
7954,0.005673529026673098,0.0,4,10000,[118.6213207296033],[2072.1312392225864],[0.994856704345161],20,0.012225003852320776
7955,-0.0070829150620746375,0.0,4,10000,[118.6213207296033],[2072.1312392225864],[0.994856704345161],20,0.012225003852320776
7956,0.014631095181834924,0.0,4,10000,[118.6213207296033],[2072.1312392225864],[0.994856704345161],20,0.012225003852320776
7957,-0.0009673983154950181,0.0,4,10000,[118.6213207296033],[2072.1312392225864],[0.994856704345161],20,0.012225003852320776
7958,-0.01432221343850402,0.0,4,10000,[118.6213207296033],[2072.1312392225864],[0.994856704345161],20,0.012225003852320776
7959,0.005246218053048254,0.0,4,10000,[118.6213207296033],[2072.1312392225864],[0.994856704345161],20,0.012225003852320776
7960,0.01860158780054187,0.0,4,10000,[118.6213207296033],[2072.1312392225864],[0.994856704345161],20,0.012225003852320776
7961,0.004179839660169931,0.0,4,10000,[118.6213207296033],[2072.1312392225864],[0.994856704345161],20,0.012225003852320776
7962,0.010954208072734601,0.0,4,10000,[118.6213207296033],[2072.1312392225864],[0.994856704345161],20,0.012225003852320776
7963,0.015357873170448948,0.0,4,10000,[118.6213207296033],[2072.1312392225864],[0.994856704345161],20,0.012225003852320776
7964,-0.0006054073510612248,0.0,4,10000,[118.6213207296033],[2072.1312392225864],[0.994856704345161],20,0.012225003852320776
7965,-0.011385029605035504,0.0,4,10000,[118.6213207296033],[2072.1312392225864],[0.994856704345161],20,0.012225003852320776
7966,-0.013281554507593744,0.0,4,10000,[118.6213207296033],[2072.1312392225864],[0.994856704345161],20,0.012225003852320776
7967,-0.0025240596659743854,0.0,4,10000,[118.6213207296033],[2072.1312392225864],[0.994856704345161],20,0.012225003852320776
7968,0.0013271516035092384,0.0,4,10000,[118.6213207296033],[2072.1312392225864],[0.994856704345161],20,0.012225003852320776
7969,-0.006336166397119846,0.0,4,10000,[118.6213207296033],[2072.1312392225864],[0.994856704345161],20,0.012225003852320776
7970,0.009440316475275816,0.0,4,10000,[118.6213207296033],[2072.1312392225864],[0.994856704345161],20,0.012225003852320776
7971,0.013013850413002381,0.0,4,10000,[118.6213207296033],[2072.1312392225864],[0.994856704345161],20,0.012225003852320776
7972,0.012998016813636241,0.0,4,10000,[118.6213207296033],[2072.1312392225864],[0.994856704345161],20,0.012225003852320776
7973,-0.012181486596307417,0.0,4,10000,[118.6213207296033],[2072.1312392225864],[0.994856704345161],20,0.012225003852320776
7974,-0.01811949943369113,0.0,4,10000,[118.6213207296033],[2072.1312392225864],[0.994856704345161],20,0.012225003852320776
7975,0.01599930643498046,0.0,4,10000,[118.6213207296033],[2072.1312392225864],[0.994856704345161],20,0.012225003852320776
7976,-0.005014463576609092,0.0,4,10000,[118.6213207296033],[2072.1312392225864],[0.994856704345161],20,0.012225003852320776
7977,0.00063418574291964,0.0,4,10000,[118.6213207296033],[2072.1312392225864],[0.994856704345161],20,0.012225003852320776
7978,0.002597325218850201,0.0,4,10000,[118.6213207296033],[2072.1312392225864],[0.994856704345161],20,0.012225003852320776
7979,-0.005830608788897912,0.0,4,10000,[118.6213207296033],[2072.1312392225864],[0.994856704345161],20,0.012225003852320776
7980,-0.006879364312560814,0.0,4,10000,[118.6213207296033],[2072.1312392225864],[0.994856704345161],20,0.012225003852320776
7981,-0.011229331245067087,0.0,4,10000,[118.6213207296033],[2072.1312392225864],[0.994856704345161],20,0.012225003852320776
7982,0.008456641556319769,0.0,4,10000,[118.6213207296033],[2072.1312392225864],[0.994856704345161],20,0.012225003852320776
7983,-0.019621573691079884,0.0,4,10000,[118.6213207296033],[2072.1312392225864],[0.994856704345161],20,0.012225003852320776
7984,-0.0006920419629827846,0.0,4,10000,[118.6213207296033],[2072.1312392225864],[0.994856704345161],20,0.012225003852320776
7985,0.0008545886204024117,0.0,4,10000,[118.6213207296033],[2072.1312392225864],[0.994856704345161],20,0.012225003852320776
7986,-0.022617306981439093,0.0,4,10000,[118.6213207296033],[2072.1312392225864],[0.994856704345161],20,0.012225003852320776
7987,-0.00714220535971719,0.0,4,10000,[118.6213207296033],[2072.1312392225864],[0.994856704345161],20,0.012225003852320776
7988,-0.00047265857850452324,0.0,4,10000,[118.6213207296033],[2072.1312392225864],[0.994856704345161],20,0.012225003852320776
7989,-0.005308475987058372,0.0,4,10000,[118.6213207296033],[2072.1312392225864],[0.994856704345161],20,0.012225003852320776
7990,-0.013075595123853666,0.0,4,10000,[118.6213207296033],[2072.1312392225864],[0.994856704345161],20,0.012225003852320776
7991,0.014661641107069405,0.0,4,10000,[118.6213207296033],[2072.1312392225864],[0.994856704345161],20,0.012225003852320776
7992,0.0024721478770519255,0.0,4,10000,[118.6213207296033],[2072.1312392225864],[0.994856704345161],20,0.012225003852320776
7993,0.0032508693189591997,0.0,4,10000,[118.6213207296033],[2072.1312392225864],[0.994856704345161],20,0.012225003852320776
7994,-0.0022340482991811276,0.0,4,10000,[118.6213207296033],[2072.1312392225864],[0.994856704345161],20,0.012225003852320776
7995,0.0022494033926824357,0.0,4,10000,[118.6213207296033],[2072.1312392225864],[0.994856704345161],20,0.012225003852320776
7996,0.009409597314943131,0.0,4,10000,[118.6213207296033],[2072.1312392225864],[0.994856704345161],20,0.012225003852320776
7997,0.007762924948407069,0.0,4,10000,[118.6213207296033],[2072.1312392225864],[0.994856704345161],20,0.012225003852320776
7998,-0.010561271354270693,0.0,4,10000,[118.6213207296033],[2072.1312392225864],[0.994856704345161],20,0.012225003852320776
7999,0.005338925821366914,0.0,4,10000,[118.6213207296033],[2072.1312392225864],[0.994856704345161],20,0.012225003852320776
8000,-0.011228861251361074,0.0,4,10000,[118.6213207296033],[2072.1312392225864],[0.994856704345161],20,0.012225003852320776
8001,0.0031111308238690014,0.0,4,10000,[118.6213207296033],[2072.1312392225864],[0.994856704345161],20,0.012225003852320776
8002,-0.007297315360589172,0.0,4,10000,[118.6213207296033],[2072.1312392225864],[0.994856704345161],20,0.012225003852320776
8003,-0.01345026120420645,0.0,4,10000,[118.6213207296033],[2072.1312392225864],[0.994856704345161],20,0.012225003852320776
8004,-0.004318138951650848,0.0,4,10000,[118.6213207296033],[2072.1312392225864],[0.994856704345161],20,0.012225003852320776
8005,-0.003494915897603133,0.0,4,10000,[118.6213207296033],[2072.1312392225864],[0.994856704345161],20,0.012225003852320776
8006,0.007683199100265516,0.0,4,10000,[118.6213207296033],[2072.1312392225864],[0.994856704345161],20,0.012225003852320776
8007,-0.030425344464349764,0.0,4,10000,[118.6213207296033],[2072.1312392225864],[0.994856704345161],20,0.012225003852320776
8008,0.0016748071735852607,0.0,4,10000,[118.6213207296033],[2072.1312392225864],[0.994856704345161],20,0.012225003852320776
8009,0.0002641318732744923,0.0,4,10000,[118.6213207296033],[2072.1312392225864],[0.994856704345161],20,0.012225003852320776
8010,3.892672194805213e-05,0.0,4,10000,[118.6213207296033],[2072.1312392225864],[0.994856704345161],20,0.012225003852320776
8011,0.00014758518372445342,0.0,4,10000,[118.6213207296033],[2072.1312392225864],[0.994856704345161],20,0.012225003852320776
8012,0.004274544190916561,0.0,4,10000,[118.6213207296033],[2072.1312392225864],[0.994856704345161],20,0.012225003852320776
8013,0.0017340502684817043,0.0,4,10000,[118.6213207296033],[2072.1312392225864],[0.994856704345161],20,0.012225003852320776
8014,-0.001993805177973308,0.0,4,10000,[118.6213207296033],[2072.1312392225864],[0.994856704345161],20,0.012225003852320776
8015,0.01815548946149052,0.0,4,10000,[118.6213207296033],[2072.1312392225864],[0.994856704345161],20,0.012225003852320776
8016,-0.009588245073078774,0.0,4,10000,[118.6213207296033],[2072.1312392225864],[0.994856704345161],20,0.012225003852320776
8017,0.013566464289490574,0.0,4,10000,[118.6213207296033],[2072.1312392225864],[0.994856704345161],20,0.012225003852320776
8018,0.014362568683799438,0.0,4,10000,[118.6213207296033],[2072.1312392225864],[0.994856704345161],20,0.012225003852320776
8019,0.003937761242868373,0.0,4,10000,[118.6213207296033],[2072.1312392225864],[0.994856704345161],20,0.012225003852320776
8020,0.013954887606459186,0.0,4,10000,[118.6213207296033],[2072.1312392225864],[0.994856704345161],20,0.012225003852320776
8021,0.03778066589723285,0.0,4,10000,[118.6213207296033],[2072.1312392225864],[0.994856704345161],20,0.012225003852320776
8022,-0.0034906759272159468,0.0,4,10000,[118.6213207296033],[2072.1312392225864],[0.994856704345161],20,0.012225003852320776
8023,-0.0002955632145784867,0.0,4,10000,[118.6213207296033],[2072.1312392225864],[0.994856704345161],20,0.012225003852320776
8024,0.00859935899878926,0.0,4,10000,[118.6213207296033],[2072.1312392225864],[0.994856704345161],20,0.012225003852320776
8025,-0.0024433969987324813,0.0,4,10000,[118.6213207296033],[2072.1312392225864],[0.994856704345161],20,0.012225003852320776
8026,-0.005552658152762009,0.0,4,10000,[118.6213207296033],[2072.1312392225864],[0.994856704345161],20,0.012225003852320776
8027,0.0010678729137090595,0.0,4,10000,[118.6213207296033],[2072.1312392225864],[0.994856704345161],20,0.012225003852320776
8028,0.0015157766210702947,0.0,4,10000,[118.6213207296033],[2072.1312392225864],[0.994856704345161],20,0.012225003852320776
8029,0.0011047776306680936,0.0,4,10000,[118.6213207296033],[2072.1312392225864],[0.994856704345161],20,0.012225003852320776
8030,0.003530648622933937,0.0,4,10000,[118.6213207296033],[2072.1312392225864],[0.994856704345161],20,0.012225003852320776
8031,-0.029541322214600204,0.0,4,10000,[118.6213207296033],[2072.1312392225864],[0.994856704345161],20,0.012225003852320776
8032,0.009634312667400197,0.0,4,10000,[118.6213207296033],[2072.1312392225864],[0.994856704345161],20,0.012225003852320776
8033,0.011484102282069707,0.0,4,10000,[118.6213207296033],[2072.1312392225864],[0.994856704345161],20,0.012225003852320776
8034,-0.010463724670136582,0.0,4,10000,[118.6213207296033],[2072.1312392225864],[0.994856704345161],20,0.012225003852320776
8035,-0.004359502707536229,0.0,4,10000,[118.6213207296033],[2072.1312392225864],[0.994856704345161],20,0.012225003852320776
8036,0.003787244475631241,0.0,4,10000,[118.6213207296033],[2072.1312392225864],[0.994856704345161],20,0.012225003852320776
8037,-0.0017179504544629586,0.0,4,10000,[118.6213207296033],[2072.1312392225864],[0.994856704345161],20,0.012225003852320776
8038,0.012550680456944043,0.0,4,10000,[118.6213207296033],[2072.1312392225864],[0.994856704345161],20,0.012225003852320776
8039,0.0027400118685747096,0.0,4,10000,[118.6213207296033],[2072.1312392225864],[0.994856704345161],20,0.012225003852320776
8040,0.010563522821303737,0.0,4,10000,[118.6213207296033],[2072.1312392225864],[0.994856704345161],20,0.012225003852320776
8041,-0.007703293559818039,0.0,4,10000,[118.6213207296033],[2072.1312392225864],[0.994856704345161],20,0.012225003852320776
8042,0.00043905558861828073,0.0,4,10000,[118.6213207296033],[2072.1312392225864],[0.994856704345161],20,0.012225003852320776
8043,0.015628115127512266,0.0,4,10000,[118.6213207296033],[2072.1312392225864],[0.994856704345161],20,0.012225003852320776
8044,-0.004739814482679853,0.0,4,10000,[118.6213207296033],[2072.1312392225864],[0.994856704345161],20,0.012225003852320776
8045,0.015612447535568712,0.0,4,10000,[118.6213207296033],[2072.1312392225864],[0.994856704345161],20,0.012225003852320776
8046,-0.00401257460184246,0.0,4,10000,[118.6213207296033],[2072.1312392225864],[0.994856704345161],20,0.012225003852320776
8047,-0.01699371517750845,0.0,4,10000,[118.6213207296033],[2072.1312392225864],[0.994856704345161],20,0.012225003852320776
8048,0.017815837254865033,0.0,4,10000,[118.6213207296033],[2072.1312392225864],[0.994856704345161],20,0.012225003852320776
8049,0.006261030045270617,0.0,4,10000,[118.6213207296033],[2072.1312392225864],[0.994856704345161],20,0.012225003852320776
8050,-0.003290636779599196,0.0,4,10000,[118.6213207296033],[2072.1312392225864],[0.994856704345161],20,0.012225003852320776
8051,-0.007373557789210653,0.0,4,10000,[118.6213207296033],[2072.1312392225864],[0.994856704345161],20,0.012225003852320776
8052,0.011382054497597563,0.0,4,10000,[118.6213207296033],[2072.1312392225864],[0.994856704345161],20,0.012225003852320776
8053,0.013869160905655266,0.0,4,10000,[118.6213207296033],[2072.1312392225864],[0.994856704345161],20,0.012225003852320776
8054,0.01185914204866358,0.0,4,10000,[118.6213207296033],[2072.1312392225864],[0.994856704345161],20,0.012225003852320776
8055,0.0064045120636051145,0.0,4,10000,[118.6213207296033],[2072.1312392225864],[0.994856704345161],20,0.012225003852320776
8056,0.010753353136678773,0.0,4,10000,[118.6213207296033],[2072.1312392225864],[0.994856704345161],20,0.012225003852320776
8057,0.0024910210382146354,0.0,4,10000,[118.6213207296033],[2072.1312392225864],[0.994856704345161],20,0.012225003852320776
8058,0.0015676426108220732,0.0,4,10000,[118.6213207296033],[2072.1312392225864],[0.994856704345161],20,0.012225003852320776
8059,0.012356009858782635,0.0,4,10000,[118.6213207296033],[2072.1312392225864],[0.994856704345161],20,0.012225003852320776
8060,0.0019983570942114287,0.0,4,10000,[118.6213207296033],[2072.1312392225864],[0.994856704345161],20,0.012225003852320776
8061,0.0039164421894672344,0.0,4,10000,[118.6213207296033],[2072.1312392225864],[0.994856704345161],20,0.012225003852320776
8062,0.00012771416396508152,0.0,4,10000,[118.6213207296033],[2072.1312392225864],[0.994856704345161],20,0.012225003852320776
8063,-0.005096912438603302,0.0,4,10000,[118.6213207296033],[2072.1312392225864],[0.994856704345161],20,0.012225003852320776
8064,0.008212468923921412,0.0,4,10000,[118.6213207296033],[2072.1312392225864],[0.994856704345161],20,0.012225003852320776
8065,0.018548276045442368,0.0,4,10000,[118.6213207296033],[2072.1312392225864],[0.994856704345161],20,0.012225003852320776
8066,0.002756918634879397,0.0,4,10000,[118.6213207296033],[2072.1312392225864],[0.994856704345161],20,0.012225003852320776
8067,-0.007772937676262328,0.0,4,10000,[118.6213207296033],[2072.1312392225864],[0.994856704345161],20,0.012225003852320776
8068,-0.0007114091668647185,0.0,4,10000,[118.6213207296033],[2072.1312392225864],[0.994856704345161],20,0.012225003852320776
8069,0.0012392424620481773,0.0,4,10000,[118.6213207296033],[2072.1312392225864],[0.994856704345161],20,0.012225003852320776
8070,0.0001691571174895059,0.0,4,10000,[118.6213207296033],[2072.1312392225864],[0.994856704345161],20,0.012225003852320776
8071,-0.001005421580844154,0.0,4,10000,[118.6213207296033],[2072.1312392225864],[0.994856704345161],20,0.012225003852320776
8072,0.0030296794637952656,0.0,4,10000,[118.6213207296033],[2072.1312392225864],[0.994856704345161],20,0.012225003852320776
8073,0.0009843309050290116,0.0,4,10000,[118.6213207296033],[2072.1312392225864],[0.994856704345161],20,0.012225003852320776
8074,0.010659451637214967,0.0,4,10000,[118.6213207296033],[2072.1312392225864],[0.994856704345161],20,0.012225003852320776
8075,-0.0023645995892475563,0.0,4,10000,[118.6213207296033],[2072.1312392225864],[0.994856704345161],20,0.012225003852320776
8076,-0.0028099236762998657,0.0,4,10000,[118.6213207296033],[2072.1312392225864],[0.994856704345161],20,0.012225003852320776
8077,0.002281342889271453,0.0,4,10000,[118.6213207296033],[2072.1312392225864],[0.994856704345161],20,0.012225003852320776
8078,-0.005048378495886119,0.0,4,10000,[118.6213207296033],[2072.1312392225864],[0.994856704345161],20,0.012225003852320776
8079,-0.02679123832868057,0.0,4,10000,[118.6213207296033],[2072.1312392225864],[0.994856704345161],20,0.012225003852320776
8080,0.006700724413595075,0.0,4,10000,[118.6213207296033],[2072.1312392225864],[0.994856704345161],20,0.012225003852320776
8081,0.0024069421971317797,0.0,4,10000,[118.6213207296033],[2072.1312392225864],[0.994856704345161],20,0.012225003852320776
8082,0.0022959162594356304,0.0,4,10000,[118.6213207296033],[2072.1312392225864],[0.994856704345161],20,0.012225003852320776
8083,0.006693639576800327,0.0,4,10000,[118.6213207296033],[2072.1312392225864],[0.994856704345161],20,0.012225003852320776
8084,0.008583981523288584,0.0,4,10000,[118.6213207296033],[2072.1312392225864],[0.994856704345161],20,0.012225003852320776
8085,0.012761814574860532,0.0,4,10000,[118.6213207296033],[2072.1312392225864],[0.994856704345161],20,0.012225003852320776
8086,-0.01853937289783363,0.0,4,10000,[118.6213207296033],[2072.1312392225864],[0.994856704345161],20,0.012225003852320776
8087,0.002865639449827944,0.0,4,10000,[118.6213207296033],[2072.1312392225864],[0.994856704345161],20,0.012225003852320776
8088,0.0075797870466415606,0.0,4,10000,[118.6213207296033],[2072.1312392225864],[0.994856704345161],20,0.012225003852320776
8089,0.008615316699937724,0.0,4,10000,[118.6213207296033],[2072.1312392225864],[0.994856704345161],20,0.012225003852320776
8090,0.02117855607617593,0.0,4,10000,[118.6213207296033],[2072.1312392225864],[0.994856704345161],20,0.012225003852320776
8091,0.0032875267035544064,0.0,4,10000,[118.6213207296033],[2072.1312392225864],[0.994856704345161],20,0.012225003852320776
8092,-0.0047785602296162,0.0,4,10000,[118.6213207296033],[2072.1312392225864],[0.994856704345161],20,0.012225003852320776
8093,0.015199266948997977,0.0,4,10000,[118.6213207296033],[2072.1312392225864],[0.994856704345161],20,0.012225003852320776
8094,-0.0075260933548159745,0.0,4,10000,[118.6213207296033],[2072.1312392225864],[0.994856704345161],20,0.012225003852320776
8095,0.002585218806967564,0.0,4,10000,[118.6213207296033],[2072.1312392225864],[0.994856704345161],20,0.012225003852320776
8096,0.008662765506615594,0.0,4,10000,[118.6213207296033],[2072.1312392225864],[0.994856704345161],20,0.012225003852320776
8097,-0.017418924813897244,0.0,4,10000,[118.6213207296033],[2072.1312392225864],[0.994856704345161],20,0.012225003852320776
8098,-3.688529236363699e-05,0.0,4,10000,[118.6213207296033],[2072.1312392225864],[0.994856704345161],20,0.012225003852320776
8099,-0.019552668250569227,0.0,4,10000,[118.6213207296033],[2072.1312392225864],[0.994856704345161],20,0.012225003852320776
8100,0.007057623484590978,0.0,4,10000,[118.6213207296033],[2072.1312392225864],[0.994856704345161],20,0.012225003852320776
8101,0.01142244218324275,0.0,4,10000,[118.6213207296033],[2072.1312392225864],[0.994856704345161],20,0.012225003852320776
8102,0.017259762137721346,0.0,4,10000,[118.6213207296033],[2072.1312392225864],[0.994856704345161],20,0.012225003852320776
8103,0.02999758800801865,0.0,4,10000,[118.6213207296033],[2072.1312392225864],[0.994856704345161],20,0.012225003852320776
8104,0.006504151402724103,0.0,4,10000,[118.6213207296033],[2072.1312392225864],[0.994856704345161],20,0.012225003852320776
8105,0.006811829417840174,0.0,4,10000,[118.6213207296033],[2072.1312392225864],[0.994856704345161],20,0.012225003852320776
8106,-0.0008092813355333212,0.0,4,10000,[118.6213207296033],[2072.1312392225864],[0.994856704345161],20,0.012225003852320776
8107,0.018074757442838818,0.0,4,10000,[118.6213207296033],[2072.1312392225864],[0.994856704345161],20,0.012225003852320776
8108,0.00039223992587426605,0.0,4,10000,[118.6213207296033],[2072.1312392225864],[0.994856704345161],20,0.012225003852320776
8109,0.018857691866307154,0.0,4,10000,[118.6213207296033],[2072.1312392225864],[0.994856704345161],20,0.012225003852320776
8110,0.010401055042165281,0.0,4,10000,[118.6213207296033],[2072.1312392225864],[0.994856704345161],20,0.012225003852320776
8111,0.017104579659674022,0.0,4,10000,[118.6213207296033],[2072.1312392225864],[0.994856704345161],20,0.012225003852320776
8112,0.007556736130659269,0.0,4,10000,[118.6213207296033],[2072.1312392225864],[0.994856704345161],20,0.012225003852320776
8113,-0.006222828863326503,0.0,4,10000,[118.6213207296033],[2072.1312392225864],[0.994856704345161],20,0.012225003852320776
8114,-0.006753919023380693,0.0,4,10000,[118.6213207296033],[2072.1312392225864],[0.994856704345161],20,0.012225003852320776
8115,0.016902166154697095,0.0,4,10000,[118.6213207296033],[2072.1312392225864],[0.994856704345161],20,0.012225003852320776
8116,0.00633296098412076,0.0,4,10000,[118.6213207296033],[2072.1312392225864],[0.994856704345161],20,0.012225003852320776
8117,0.0005128491226546213,0.0,4,10000,[118.6213207296033],[2072.1312392225864],[0.994856704345161],20,0.012225003852320776
8118,0.01118697594094391,0.0,4,10000,[118.6213207296033],[2072.1312392225864],[0.994856704345161],20,0.012225003852320776
8119,-0.012261777664246043,0.0,4,10000,[118.6213207296033],[2072.1312392225864],[0.994856704345161],20,0.012225003852320776
8120,-0.005157096485078365,0.0,4,10000,[118.6213207296033],[2072.1312392225864],[0.994856704345161],20,0.012225003852320776
8121,-0.006570108585775079,0.0,4,10000,[118.6213207296033],[2072.1312392225864],[0.994856704345161],20,0.012225003852320776
8122,-0.006542436284211781,0.0,4,10000,[118.6213207296033],[2072.1312392225864],[0.994856704345161],20,0.012225003852320776
8123,0.02729035223248389,0.0,4,10000,[118.6213207296033],[2072.1312392225864],[0.994856704345161],20,0.012225003852320776
8124,0.02499521435808587,0.0,4,10000,[118.6213207296033],[2072.1312392225864],[0.994856704345161],20,0.012225003852320776
8125,0.013847628584307709,0.0,4,10000,[118.6213207296033],[2072.1312392225864],[0.994856704345161],20,0.012225003852320776
8126,0.008305409669740233,0.0,4,10000,[118.6213207296033],[2072.1312392225864],[0.994856704345161],20,0.012225003852320776
8127,0.010218509351756106,0.0,4,10000,[118.6213207296033],[2072.1312392225864],[0.994856704345161],20,0.012225003852320776
8128,0.016020271148130982,0.0,4,10000,[118.6213207296033],[2072.1312392225864],[0.994856704345161],20,0.012225003852320776
8129,0.010895515158662439,0.0,4,10000,[118.6213207296033],[2072.1312392225864],[0.994856704345161],20,0.012225003852320776
8130,-0.004744659721376024,0.0,4,10000,[118.6213207296033],[2072.1312392225864],[0.994856704345161],20,0.012225003852320776
8131,-0.009636216576807948,0.0,4,10000,[118.6213207296033],[2072.1312392225864],[0.994856704345161],20,0.012225003852320776
8132,0.015484260271584666,0.0,4,10000,[118.6213207296033],[2072.1312392225864],[0.994856704345161],20,0.012225003852320776
8133,0.007338082511325828,0.0,4,10000,[118.6213207296033],[2072.1312392225864],[0.994856704345161],20,0.012225003852320776
8134,-0.013278770314317925,0.0,4,10000,[118.6213207296033],[2072.1312392225864],[0.994856704345161],20,0.012225003852320776
8135,0.0010622561640750996,0.0,4,10000,[118.6213207296033],[2072.1312392225864],[0.994856704345161],20,0.012225003852320776
8136,0.0008374701246732304,0.0,4,10000,[118.6213207296033],[2072.1312392225864],[0.994856704345161],20,0.012225003852320776
8137,0.01391006459122175,0.0,4,10000,[118.6213207296033],[2072.1312392225864],[0.994856704345161],20,0.012225003852320776
8138,0.004837344295628142,0.0,4,10000,[118.6213207296033],[2072.1312392225864],[0.994856704345161],20,0.012225003852320776
8139,0.009347605301649093,0.0,4,10000,[118.6213207296033],[2072.1312392225864],[0.994856704345161],20,0.012225003852320776
8140,-0.016354064309031354,0.0,4,10000,[118.6213207296033],[2072.1312392225864],[0.994856704345161],20,0.012225003852320776
8141,0.011627956233540076,0.0,4,10000,[118.6213207296033],[2072.1312392225864],[0.994856704345161],20,0.012225003852320776
8142,-0.023611886148733347,0.0,4,10000,[118.6213207296033],[2072.1312392225864],[0.994856704345161],20,0.012225003852320776
8143,-0.01183591961278087,0.0,4,10000,[118.6213207296033],[2072.1312392225864],[0.994856704345161],20,0.012225003852320776
8144,0.002554263547174537,0.0,4,10000,[118.6213207296033],[2072.1312392225864],[0.994856704345161],20,0.012225003852320776
8145,-0.008791650369819088,0.0,4,10000,[118.6213207296033],[2072.1312392225864],[0.994856704345161],20,0.012225003852320776
8146,0.01910209914554582,0.0,4,10000,[118.6213207296033],[2072.1312392225864],[0.994856704345161],20,0.012225003852320776
8147,0.008259653668491363,0.0,4,10000,[118.6213207296033],[2072.1312392225864],[0.994856704345161],20,0.012225003852320776
8148,0.024121423071905283,0.0,4,10000,[118.6213207296033],[2072.1312392225864],[0.994856704345161],20,0.012225003852320776
8149,-0.011789098801855073,0.0,4,10000,[118.6213207296033],[2072.1312392225864],[0.994856704345161],20,0.012225003852320776
8150,-0.0017981462604404876,0.0,4,10000,[118.6213207296033],[2072.1312392225864],[0.994856704345161],20,0.012225003852320776
8151,-0.00163468838181787,0.0,4,10000,[118.6213207296033],[2072.1312392225864],[0.994856704345161],20,0.012225003852320776
8152,0.013188004049452785,0.0,4,10000,[118.6213207296033],[2072.1312392225864],[0.994856704345161],20,0.012225003852320776
8153,0.0020276524580344762,0.0,4,10000,[118.6213207296033],[2072.1312392225864],[0.994856704345161],20,0.012225003852320776
8154,0.024710012554070324,0.0,4,10000,[118.6213207296033],[2072.1312392225864],[0.994856704345161],20,0.012225003852320776
8155,0.008553062859595433,0.0,4,10000,[118.6213207296033],[2072.1312392225864],[0.994856704345161],20,0.012225003852320776
8156,-0.017766251573989915,0.0,4,10000,[118.6213207296033],[2072.1312392225864],[0.994856704345161],20,0.012225003852320776
8157,0.00594954535995394,0.0,4,10000,[118.6213207296033],[2072.1312392225864],[0.994856704345161],20,0.012225003852320776
8158,-0.006105611541188076,0.0,4,10000,[118.6213207296033],[2072.1312392225864],[0.994856704345161],20,0.012225003852320776
8159,0.0019196420911959324,0.0,4,10000,[118.6213207296033],[2072.1312392225864],[0.994856704345161],20,0.012225003852320776
8160,-0.006843303559831058,0.0,4,10000,[118.6213207296033],[2072.1312392225864],[0.994856704345161],20,0.012225003852320776
8161,-0.0111848639188297,0.0,4,10000,[118.6213207296033],[2072.1312392225864],[0.994856704345161],20,0.012225003852320776
8162,0.009463227279292956,0.0,4,10000,[118.6213207296033],[2072.1312392225864],[0.994856704345161],20,0.012225003852320776
8163,-0.012513216562954187,0.0,4,10000,[118.6213207296033],[2072.1312392225864],[0.994856704345161],20,0.012225003852320776
8164,-0.013221027356102899,0.0,4,10000,[118.6213207296033],[2072.1312392225864],[0.994856704345161],20,0.012225003852320776
8165,0.011763624144881697,0.0,4,10000,[118.6213207296033],[2072.1312392225864],[0.994856704345161],20,0.012225003852320776
8166,-0.001829769302055504,0.0,4,10000,[118.6213207296033],[2072.1312392225864],[0.994856704345161],20,0.012225003852320776
8167,0.007224670696338243,0.0,4,10000,[118.6213207296033],[2072.1312392225864],[0.994856704345161],20,0.012225003852320776
8168,0.004317248105509846,0.0,4,10000,[118.6213207296033],[2072.1312392225864],[0.994856704345161],20,0.012225003852320776
8169,-0.011117084756586406,0.0,4,10000,[118.6213207296033],[2072.1312392225864],[0.994856704345161],20,0.012225003852320776
8170,0.008993894010693572,0.0,4,10000,[118.6213207296033],[2072.1312392225864],[0.994856704345161],20,0.012225003852320776
8171,-0.011671167824056092,0.0,4,10000,[118.6213207296033],[2072.1312392225864],[0.994856704345161],20,0.012225003852320776
8172,0.012440224742403106,0.0,4,10000,[118.6213207296033],[2072.1312392225864],[0.994856704345161],20,0.012225003852320776
8173,-0.005470825249241325,0.0,4,10000,[118.6213207296033],[2072.1312392225864],[0.994856704345161],20,0.012225003852320776
8174,0.008760397702246174,0.0,4,10000,[118.6213207296033],[2072.1312392225864],[0.994856704345161],20,0.012225003852320776
8175,0.022767600421004487,0.0,4,10000,[118.6213207296033],[2072.1312392225864],[0.994856704345161],20,0.012225003852320776
8176,0.017227134481324406,0.0,4,10000,[118.6213207296033],[2072.1312392225864],[0.994856704345161],20,0.012225003852320776
8177,0.006456429027728179,0.0,4,10000,[118.6213207296033],[2072.1312392225864],[0.994856704345161],20,0.012225003852320776
8178,-0.00685603210099669,0.0,4,10000,[118.6213207296033],[2072.1312392225864],[0.994856704345161],20,0.012225003852320776
8179,-0.004463172576674674,0.0,4,10000,[118.6213207296033],[2072.1312392225864],[0.994856704345161],20,0.012225003852320776
8180,0.0015741957175783102,0.0,4,10000,[118.6213207296033],[2072.1312392225864],[0.994856704345161],20,0.012225003852320776
8181,0.0018716438087730944,0.0,4,10000,[118.6213207296033],[2072.1312392225864],[0.994856704345161],20,0.012225003852320776
8182,0.003218707090590212,0.0,4,10000,[118.6213207296033],[2072.1312392225864],[0.994856704345161],20,0.012225003852320776
8183,-0.02116775452209373,0.0,4,10000,[118.6213207296033],[2072.1312392225864],[0.994856704345161],20,0.012225003852320776
8184,0.003947458010236589,0.0,4,10000,[118.6213207296033],[2072.1312392225864],[0.994856704345161],20,0.012225003852320776
8185,-0.026360798006809103,0.0,4,10000,[118.6213207296033],[2072.1312392225864],[0.994856704345161],20,0.012225003852320776
8186,0.018373912139576103,0.0,4,10000,[118.6213207296033],[2072.1312392225864],[0.994856704345161],20,0.012225003852320776
8187,-0.02493676423848613,0.0,4,10000,[118.6213207296033],[2072.1312392225864],[0.994856704345161],20,0.012225003852320776
8188,-0.001215248922009255,0.0,4,10000,[118.6213207296033],[2072.1312392225864],[0.994856704345161],20,0.012225003852320776
8189,-0.004000117028948636,0.0,4,10000,[118.6213207296033],[2072.1312392225864],[0.994856704345161],20,0.012225003852320776
8190,-0.006398852362179239,0.0,4,10000,[118.6213207296033],[2072.1312392225864],[0.994856704345161],20,0.012225003852320776
8191,-0.012061333690751366,0.0,4,10000,[118.6213207296033],[2072.1312392225864],[0.994856704345161],20,0.012225003852320776
8192,0.006152715556218357,0.0,4,10000,[118.6213207296033],[2072.1312392225864],[0.994856704345161],20,0.012225003852320776
8193,-0.0037886817556283658,0.0,4,10000,[118.6213207296033],[2072.1312392225864],[0.994856704345161],20,0.012225003852320776
8194,-2.263919975507751e-05,0.0,4,10000,[118.6213207296033],[2072.1312392225864],[0.994856704345161],20,0.012225003852320776
8195,0.01969203523431306,0.0,4,10000,[118.6213207296033],[2072.1312392225864],[0.994856704345161],20,0.012225003852320776
8196,0.01802698955335786,0.0,4,10000,[118.6213207296033],[2072.1312392225864],[0.994856704345161],20,0.012225003852320776
8197,0.014207838630216183,0.0,4,10000,[118.6213207296033],[2072.1312392225864],[0.994856704345161],20,0.012225003852320776
8198,0.006442616151431044,0.0,4,10000,[118.6213207296033],[2072.1312392225864],[0.994856704345161],20,0.012225003852320776
8199,-0.024131889886925325,0.0,4,10000,[118.6213207296033],[2072.1312392225864],[0.994856704345161],20,0.012225003852320776
8200,-0.012912310094968096,0.0,4,10000,[118.6213207296033],[2072.1312392225864],[0.994856704345161],20,0.012225003852320776
8201,-0.007250955983801298,0.0,4,10000,[118.6213207296033],[2072.1312392225864],[0.994856704345161],20,0.012225003852320776
8202,0.026994742274073655,0.0,4,10000,[118.6213207296033],[2072.1312392225864],[0.994856704345161],20,0.012225003852320776
8203,0.0018142938141019224,0.0,4,10000,[118.6213207296033],[2072.1312392225864],[0.994856704345161],20,0.012225003852320776
8204,-0.013254086431439221,0.0,4,10000,[118.6213207296033],[2072.1312392225864],[0.994856704345161],20,0.012225003852320776
8205,-0.029329732348714742,0.0,4,10000,[118.6213207296033],[2072.1312392225864],[0.994856704345161],20,0.012225003852320776
8206,-0.006408792324660846,0.0,4,10000,[118.6213207296033],[2072.1312392225864],[0.994856704345161],20,0.012225003852320776
8207,-0.001161314788598415,0.0,4,10000,[118.6213207296033],[2072.1312392225864],[0.994856704345161],20,0.012225003852320776
8208,0.015143335276000126,0.0,4,10000,[118.6213207296033],[2072.1312392225864],[0.994856704345161],20,0.012225003852320776
8209,0.007897301735092437,0.0,4,10000,[118.6213207296033],[2072.1312392225864],[0.994856704345161],20,0.012225003852320776
8210,-0.011157035799288513,0.0,4,10000,[118.6213207296033],[2072.1312392225864],[0.994856704345161],20,0.012225003852320776
8211,0.023360455797081733,0.0,4,10000,[118.6213207296033],[2072.1312392225864],[0.994856704345161],20,0.012225003852320776
8212,0.008900371640893315,0.0,4,10000,[118.6213207296033],[2072.1312392225864],[0.994856704345161],20,0.012225003852320776
8213,-0.0074490821542603745,0.0,4,10000,[118.6213207296033],[2072.1312392225864],[0.994856704345161],20,0.012225003852320776
8214,-0.006298379460039937,0.0,4,10000,[118.6213207296033],[2072.1312392225864],[0.994856704345161],20,0.012225003852320776
8215,0.013549431703831265,0.0,4,10000,[118.6213207296033],[2072.1312392225864],[0.994856704345161],20,0.012225003852320776
8216,-0.009277572767413379,0.0,4,10000,[118.6213207296033],[2072.1312392225864],[0.994856704345161],20,0.012225003852320776
8217,0.00800918820425277,0.0,4,10000,[118.6213207296033],[2072.1312392225864],[0.994856704345161],20,0.012225003852320776
8218,-0.014044284381314146,0.0,4,10000,[118.6213207296033],[2072.1312392225864],[0.994856704345161],20,0.012225003852320776
8219,-0.029441101418933704,0.0,4,10000,[118.6213207296033],[2072.1312392225864],[0.994856704345161],20,0.012225003852320776
8220,-0.01373485944835881,0.0,4,10000,[118.6213207296033],[2072.1312392225864],[0.994856704345161],20,0.012225003852320776
8221,-0.0004682492772035962,0.0,4,10000,[118.6213207296033],[2072.1312392225864],[0.994856704345161],20,0.012225003852320776
8222,-0.013765287225503456,0.0,4,10000,[118.6213207296033],[2072.1312392225864],[0.994856704345161],20,0.012225003852320776
8223,-0.0077146905596259365,0.0,4,10000,[118.6213207296033],[2072.1312392225864],[0.994856704345161],20,0.012225003852320776
8224,-0.0009513681930756832,0.0,4,10000,[118.6213207296033],[2072.1312392225864],[0.994856704345161],20,0.012225003852320776
8225,-0.003092380700701996,0.0,4,10000,[118.6213207296033],[2072.1312392225864],[0.994856704345161],20,0.012225003852320776
8226,-0.006845274663843398,0.0,4,10000,[118.6213207296033],[2072.1312392225864],[0.994856704345161],20,0.012225003852320776
8227,-0.009336046508654565,0.0,4,10000,[118.6213207296033],[2072.1312392225864],[0.994856704345161],20,0.012225003852320776
8228,-0.009191577516119322,0.0,4,10000,[118.6213207296033],[2072.1312392225864],[0.994856704345161],20,0.012225003852320776
8229,0.003927760735459729,0.0,4,10000,[118.6213207296033],[2072.1312392225864],[0.994856704345161],20,0.012225003852320776
8230,-0.0015502690694978037,0.0,4,10000,[118.6213207296033],[2072.1312392225864],[0.994856704345161],20,0.012225003852320776
8231,-0.02522713339928524,0.0,4,10000,[118.6213207296033],[2072.1312392225864],[0.994856704345161],20,0.012225003852320776
8232,-0.008593340593321258,0.0,4,10000,[118.6213207296033],[2072.1312392225864],[0.994856704345161],20,0.012225003852320776
8233,0.000978128035901888,0.0,4,10000,[118.6213207296033],[2072.1312392225864],[0.994856704345161],20,0.012225003852320776
8234,0.006918788367981191,0.0,4,10000,[118.6213207296033],[2072.1312392225864],[0.994856704345161],20,0.012225003852320776
8235,0.01828262995570464,0.0,4,10000,[118.6213207296033],[2072.1312392225864],[0.994856704345161],20,0.012225003852320776
8236,-0.0038810173464718808,0.0,4,10000,[118.6213207296033],[2072.1312392225864],[0.994856704345161],20,0.012225003852320776
8237,0.017287513127136955,0.0,4,10000,[118.6213207296033],[2072.1312392225864],[0.994856704345161],20,0.012225003852320776
8238,-0.012149201321006506,0.0,4,10000,[118.6213207296033],[2072.1312392225864],[0.994856704345161],20,0.012225003852320776
8239,-0.012776807665446636,0.0,4,10000,[118.6213207296033],[2072.1312392225864],[0.994856704345161],20,0.012225003852320776
8240,-0.013481007380294764,0.0,4,10000,[118.6213207296033],[2072.1312392225864],[0.994856704345161],20,0.012225003852320776
8241,-0.004235628139813138,0.0,4,10000,[118.6213207296033],[2072.1312392225864],[0.994856704345161],20,0.012225003852320776
8242,0.013807643555046484,0.0,4,10000,[118.6213207296033],[2072.1312392225864],[0.994856704345161],20,0.012225003852320776
8243,0.0158697754512384,0.0,4,10000,[118.6213207296033],[2072.1312392225864],[0.994856704345161],20,0.012225003852320776
8244,-0.010847741158394252,0.0,4,10000,[118.6213207296033],[2072.1312392225864],[0.994856704345161],20,0.012225003852320776
8245,0.004091888311645447,0.0,4,10000,[118.6213207296033],[2072.1312392225864],[0.994856704345161],20,0.012225003852320776
8246,-0.009135621587494175,0.0,4,10000,[118.6213207296033],[2072.1312392225864],[0.994856704345161],20,0.012225003852320776
8247,0.006182853646381955,0.0,4,10000,[118.6213207296033],[2072.1312392225864],[0.994856704345161],20,0.012225003852320776
8248,0.01335607568272858,0.0,4,10000,[118.6213207296033],[2072.1312392225864],[0.994856704345161],20,0.012225003852320776
8249,0.024987940675863993,0.0,4,10000,[118.6213207296033],[2072.1312392225864],[0.994856704345161],20,0.012225003852320776
8250,0.00658628250813631,0.0,4,10000,[118.6213207296033],[2072.1312392225864],[0.994856704345161],20,0.012225003852320776
8251,0.013922844110031524,0.0,4,10000,[118.6213207296033],[2072.1312392225864],[0.994856704345161],20,0.012225003852320776
8252,-0.011568715406213827,0.0,4,10000,[118.6213207296033],[2072.1312392225864],[0.994856704345161],20,0.012225003852320776
8253,-0.020181438215498018,0.0,4,10000,[118.6213207296033],[2072.1312392225864],[0.994856704345161],20,0.012225003852320776
8254,-0.0066060877193768,0.0,4,10000,[118.6213207296033],[2072.1312392225864],[0.994856704345161],20,0.012225003852320776
8255,0.00117451418665725,0.0,4,10000,[118.6213207296033],[2072.1312392225864],[0.994856704345161],20,0.012225003852320776
8256,-0.021993893862266703,0.0,4,10000,[118.6213207296033],[2072.1312392225864],[0.994856704345161],20,0.012225003852320776
8257,0.004003385144561704,0.0,4,10000,[118.6213207296033],[2072.1312392225864],[0.994856704345161],20,0.012225003852320776
8258,0.0071999567492406,0.0,4,10000,[118.6213207296033],[2072.1312392225864],[0.994856704345161],20,0.012225003852320776
8259,0.01355911218641313,0.0,4,10000,[118.6213207296033],[2072.1312392225864],[0.994856704345161],20,0.012225003852320776
8260,-0.03467642585009109,0.0,4,10000,[118.6213207296033],[2072.1312392225864],[0.994856704345161],20,0.012225003852320776
8261,-0.004954993763680234,0.0,4,10000,[118.6213207296033],[2072.1312392225864],[0.994856704345161],20,0.012225003852320776
8262,0.01193360476040361,0.0,4,10000,[118.6213207296033],[2072.1312392225864],[0.994856704345161],20,0.012225003852320776
8263,-0.004343809580167246,0.0,4,10000,[118.6213207296033],[2072.1312392225864],[0.994856704345161],20,0.012225003852320776
8264,-0.020058648769760885,0.0,4,10000,[118.6213207296033],[2072.1312392225864],[0.994856704345161],20,0.012225003852320776
8265,-0.0004118776338279624,0.0,4,10000,[118.6213207296033],[2072.1312392225864],[0.994856704345161],20,0.012225003852320776
8266,-0.0005089409910589079,0.0,4,10000,[118.6213207296033],[2072.1312392225864],[0.994856704345161],20,0.012225003852320776
8267,-0.013493215712878379,0.0,4,10000,[118.6213207296033],[2072.1312392225864],[0.994856704345161],20,0.012225003852320776
8268,-0.01988172452572235,0.0,4,10000,[118.6213207296033],[2072.1312392225864],[0.994856704345161],20,0.012225003852320776
8269,0.01320112147542254,0.0,4,10000,[118.6213207296033],[2072.1312392225864],[0.994856704345161],20,0.012225003852320776
8270,0.0234595797357332,0.0,4,10000,[118.6213207296033],[2072.1312392225864],[0.994856704345161],20,0.012225003852320776
8271,-0.005164668082064747,0.0,4,10000,[118.6213207296033],[2072.1312392225864],[0.994856704345161],20,0.012225003852320776
8272,0.008792831068109228,0.0,4,10000,[118.6213207296033],[2072.1312392225864],[0.994856704345161],20,0.012225003852320776
8273,-0.0072835803804520175,0.0,4,10000,[118.6213207296033],[2072.1312392225864],[0.994856704345161],20,0.012225003852320776
8274,-0.017671050393616113,0.0,4,10000,[118.6213207296033],[2072.1312392225864],[0.994856704345161],20,0.012225003852320776
8275,-0.011018698551474417,0.0,4,10000,[118.6213207296033],[2072.1312392225864],[0.994856704345161],20,0.012225003852320776
8276,-0.006043157077827464,0.0,4,10000,[118.6213207296033],[2072.1312392225864],[0.994856704345161],20,0.012225003852320776
8277,-0.010679324855677094,0.0,4,10000,[118.6213207296033],[2072.1312392225864],[0.994856704345161],20,0.012225003852320776
8278,0.010598051638802165,0.0,4,10000,[118.6213207296033],[2072.1312392225864],[0.994856704345161],20,0.012225003852320776
8279,0.009238136894814656,0.0,4,10000,[118.6213207296033],[2072.1312392225864],[0.994856704345161],20,0.012225003852320776
8280,-0.008710639332371695,0.0,4,10000,[118.6213207296033],[2072.1312392225864],[0.994856704345161],20,0.012225003852320776
8281,0.013473419647875896,0.0,4,10000,[118.6213207296033],[2072.1312392225864],[0.994856704345161],20,0.012225003852320776
8282,0.001304907861073963,0.0,4,10000,[118.6213207296033],[2072.1312392225864],[0.994856704345161],20,0.012225003852320776
8283,-0.013162672294757602,0.0,4,10000,[118.6213207296033],[2072.1312392225864],[0.994856704345161],20,0.012225003852320776
8284,0.006613921649004326,0.0,4,10000,[118.6213207296033],[2072.1312392225864],[0.994856704345161],20,0.012225003852320776
8285,0.005686090567664458,0.0,4,10000,[118.6213207296033],[2072.1312392225864],[0.994856704345161],20,0.012225003852320776
8286,0.0025835536631452325,0.0,4,10000,[118.6213207296033],[2072.1312392225864],[0.994856704345161],20,0.012225003852320776
8287,0.023178372766789156,0.0,4,10000,[118.6213207296033],[2072.1312392225864],[0.994856704345161],20,0.012225003852320776
8288,-0.016162558074991028,0.0,4,10000,[118.6213207296033],[2072.1312392225864],[0.994856704345161],20,0.012225003852320776
8289,0.0034461444537957444,0.0,4,10000,[118.6213207296033],[2072.1312392225864],[0.994856704345161],20,0.012225003852320776
8290,-0.009608515524292087,0.0,4,10000,[118.6213207296033],[2072.1312392225864],[0.994856704345161],20,0.012225003852320776
8291,0.007273028552567413,0.0,4,10000,[118.6213207296033],[2072.1312392225864],[0.994856704345161],20,0.012225003852320776
8292,0.008215533211443396,0.0,4,10000,[118.6213207296033],[2072.1312392225864],[0.994856704345161],20,0.012225003852320776
8293,0.014397925698420832,0.0,4,10000,[118.6213207296033],[2072.1312392225864],[0.994856704345161],20,0.012225003852320776
8294,0.006785818284843309,0.0,4,10000,[118.6213207296033],[2072.1312392225864],[0.994856704345161],20,0.012225003852320776
8295,-0.0053342172330384146,0.0,4,10000,[118.6213207296033],[2072.1312392225864],[0.994856704345161],20,0.012225003852320776
8296,0.01962694501070026,0.0,4,10000,[118.6213207296033],[2072.1312392225864],[0.994856704345161],20,0.012225003852320776
8297,-0.004878027290792959,0.0,4,10000,[118.6213207296033],[2072.1312392225864],[0.994856704345161],20,0.012225003852320776
8298,0.02515811098226025,0.0,4,10000,[118.6213207296033],[2072.1312392225864],[0.994856704345161],20,0.012225003852320776
8299,0.006493099689961687,0.0,4,10000,[118.6213207296033],[2072.1312392225864],[0.994856704345161],20,0.012225003852320776
8300,0.004305786777201485,0.0,4,10000,[118.6213207296033],[2072.1312392225864],[0.994856704345161],20,0.012225003852320776
8301,0.010828687538404254,0.0,4,10000,[118.6213207296033],[2072.1312392225864],[0.994856704345161],20,0.012225003852320776
8302,-0.024112253708743855,0.0,4,10000,[118.6213207296033],[2072.1312392225864],[0.994856704345161],20,0.012225003852320776
8303,0.011012784344976365,0.0,4,10000,[118.6213207296033],[2072.1312392225864],[0.994856704345161],20,0.012225003852320776
8304,0.012305797297131854,0.0,4,10000,[118.6213207296033],[2072.1312392225864],[0.994856704345161],20,0.012225003852320776
8305,-0.006782950871744966,0.0,4,10000,[118.6213207296033],[2072.1312392225864],[0.994856704345161],20,0.012225003852320776
8306,-0.015111700014462244,0.0,4,10000,[118.6213207296033],[2072.1312392225864],[0.994856704345161],20,0.012225003852320776
8307,-0.0012660082173775254,0.0,4,10000,[118.6213207296033],[2072.1312392225864],[0.994856704345161],20,0.012225003852320776
8308,-0.01572582344215687,0.0,4,10000,[118.6213207296033],[2072.1312392225864],[0.994856704345161],20,0.012225003852320776
8309,-0.0081626277702128,0.0,4,10000,[118.6213207296033],[2072.1312392225864],[0.994856704345161],20,0.012225003852320776
8310,0.012924955074753264,0.0,4,10000,[118.6213207296033],[2072.1312392225864],[0.994856704345161],20,0.012225003852320776
8311,0.002967757224711686,0.0,4,10000,[118.6213207296033],[2072.1312392225864],[0.994856704345161],20,0.012225003852320776
8312,0.004595892087941017,0.0,4,10000,[118.6213207296033],[2072.1312392225864],[0.994856704345161],20,0.012225003852320776
8313,-0.008640972280601048,0.0,4,10000,[118.6213207296033],[2072.1312392225864],[0.994856704345161],20,0.012225003852320776
8314,0.017228537992914055,0.0,4,10000,[118.6213207296033],[2072.1312392225864],[0.994856704345161],20,0.012225003852320776
8315,0.0023048488855882737,0.0,4,10000,[118.6213207296033],[2072.1312392225864],[0.994856704345161],20,0.012225003852320776
8316,0.011722807708666199,0.0,4,10000,[118.6213207296033],[2072.1312392225864],[0.994856704345161],20,0.012225003852320776
8317,0.01003976385589911,0.0,4,10000,[118.6213207296033],[2072.1312392225864],[0.994856704345161],20,0.012225003852320776
8318,0.016818591203362775,0.0,4,10000,[118.6213207296033],[2072.1312392225864],[0.994856704345161],20,0.012225003852320776
8319,-0.001036027576318737,0.0,4,10000,[118.6213207296033],[2072.1312392225864],[0.994856704345161],20,0.012225003852320776
8320,0.009937606583187234,0.0,4,10000,[118.6213207296033],[2072.1312392225864],[0.994856704345161],20,0.012225003852320776
8321,0.008405414792653478,0.0,4,10000,[118.6213207296033],[2072.1312392225864],[0.994856704345161],20,0.012225003852320776
8322,0.020108374865129265,0.0,4,10000,[118.6213207296033],[2072.1312392225864],[0.994856704345161],20,0.012225003852320776
8323,-0.0015266697329459364,0.0,4,10000,[118.6213207296033],[2072.1312392225864],[0.994856704345161],20,0.012225003852320776
8324,-0.003228437208859475,0.0,4,10000,[118.6213207296033],[2072.1312392225864],[0.994856704345161],20,0.012225003852320776
8325,0.012314259759564366,0.0,4,10000,[118.6213207296033],[2072.1312392225864],[0.994856704345161],20,0.012225003852320776
8326,-0.008995664362398476,0.0,4,10000,[118.6213207296033],[2072.1312392225864],[0.994856704345161],20,0.012225003852320776
8327,-0.004569308934743552,0.0,4,10000,[118.6213207296033],[2072.1312392225864],[0.994856704345161],20,0.012225003852320776
8328,0.018943258025003382,0.0,4,10000,[118.6213207296033],[2072.1312392225864],[0.994856704345161],20,0.012225003852320776
8329,0.010513720207702451,0.0,4,10000,[118.6213207296033],[2072.1312392225864],[0.994856704345161],20,0.012225003852320776
8330,-0.007556890694486712,0.0,4,10000,[118.6213207296033],[2072.1312392225864],[0.994856704345161],20,0.012225003852320776
8331,0.0037652689509840576,0.0,4,10000,[118.6213207296033],[2072.1312392225864],[0.994856704345161],20,0.012225003852320776
8332,-0.007087143191645037,0.0,4,10000,[118.6213207296033],[2072.1312392225864],[0.994856704345161],20,0.012225003852320776
8333,0.003369260452238737,0.0,4,10000,[118.6213207296033],[2072.1312392225864],[0.994856704345161],20,0.012225003852320776
8334,-0.00488064574537875,0.0,4,10000,[118.6213207296033],[2072.1312392225864],[0.994856704345161],20,0.012225003852320776
8335,-0.0054324121718168,0.0,4,10000,[118.6213207296033],[2072.1312392225864],[0.994856704345161],20,0.012225003852320776
8336,0.026073794581639834,0.0,4,10000,[118.6213207296033],[2072.1312392225864],[0.994856704345161],20,0.012225003852320776
8337,-0.010341128972894575,0.0,4,10000,[118.6213207296033],[2072.1312392225864],[0.994856704345161],20,0.012225003852320776
8338,0.012566627762602575,0.0,4,10000,[118.6213207296033],[2072.1312392225864],[0.994856704345161],20,0.012225003852320776
8339,-0.013705642096282286,0.0,4,10000,[118.6213207296033],[2072.1312392225864],[0.994856704345161],20,0.012225003852320776
8340,0.02032161427631932,0.0,4,10000,[118.6213207296033],[2072.1312392225864],[0.994856704345161],20,0.012225003852320776
8341,-0.008047584979838329,0.0,4,10000,[118.6213207296033],[2072.1312392225864],[0.994856704345161],20,0.012225003852320776
8342,0.001760514353416245,0.0,4,10000,[118.6213207296033],[2072.1312392225864],[0.994856704345161],20,0.012225003852320776
8343,0.015644788771598136,0.0,4,10000,[118.6213207296033],[2072.1312392225864],[0.994856704345161],20,0.012225003852320776
8344,0.019675649965919098,0.0,4,10000,[118.6213207296033],[2072.1312392225864],[0.994856704345161],20,0.012225003852320776
8345,-0.029992254220774204,0.0,4,10000,[118.6213207296033],[2072.1312392225864],[0.994856704345161],20,0.012225003852320776
8346,-0.014017891114693667,0.0,4,10000,[118.6213207296033],[2072.1312392225864],[0.994856704345161],20,0.012225003852320776
8347,-0.005805275502827118,0.0,4,10000,[118.6213207296033],[2072.1312392225864],[0.994856704345161],20,0.012225003852320776
8348,0.012001074016166919,0.0,4,10000,[118.6213207296033],[2072.1312392225864],[0.994856704345161],20,0.012225003852320776
8349,0.011863768441298227,0.0,4,10000,[118.6213207296033],[2072.1312392225864],[0.994856704345161],20,0.012225003852320776
8350,0.005404268112645585,0.0,4,10000,[118.6213207296033],[2072.1312392225864],[0.994856704345161],20,0.012225003852320776
8351,-0.011634898881081343,0.0,4,10000,[118.6213207296033],[2072.1312392225864],[0.994856704345161],20,0.012225003852320776
8352,-0.007369161404863274,0.0,4,10000,[118.6213207296033],[2072.1312392225864],[0.994856704345161],20,0.012225003852320776
8353,-0.021141360864005757,0.0,4,10000,[118.6213207296033],[2072.1312392225864],[0.994856704345161],20,0.012225003852320776
8354,-0.0076873669635902885,0.0,4,10000,[118.6213207296033],[2072.1312392225864],[0.994856704345161],20,0.012225003852320776
8355,0.0060159883810377655,0.0,4,10000,[118.6213207296033],[2072.1312392225864],[0.994856704345161],20,0.012225003852320776
8356,0.007080447983177947,0.0,4,10000,[118.6213207296033],[2072.1312392225864],[0.994856704345161],20,0.012225003852320776
8357,-0.005520181479032931,0.0,4,10000,[118.6213207296033],[2072.1312392225864],[0.994856704345161],20,0.012225003852320776
8358,-0.015535537524552964,0.0,4,10000,[118.6213207296033],[2072.1312392225864],[0.994856704345161],20,0.012225003852320776
8359,-0.007257800709055478,0.0,4,10000,[118.6213207296033],[2072.1312392225864],[0.994856704345161],20,0.012225003852320776
8360,0.008925923384301511,0.0,4,10000,[118.6213207296033],[2072.1312392225864],[0.994856704345161],20,0.012225003852320776
8361,-0.006070496807101798,0.0,4,10000,[118.6213207296033],[2072.1312392225864],[0.994856704345161],20,0.012225003852320776
8362,-0.019311909941378443,0.0,4,10000,[118.6213207296033],[2072.1312392225864],[0.994856704345161],20,0.012225003852320776
8363,0.004029297843272054,0.0,4,10000,[118.6213207296033],[2072.1312392225864],[0.994856704345161],20,0.012225003852320776
8364,-0.0032652849551056138,0.0,4,10000,[118.6213207296033],[2072.1312392225864],[0.994856704345161],20,0.012225003852320776
8365,0.004652325183418625,0.0,4,10000,[118.6213207296033],[2072.1312392225864],[0.994856704345161],20,0.012225003852320776
8366,0.007461395406165609,0.0,4,10000,[118.6213207296033],[2072.1312392225864],[0.994856704345161],20,0.012225003852320776
8367,0.005501637537955009,0.0,4,10000,[118.6213207296033],[2072.1312392225864],[0.994856704345161],20,0.012225003852320776
8368,0.002759109355244842,0.0,4,10000,[118.6213207296033],[2072.1312392225864],[0.994856704345161],20,0.012225003852320776
8369,-0.010910024784412165,0.0,4,10000,[118.6213207296033],[2072.1312392225864],[0.994856704345161],20,0.012225003852320776
8370,0.007237164490304499,0.0,4,10000,[118.6213207296033],[2072.1312392225864],[0.994856704345161],20,0.012225003852320776
8371,-0.0018795078940830653,0.0,4,10000,[118.6213207296033],[2072.1312392225864],[0.994856704345161],20,0.012225003852320776
8372,-0.007391673969178259,0.0,4,10000,[118.6213207296033],[2072.1312392225864],[0.994856704345161],20,0.012225003852320776
8373,-0.00239624726793149,0.0,4,10000,[118.6213207296033],[2072.1312392225864],[0.994856704345161],20,0.012225003852320776
8374,-0.011188350249532667,0.0,4,10000,[118.6213207296033],[2072.1312392225864],[0.994856704345161],20,0.012225003852320776
8375,0.011656552121112558,0.0,4,10000,[118.6213207296033],[2072.1312392225864],[0.994856704345161],20,0.012225003852320776
8376,-0.004190511890185946,0.0,4,10000,[118.6213207296033],[2072.1312392225864],[0.994856704345161],20,0.012225003852320776
8377,-0.002506017559771972,0.0,4,10000,[118.6213207296033],[2072.1312392225864],[0.994856704345161],20,0.012225003852320776
8378,-0.0014677597129979963,0.0,4,10000,[118.6213207296033],[2072.1312392225864],[0.994856704345161],20,0.012225003852320776
8379,-1.5922588887255472e-05,0.0,4,10000,[118.6213207296033],[2072.1312392225864],[0.994856704345161],20,0.012225003852320776
8380,0.010989178305056198,0.0,4,10000,[118.6213207296033],[2072.1312392225864],[0.994856704345161],20,0.012225003852320776
8381,0.026760543289442523,0.0,4,10000,[118.6213207296033],[2072.1312392225864],[0.994856704345161],20,0.012225003852320776
8382,-0.019252466533289256,0.0,4,10000,[118.6213207296033],[2072.1312392225864],[0.994856704345161],20,0.012225003852320776
8383,0.004486495137174879,0.0,4,10000,[118.6213207296033],[2072.1312392225864],[0.994856704345161],20,0.012225003852320776
8384,0.006534601367768441,0.0,4,10000,[118.6213207296033],[2072.1312392225864],[0.994856704345161],20,0.012225003852320776
8385,-0.001419820874040419,0.0,4,10000,[118.6213207296033],[2072.1312392225864],[0.994856704345161],20,0.012225003852320776
8386,-0.002123049577996081,0.0,4,10000,[118.6213207296033],[2072.1312392225864],[0.994856704345161],20,0.012225003852320776
8387,0.034405847059429416,0.0,4,10000,[118.6213207296033],[2072.1312392225864],[0.994856704345161],20,0.012225003852320776
8388,-0.015914937458582086,0.0,4,10000,[118.6213207296033],[2072.1312392225864],[0.994856704345161],20,0.012225003852320776
8389,0.02317997779631994,0.0,4,10000,[118.6213207296033],[2072.1312392225864],[0.994856704345161],20,0.012225003852320776
8390,0.0448395389806892,0.0,4,10000,[118.6213207296033],[2072.1312392225864],[0.994856704345161],20,0.012225003852320776
8391,0.01099085099612883,0.0,4,10000,[118.6213207296033],[2072.1312392225864],[0.994856704345161],20,0.012225003852320776
8392,-0.01549811170130052,0.0,4,10000,[118.6213207296033],[2072.1312392225864],[0.994856704345161],20,0.012225003852320776
8393,-0.006899747133532346,0.0,4,10000,[118.6213207296033],[2072.1312392225864],[0.994856704345161],20,0.012225003852320776
8394,0.012860750692688527,0.0,4,10000,[118.6213207296033],[2072.1312392225864],[0.994856704345161],20,0.012225003852320776
8395,0.009177350871859452,0.0,4,10000,[118.6213207296033],[2072.1312392225864],[0.994856704345161],20,0.012225003852320776
8396,0.0061657676692206545,0.0,4,10000,[118.6213207296033],[2072.1312392225864],[0.994856704345161],20,0.012225003852320776
8397,0.012875300187339988,0.0,4,10000,[118.6213207296033],[2072.1312392225864],[0.994856704345161],20,0.012225003852320776
8398,-0.0005486626389416355,0.0,4,10000,[118.6213207296033],[2072.1312392225864],[0.994856704345161],20,0.012225003852320776
8399,0.023139714235579867,0.0,4,10000,[118.6213207296033],[2072.1312392225864],[0.994856704345161],20,0.012225003852320776
8400,0.005786965673356341,0.0,4,10000,[118.6213207296033],[2072.1312392225864],[0.994856704345161],20,0.012225003852320776
8401,-0.006251732235771726,0.0,4,10000,[118.6213207296033],[2072.1312392225864],[0.994856704345161],20,0.012225003852320776
8402,-0.019426757368613216,0.0,4,10000,[118.6213207296033],[2072.1312392225864],[0.994856704345161],20,0.012225003852320776
8403,-0.01028308064705629,0.0,4,10000,[118.6213207296033],[2072.1312392225864],[0.994856704345161],20,0.012225003852320776
8404,-0.012175567854334761,0.0,4,10000,[118.6213207296033],[2072.1312392225864],[0.994856704345161],20,0.012225003852320776
8405,0.01834263880817594,0.0,4,10000,[118.6213207296033],[2072.1312392225864],[0.994856704345161],20,0.012225003852320776
8406,0.00990425060539658,0.0,4,10000,[118.6213207296033],[2072.1312392225864],[0.994856704345161],20,0.012225003852320776
8407,-0.0032909969827705503,0.0,4,10000,[118.6213207296033],[2072.1312392225864],[0.994856704345161],20,0.012225003852320776
8408,0.0090476475272768,0.0,4,10000,[118.6213207296033],[2072.1312392225864],[0.994856704345161],20,0.012225003852320776
8409,0.003810314670155507,0.0,4,10000,[118.6213207296033],[2072.1312392225864],[0.994856704345161],20,0.012225003852320776
8410,-0.0030232805394405523,0.0,4,10000,[118.6213207296033],[2072.1312392225864],[0.994856704345161],20,0.012225003852320776
8411,-0.004409195156310508,0.0,4,10000,[118.6213207296033],[2072.1312392225864],[0.994856704345161],20,0.012225003852320776
8412,-0.0072777719859972115,0.0,4,10000,[118.6213207296033],[2072.1312392225864],[0.994856704345161],20,0.012225003852320776
8413,0.003556841605810627,0.0,4,10000,[118.6213207296033],[2072.1312392225864],[0.994856704345161],20,0.012225003852320776
8414,0.00040507435354804577,0.0,4,10000,[118.6213207296033],[2072.1312392225864],[0.994856704345161],20,0.012225003852320776
8415,0.014269867492391864,0.0,4,10000,[118.6213207296033],[2072.1312392225864],[0.994856704345161],20,0.012225003852320776
8416,0.02117755960040485,0.0,4,10000,[118.6213207296033],[2072.1312392225864],[0.994856704345161],20,0.012225003852320776
8417,-0.012473877763505047,0.0,4,10000,[118.6213207296033],[2072.1312392225864],[0.994856704345161],20,0.012225003852320776
8418,-0.021563727120628387,0.0,4,10000,[118.6213207296033],[2072.1312392225864],[0.994856704345161],20,0.012225003852320776
8419,-0.017467113102593676,0.0,4,10000,[118.6213207296033],[2072.1312392225864],[0.994856704345161],20,0.012225003852320776
8420,0.0046980849674052175,0.0,4,10000,[118.6213207296033],[2072.1312392225864],[0.994856704345161],20,0.012225003852320776
8421,-0.017363490026296943,0.0,4,10000,[118.6213207296033],[2072.1312392225864],[0.994856704345161],20,0.012225003852320776
8422,0.0033633870940589167,0.0,4,10000,[118.6213207296033],[2072.1312392225864],[0.994856704345161],20,0.012225003852320776
8423,-0.005338025282699202,0.0,4,10000,[118.6213207296033],[2072.1312392225864],[0.994856704345161],20,0.012225003852320776
8424,0.009389509037665328,0.0,4,10000,[118.6213207296033],[2072.1312392225864],[0.994856704345161],20,0.012225003852320776
8425,0.004561918492773274,0.0,4,10000,[118.6213207296033],[2072.1312392225864],[0.994856704345161],20,0.012225003852320776
8426,0.009638900621082826,0.0,4,10000,[118.6213207296033],[2072.1312392225864],[0.994856704345161],20,0.012225003852320776
8427,0.0008280881927504682,0.0,4,10000,[118.6213207296033],[2072.1312392225864],[0.994856704345161],20,0.012225003852320776
8428,0.008648534733262471,0.0,4,10000,[118.6213207296033],[2072.1312392225864],[0.994856704345161],20,0.012225003852320776
8429,-0.0073153535195747766,0.0,4,10000,[118.6213207296033],[2072.1312392225864],[0.994856704345161],20,0.012225003852320776
8430,-0.011755337781939585,0.0,4,10000,[118.6213207296033],[2072.1312392225864],[0.994856704345161],20,0.012225003852320776
8431,-0.007442007535819756,0.0,4,10000,[118.6213207296033],[2072.1312392225864],[0.994856704345161],20,0.012225003852320776
8432,-0.003626103554730261,0.0,4,10000,[118.6213207296033],[2072.1312392225864],[0.994856704345161],20,0.012225003852320776
8433,0.003432063769859012,0.0,4,10000,[118.6213207296033],[2072.1312392225864],[0.994856704345161],20,0.012225003852320776
8434,0.01864313383860377,0.0,4,10000,[118.6213207296033],[2072.1312392225864],[0.994856704345161],20,0.012225003852320776
8435,-0.01772097004477853,0.0,4,10000,[118.6213207296033],[2072.1312392225864],[0.994856704345161],20,0.012225003852320776
8436,0.009264872489619618,0.0,4,10000,[118.6213207296033],[2072.1312392225864],[0.994856704345161],20,0.012225003852320776
8437,0.0013154867417780817,0.0,4,10000,[118.6213207296033],[2072.1312392225864],[0.994856704345161],20,0.012225003852320776
8438,0.01747874191337526,0.0,4,10000,[118.6213207296033],[2072.1312392225864],[0.994856704345161],20,0.012225003852320776
8439,0.005288435955840421,0.0,4,10000,[118.6213207296033],[2072.1312392225864],[0.994856704345161],20,0.012225003852320776
8440,0.004145812582968852,0.0,4,10000,[118.6213207296033],[2072.1312392225864],[0.994856704345161],20,0.012225003852320776
8441,-0.010971375621656095,0.0,4,10000,[118.6213207296033],[2072.1312392225864],[0.994856704345161],20,0.012225003852320776
8442,-0.013565475314507358,0.0,4,10000,[118.6213207296033],[2072.1312392225864],[0.994856704345161],20,0.012225003852320776
8443,-0.006214490857699585,0.0,4,10000,[118.6213207296033],[2072.1312392225864],[0.994856704345161],20,0.012225003852320776
8444,-0.0030517406604588233,0.0,4,10000,[118.6213207296033],[2072.1312392225864],[0.994856704345161],20,0.012225003852320776
8445,0.01724592394751979,0.0,4,10000,[118.6213207296033],[2072.1312392225864],[0.994856704345161],20,0.012225003852320776
8446,-0.005091312099867726,0.0,4,10000,[118.6213207296033],[2072.1312392225864],[0.994856704345161],20,0.012225003852320776
8447,-0.011353335372671879,0.0,4,10000,[118.6213207296033],[2072.1312392225864],[0.994856704345161],20,0.012225003852320776
8448,0.0033235486704360296,0.0,4,10000,[118.6213207296033],[2072.1312392225864],[0.994856704345161],20,0.012225003852320776
8449,0.0015456564792492525,0.0,4,10000,[118.6213207296033],[2072.1312392225864],[0.994856704345161],20,0.012225003852320776
8450,0.009137219091313424,0.0,4,10000,[118.6213207296033],[2072.1312392225864],[0.994856704345161],20,0.012225003852320776
8451,-0.00547506234473251,0.0,4,10000,[118.6213207296033],[2072.1312392225864],[0.994856704345161],20,0.012225003852320776
8452,0.00909273652099498,0.0,4,10000,[118.6213207296033],[2072.1312392225864],[0.994856704345161],20,0.012225003852320776
8453,-0.021771871399980734,0.0,4,10000,[118.6213207296033],[2072.1312392225864],[0.994856704345161],20,0.012225003852320776
8454,-0.004207191868722633,0.0,4,10000,[118.6213207296033],[2072.1312392225864],[0.994856704345161],20,0.012225003852320776
8455,-0.001166708765834108,0.0,4,10000,[118.6213207296033],[2072.1312392225864],[0.994856704345161],20,0.012225003852320776
8456,-0.00502528325180076,0.0,4,10000,[118.6213207296033],[2072.1312392225864],[0.994856704345161],20,0.012225003852320776
8457,-0.007982586861745274,0.0,4,10000,[118.6213207296033],[2072.1312392225864],[0.994856704345161],20,0.012225003852320776
8458,0.0046139582514642665,0.0,4,10000,[118.6213207296033],[2072.1312392225864],[0.994856704345161],20,0.012225003852320776
8459,-0.013292942644754367,0.0,4,10000,[118.6213207296033],[2072.1312392225864],[0.994856704345161],20,0.012225003852320776
8460,0.013450163375993581,0.0,4,10000,[118.6213207296033],[2072.1312392225864],[0.994856704345161],20,0.012225003852320776
8461,-0.023161653174608082,0.0,4,10000,[118.6213207296033],[2072.1312392225864],[0.994856704345161],20,0.012225003852320776
8462,-0.0001923925189790916,0.0,4,10000,[118.6213207296033],[2072.1312392225864],[0.994856704345161],20,0.012225003852320776
8463,-0.003152062185114351,0.0,4,10000,[118.6213207296033],[2072.1312392225864],[0.994856704345161],20,0.012225003852320776
8464,0.004775156054919542,0.0,4,10000,[118.6213207296033],[2072.1312392225864],[0.994856704345161],20,0.012225003852320776
8465,-0.00917015378324994,0.0,4,10000,[118.6213207296033],[2072.1312392225864],[0.994856704345161],20,0.012225003852320776
8466,-0.0001434469514189491,0.0,4,10000,[118.6213207296033],[2072.1312392225864],[0.994856704345161],20,0.012225003852320776
8467,0.018704141826404383,0.0,4,10000,[118.6213207296033],[2072.1312392225864],[0.994856704345161],20,0.012225003852320776
8468,-0.007878394981762559,0.0,4,10000,[118.6213207296033],[2072.1312392225864],[0.994856704345161],20,0.012225003852320776
8469,0.024198297100530772,0.0,4,10000,[118.6213207296033],[2072.1312392225864],[0.994856704345161],20,0.012225003852320776
8470,0.0024227552634084595,0.0,4,10000,[118.6213207296033],[2072.1312392225864],[0.994856704345161],20,0.012225003852320776
8471,-0.0006280910446799591,0.0,4,10000,[118.6213207296033],[2072.1312392225864],[0.994856704345161],20,0.012225003852320776
8472,0.017275592009291938,0.0,4,10000,[118.6213207296033],[2072.1312392225864],[0.994856704345161],20,0.012225003852320776
8473,0.012296369207737615,0.0,4,10000,[118.6213207296033],[2072.1312392225864],[0.994856704345161],20,0.012225003852320776
8474,0.01387137513058565,0.0,4,10000,[118.6213207296033],[2072.1312392225864],[0.994856704345161],20,0.012225003852320776
8475,0.009833788215677708,0.0,4,10000,[118.6213207296033],[2072.1312392225864],[0.994856704345161],20,0.012225003852320776
8476,0.013021428950583579,0.0,4,10000,[118.6213207296033],[2072.1312392225864],[0.994856704345161],20,0.012225003852320776
8477,0.0032781888430446176,0.0,4,10000,[118.6213207296033],[2072.1312392225864],[0.994856704345161],20,0.012225003852320776
8478,-0.02238753205585439,0.0,4,10000,[118.6213207296033],[2072.1312392225864],[0.994856704345161],20,0.012225003852320776
8479,0.008920170018766936,0.0,4,10000,[118.6213207296033],[2072.1312392225864],[0.994856704345161],20,0.012225003852320776
8480,-0.02253193443728647,0.0,4,10000,[118.6213207296033],[2072.1312392225864],[0.994856704345161],20,0.012225003852320776
8481,0.00311116784682616,0.0,4,10000,[118.6213207296033],[2072.1312392225864],[0.994856704345161],20,0.012225003852320776
8482,0.0031257499760057044,0.0,4,10000,[118.6213207296033],[2072.1312392225864],[0.994856704345161],20,0.012225003852320776
8483,-0.007186876490240223,0.0,4,10000,[118.6213207296033],[2072.1312392225864],[0.994856704345161],20,0.012225003852320776
8484,0.009931537306312636,0.0,4,10000,[118.6213207296033],[2072.1312392225864],[0.994856704345161],20,0.012225003852320776
8485,-0.004168425179182235,0.0,4,10000,[118.6213207296033],[2072.1312392225864],[0.994856704345161],20,0.012225003852320776
8486,-0.010407149091483764,0.0,4,10000,[118.6213207296033],[2072.1312392225864],[0.994856704345161],20,0.012225003852320776
8487,-0.008229351393747128,0.0,4,10000,[118.6213207296033],[2072.1312392225864],[0.994856704345161],20,0.012225003852320776
8488,0.02952878137096917,0.0,4,10000,[118.6213207296033],[2072.1312392225864],[0.994856704345161],20,0.012225003852320776
8489,0.009559397532622096,0.0,4,10000,[118.6213207296033],[2072.1312392225864],[0.994856704345161],20,0.012225003852320776
8490,0.00431166863073174,0.0,4,10000,[118.6213207296033],[2072.1312392225864],[0.994856704345161],20,0.012225003852320776
8491,-0.01666104787381017,0.0,4,10000,[118.6213207296033],[2072.1312392225864],[0.994856704345161],20,0.012225003852320776
8492,-0.012021890123258749,0.0,4,10000,[118.6213207296033],[2072.1312392225864],[0.994856704345161],20,0.012225003852320776
8493,0.005856407817853069,0.0,4,10000,[118.6213207296033],[2072.1312392225864],[0.994856704345161],20,0.012225003852320776
8494,-0.011797464008423398,0.0,4,10000,[118.6213207296033],[2072.1312392225864],[0.994856704345161],20,0.012225003852320776
8495,0.012592526824046074,0.0,4,10000,[118.6213207296033],[2072.1312392225864],[0.994856704345161],20,0.012225003852320776
8496,-0.0013366581870306662,0.0,4,10000,[118.6213207296033],[2072.1312392225864],[0.994856704345161],20,0.012225003852320776
8497,0.008725589463966822,0.0,4,10000,[118.6213207296033],[2072.1312392225864],[0.994856704345161],20,0.012225003852320776
8498,-0.007024401376550172,0.0,4,10000,[118.6213207296033],[2072.1312392225864],[0.994856704345161],20,0.012225003852320776
8499,-0.013841271137258568,0.0,4,10000,[118.6213207296033],[2072.1312392225864],[0.994856704345161],20,0.012225003852320776
8500,0.008595472879452642,0.0,4,10000,[118.6213207296033],[2072.1312392225864],[0.994856704345161],20,0.012225003852320776
8501,0.014219776239906272,0.0,4,10000,[118.6213207296033],[2072.1312392225864],[0.994856704345161],20,0.012225003852320776
8502,-0.008845714589307095,0.0,4,10000,[118.6213207296033],[2072.1312392225864],[0.994856704345161],20,0.012225003852320776
8503,-0.005316792113792319,0.0,4,10000,[118.6213207296033],[2072.1312392225864],[0.994856704345161],20,0.012225003852320776
8504,0.012490774201435377,0.0,4,10000,[118.6213207296033],[2072.1312392225864],[0.994856704345161],20,0.012225003852320776
8505,0.003275766114228102,0.0,4,10000,[118.6213207296033],[2072.1312392225864],[0.994856704345161],20,0.012225003852320776
8506,0.01705713921218612,0.0,4,10000,[118.6213207296033],[2072.1312392225864],[0.994856704345161],20,0.012225003852320776
8507,0.0038970024621819395,0.0,4,10000,[118.6213207296033],[2072.1312392225864],[0.994856704345161],20,0.012225003852320776
8508,-0.009405659377496545,0.0,4,10000,[118.6213207296033],[2072.1312392225864],[0.994856704345161],20,0.012225003852320776
8509,0.01682312647072672,0.0,4,10000,[118.6213207296033],[2072.1312392225864],[0.994856704345161],20,0.012225003852320776
8510,0.0022197907134401114,0.0,4,10000,[118.6213207296033],[2072.1312392225864],[0.994856704345161],20,0.012225003852320776
8511,0.006146509780888972,0.0,4,10000,[118.6213207296033],[2072.1312392225864],[0.994856704345161],20,0.012225003852320776
8512,-0.015115840113935778,0.0,4,10000,[118.6213207296033],[2072.1312392225864],[0.994856704345161],20,0.012225003852320776
8513,0.009213256921114979,0.0,4,10000,[118.6213207296033],[2072.1312392225864],[0.994856704345161],20,0.012225003852320776
8514,-0.02322931577106268,0.0,4,10000,[118.6213207296033],[2072.1312392225864],[0.994856704345161],20,0.012225003852320776
8515,-0.008312382891240656,0.0,4,10000,[118.6213207296033],[2072.1312392225864],[0.994856704345161],20,0.012225003852320776
8516,-0.01685617570486906,0.0,4,10000,[118.6213207296033],[2072.1312392225864],[0.994856704345161],20,0.012225003852320776
8517,0.0049536845728049474,0.0,4,10000,[118.6213207296033],[2072.1312392225864],[0.994856704345161],20,0.012225003852320776
8518,-0.018549583677885385,0.0,4,10000,[118.6213207296033],[2072.1312392225864],[0.994856704345161],20,0.012225003852320776
8519,-0.0007445280017024592,0.0,4,10000,[118.6213207296033],[2072.1312392225864],[0.994856704345161],20,0.012225003852320776
8520,0.008553987357494684,0.0,4,10000,[118.6213207296033],[2072.1312392225864],[0.994856704345161],20,0.012225003852320776
8521,-0.0048063939213225815,0.0,4,10000,[118.6213207296033],[2072.1312392225864],[0.994856704345161],20,0.012225003852320776
8522,-0.003014948863089588,0.0,4,10000,[118.6213207296033],[2072.1312392225864],[0.994856704345161],20,0.012225003852320776
8523,0.005580271853234021,0.0,4,10000,[118.6213207296033],[2072.1312392225864],[0.994856704345161],20,0.012225003852320776
8524,0.011812586327058729,0.0,4,10000,[118.6213207296033],[2072.1312392225864],[0.994856704345161],20,0.012225003852320776
8525,0.006607159125979387,0.0,4,10000,[118.6213207296033],[2072.1312392225864],[0.994856704345161],20,0.012225003852320776
8526,-0.011422984087187922,0.0,4,10000,[118.6213207296033],[2072.1312392225864],[0.994856704345161],20,0.012225003852320776
8527,-0.011814681306518852,0.0,4,10000,[118.6213207296033],[2072.1312392225864],[0.994856704345161],20,0.012225003852320776
8528,0.019840266613739173,0.0,4,10000,[118.6213207296033],[2072.1312392225864],[0.994856704345161],20,0.012225003852320776
8529,-0.015553203835705737,0.0,4,10000,[118.6213207296033],[2072.1312392225864],[0.994856704345161],20,0.012225003852320776
8530,-0.015244679611572217,0.0,4,10000,[118.6213207296033],[2072.1312392225864],[0.994856704345161],20,0.012225003852320776
8531,-0.02123876717639091,0.0,4,10000,[118.6213207296033],[2072.1312392225864],[0.994856704345161],20,0.012225003852320776
8532,0.008517405780592248,0.0,4,10000,[118.6213207296033],[2072.1312392225864],[0.994856704345161],20,0.012225003852320776
8533,-0.008300509437843898,0.0,4,10000,[118.6213207296033],[2072.1312392225864],[0.994856704345161],20,0.012225003852320776
8534,0.02522532343118504,0.0,4,10000,[118.6213207296033],[2072.1312392225864],[0.994856704345161],20,0.012225003852320776
8535,0.003335324110739678,0.0,4,10000,[118.6213207296033],[2072.1312392225864],[0.994856704345161],20,0.012225003852320776
8536,0.004468355759489162,0.0,4,10000,[118.6213207296033],[2072.1312392225864],[0.994856704345161],20,0.012225003852320776
8537,-0.0061263514553918765,0.0,4,10000,[118.6213207296033],[2072.1312392225864],[0.994856704345161],20,0.012225003852320776
8538,-0.02173054035362076,0.0,4,10000,[118.6213207296033],[2072.1312392225864],[0.994856704345161],20,0.012225003852320776
8539,0.004732562163465181,0.0,4,10000,[118.6213207296033],[2072.1312392225864],[0.994856704345161],20,0.012225003852320776
8540,0.021971372070830657,0.0,4,10000,[118.6213207296033],[2072.1312392225864],[0.994856704345161],20,0.012225003852320776
8541,0.006850775749056627,0.0,4,10000,[118.6213207296033],[2072.1312392225864],[0.994856704345161],20,0.012225003852320776
8542,-0.00038170097639187513,0.0,4,10000,[118.6213207296033],[2072.1312392225864],[0.994856704345161],20,0.012225003852320776
8543,-0.004567076615633448,0.0,4,10000,[118.6213207296033],[2072.1312392225864],[0.994856704345161],20,0.012225003852320776
8544,-0.007854358307393986,0.0,4,10000,[118.6213207296033],[2072.1312392225864],[0.994856704345161],20,0.012225003852320776
8545,0.005381574065331105,0.0,4,10000,[118.6213207296033],[2072.1312392225864],[0.994856704345161],20,0.012225003852320776
8546,0.027041582311874694,0.0,4,10000,[118.6213207296033],[2072.1312392225864],[0.994856704345161],20,0.012225003852320776
8547,0.00028206345467430145,0.0,4,10000,[118.6213207296033],[2072.1312392225864],[0.994856704345161],20,0.012225003852320776
8548,0.011449781806668098,0.0,4,10000,[118.6213207296033],[2072.1312392225864],[0.994856704345161],20,0.012225003852320776
8549,-0.008342888842586035,0.0,4,10000,[118.6213207296033],[2072.1312392225864],[0.994856704345161],20,0.012225003852320776
8550,-0.009603979857786066,0.0,4,10000,[118.6213207296033],[2072.1312392225864],[0.994856704345161],20,0.012225003852320776
8551,-0.025713442755863593,0.0,4,10000,[118.6213207296033],[2072.1312392225864],[0.994856704345161],20,0.012225003852320776
8552,-0.002620819554291733,0.0,4,10000,[118.6213207296033],[2072.1312392225864],[0.994856704345161],20,0.012225003852320776
8553,0.015040542661623671,0.0,4,10000,[118.6213207296033],[2072.1312392225864],[0.994856704345161],20,0.012225003852320776
8554,0.02142879813376229,0.0,4,10000,[118.6213207296033],[2072.1312392225864],[0.994856704345161],20,0.012225003852320776
8555,0.005844635811046681,0.0,4,10000,[118.6213207296033],[2072.1312392225864],[0.994856704345161],20,0.012225003852320776
8556,0.01836949365774495,0.0,4,10000,[118.6213207296033],[2072.1312392225864],[0.994856704345161],20,0.012225003852320776
8557,0.00605931361845876,0.0,4,10000,[118.6213207296033],[2072.1312392225864],[0.994856704345161],20,0.012225003852320776
8558,0.006094989432399947,0.0,4,10000,[118.6213207296033],[2072.1312392225864],[0.994856704345161],20,0.012225003852320776
8559,0.00543969499142068,0.0,4,10000,[118.6213207296033],[2072.1312392225864],[0.994856704345161],20,0.012225003852320776
8560,-0.015294650172009363,0.0,4,10000,[118.6213207296033],[2072.1312392225864],[0.994856704345161],20,0.012225003852320776
8561,0.009554261935023917,0.0,4,10000,[118.6213207296033],[2072.1312392225864],[0.994856704345161],20,0.012225003852320776
8562,0.028764745504904345,0.0,4,10000,[118.6213207296033],[2072.1312392225864],[0.994856704345161],20,0.012225003852320776
8563,-0.01942242659841711,0.0,4,10000,[118.6213207296033],[2072.1312392225864],[0.994856704345161],20,0.012225003852320776
8564,0.008616378318182011,0.0,4,10000,[118.6213207296033],[2072.1312392225864],[0.994856704345161],20,0.012225003852320776
8565,-0.019174422628357116,0.0,4,10000,[118.6213207296033],[2072.1312392225864],[0.994856704345161],20,0.012225003852320776
8566,-0.006360120556252412,0.0,4,10000,[118.6213207296033],[2072.1312392225864],[0.994856704345161],20,0.012225003852320776
8567,-0.0032949443540938993,0.0,4,10000,[118.6213207296033],[2072.1312392225864],[0.994856704345161],20,0.012225003852320776
8568,-0.004648676568324082,0.0,4,10000,[118.6213207296033],[2072.1312392225864],[0.994856704345161],20,0.012225003852320776
8569,-0.010942275021057275,0.0,4,10000,[118.6213207296033],[2072.1312392225864],[0.994856704345161],20,0.012225003852320776
8570,-0.0025851700320240426,0.0,4,10000,[118.6213207296033],[2072.1312392225864],[0.994856704345161],20,0.012225003852320776
8571,-0.007441936848922836,0.0,4,10000,[118.6213207296033],[2072.1312392225864],[0.994856704345161],20,0.012225003852320776
8572,0.007733954359353195,0.0,4,10000,[118.6213207296033],[2072.1312392225864],[0.994856704345161],20,0.012225003852320776
8573,-0.01253707320965619,0.0,4,10000,[118.6213207296033],[2072.1312392225864],[0.994856704345161],20,0.012225003852320776
8574,0.007186231847660824,0.0,4,10000,[118.6213207296033],[2072.1312392225864],[0.994856704345161],20,0.012225003852320776
8575,0.0001847743250251869,0.0,4,10000,[118.6213207296033],[2072.1312392225864],[0.994856704345161],20,0.012225003852320776
8576,0.0033040253323154173,0.0,4,10000,[118.6213207296033],[2072.1312392225864],[0.994856704345161],20,0.012225003852320776
8577,0.02735139237115275,0.0,4,10000,[118.6213207296033],[2072.1312392225864],[0.994856704345161],20,0.012225003852320776
8578,-0.0046094668752117655,0.0,4,10000,[118.6213207296033],[2072.1312392225864],[0.994856704345161],20,0.012225003852320776
8579,-0.01732019651756803,0.0,4,10000,[118.6213207296033],[2072.1312392225864],[0.994856704345161],20,0.012225003852320776
8580,0.002517801010083848,0.0,4,10000,[118.6213207296033],[2072.1312392225864],[0.994856704345161],20,0.012225003852320776
8581,0.005473569183515248,0.0,4,10000,[118.6213207296033],[2072.1312392225864],[0.994856704345161],20,0.012225003852320776
8582,-0.003014095256280905,0.0,4,10000,[118.6213207296033],[2072.1312392225864],[0.994856704345161],20,0.012225003852320776
8583,-0.0016105912451105894,0.0,4,10000,[118.6213207296033],[2072.1312392225864],[0.994856704345161],20,0.012225003852320776
8584,-0.013774118331138178,0.0,4,10000,[118.6213207296033],[2072.1312392225864],[0.994856704345161],20,0.012225003852320776
8585,0.010271937987089034,0.0,4,10000,[118.6213207296033],[2072.1312392225864],[0.994856704345161],20,0.012225003852320776
8586,0.02323153452874935,0.0,4,10000,[118.6213207296033],[2072.1312392225864],[0.994856704345161],20,0.012225003852320776
8587,-3.2989610814154856e-05,0.0,4,10000,[118.6213207296033],[2072.1312392225864],[0.994856704345161],20,0.012225003852320776
8588,0.019111304598496245,0.0,4,10000,[118.6213207296033],[2072.1312392225864],[0.994856704345161],20,0.012225003852320776
8589,-0.023964886834264287,0.0,4,10000,[118.6213207296033],[2072.1312392225864],[0.994856704345161],20,0.012225003852320776
8590,-0.01843831160257366,0.0,4,10000,[118.6213207296033],[2072.1312392225864],[0.994856704345161],20,0.012225003852320776
8591,-0.020375991430649394,0.0,4,10000,[118.6213207296033],[2072.1312392225864],[0.994856704345161],20,0.012225003852320776
8592,-0.006081047802356936,0.0,4,10000,[118.6213207296033],[2072.1312392225864],[0.994856704345161],20,0.012225003852320776
8593,0.006732357659916935,0.0,4,10000,[118.6213207296033],[2072.1312392225864],[0.994856704345161],20,0.012225003852320776
8594,-0.011047203554221868,0.0,4,10000,[118.6213207296033],[2072.1312392225864],[0.994856704345161],20,0.012225003852320776
8595,-0.004819357157197276,0.0,4,10000,[118.6213207296033],[2072.1312392225864],[0.994856704345161],20,0.012225003852320776
8596,0.025611860305452292,0.0,4,10000,[118.6213207296033],[2072.1312392225864],[0.994856704345161],20,0.012225003852320776
8597,0.008860907225970814,0.0,4,10000,[118.6213207296033],[2072.1312392225864],[0.994856704345161],20,0.012225003852320776
8598,0.0018408237201816325,0.0,4,10000,[118.6213207296033],[2072.1312392225864],[0.994856704345161],20,0.012225003852320776
8599,0.00833848146509034,0.0,4,10000,[118.6213207296033],[2072.1312392225864],[0.994856704345161],20,0.012225003852320776
8600,-0.024218437624094407,0.0,4,10000,[118.6213207296033],[2072.1312392225864],[0.994856704345161],20,0.012225003852320776
8601,0.007132134778844668,0.0,4,10000,[118.6213207296033],[2072.1312392225864],[0.994856704345161],20,0.012225003852320776
8602,0.00127373103201574,0.0,4,10000,[118.6213207296033],[2072.1312392225864],[0.994856704345161],20,0.012225003852320776
8603,0.020420431214016523,0.0,4,10000,[118.6213207296033],[2072.1312392225864],[0.994856704345161],20,0.012225003852320776
8604,-0.011051806051319137,0.0,4,10000,[118.6213207296033],[2072.1312392225864],[0.994856704345161],20,0.012225003852320776
8605,0.009034875630578643,0.0,4,10000,[118.6213207296033],[2072.1312392225864],[0.994856704345161],20,0.012225003852320776
8606,-0.01758308020767366,0.0,4,10000,[118.6213207296033],[2072.1312392225864],[0.994856704345161],20,0.012225003852320776
8607,0.009629782657788064,0.0,4,10000,[118.6213207296033],[2072.1312392225864],[0.994856704345161],20,0.012225003852320776
8608,0.003565996268313235,0.0,4,10000,[118.6213207296033],[2072.1312392225864],[0.994856704345161],20,0.012225003852320776
8609,0.01239131005261216,0.0,4,10000,[118.6213207296033],[2072.1312392225864],[0.994856704345161],20,0.012225003852320776
8610,0.008063674482899857,0.0,4,10000,[118.6213207296033],[2072.1312392225864],[0.994856704345161],20,0.012225003852320776
8611,-0.014150919977385892,0.0,4,10000,[118.6213207296033],[2072.1312392225864],[0.994856704345161],20,0.012225003852320776
8612,0.0003780774059023989,0.0,4,10000,[118.6213207296033],[2072.1312392225864],[0.994856704345161],20,0.012225003852320776
8613,0.009727083187074272,0.0,4,10000,[118.6213207296033],[2072.1312392225864],[0.994856704345161],20,0.012225003852320776
8614,0.017787282840262982,0.0,4,10000,[118.6213207296033],[2072.1312392225864],[0.994856704345161],20,0.012225003852320776
8615,0.007707418659719652,0.0,4,10000,[118.6213207296033],[2072.1312392225864],[0.994856704345161],20,0.012225003852320776
8616,-0.014270818875932791,0.0,4,10000,[118.6213207296033],[2072.1312392225864],[0.994856704345161],20,0.012225003852320776
8617,-0.018826895872764055,0.0,4,10000,[118.6213207296033],[2072.1312392225864],[0.994856704345161],20,0.012225003852320776
8618,-0.004574982004594494,0.0,4,10000,[118.6213207296033],[2072.1312392225864],[0.994856704345161],20,0.012225003852320776
8619,0.014988713228239362,0.0,4,10000,[118.6213207296033],[2072.1312392225864],[0.994856704345161],20,0.012225003852320776
8620,0.003203779606801066,0.0,4,10000,[118.6213207296033],[2072.1312392225864],[0.994856704345161],20,0.012225003852320776
8621,0.0045222844358522455,0.0,4,10000,[118.6213207296033],[2072.1312392225864],[0.994856704345161],20,0.012225003852320776
8622,0.012230265915761623,0.0,4,10000,[118.6213207296033],[2072.1312392225864],[0.994856704345161],20,0.012225003852320776
8623,-0.009275760298022701,0.0,4,10000,[118.6213207296033],[2072.1312392225864],[0.994856704345161],20,0.012225003852320776
8624,0.00953792601062107,0.0,4,10000,[118.6213207296033],[2072.1312392225864],[0.994856704345161],20,0.012225003852320776
8625,0.011899399570311827,0.0,4,10000,[118.6213207296033],[2072.1312392225864],[0.994856704345161],20,0.012225003852320776
8626,-0.0003084822901033595,0.0,4,10000,[118.6213207296033],[2072.1312392225864],[0.994856704345161],20,0.012225003852320776
8627,-0.0134047995232846,0.0,4,10000,[118.6213207296033],[2072.1312392225864],[0.994856704345161],20,0.012225003852320776
8628,-0.017370813091353774,0.0,4,10000,[118.6213207296033],[2072.1312392225864],[0.994856704345161],20,0.012225003852320776
8629,0.00857407436850958,0.0,4,10000,[118.6213207296033],[2072.1312392225864],[0.994856704345161],20,0.012225003852320776
8630,-0.01713923176858461,0.0,4,10000,[118.6213207296033],[2072.1312392225864],[0.994856704345161],20,0.012225003852320776
8631,0.005917985858745392,0.0,4,10000,[118.6213207296033],[2072.1312392225864],[0.994856704345161],20,0.012225003852320776
8632,-0.021851505238089,0.0,4,10000,[118.6213207296033],[2072.1312392225864],[0.994856704345161],20,0.012225003852320776
8633,-0.020377320842426622,0.0,4,10000,[118.6213207296033],[2072.1312392225864],[0.994856704345161],20,0.012225003852320776
8634,-0.022034766053571683,0.0,4,10000,[118.6213207296033],[2072.1312392225864],[0.994856704345161],20,0.012225003852320776
8635,-0.00547678085778239,0.0,4,10000,[118.6213207296033],[2072.1312392225864],[0.994856704345161],20,0.012225003852320776
8636,-0.0014249947129587968,0.0,4,10000,[118.6213207296033],[2072.1312392225864],[0.994856704345161],20,0.012225003852320776
8637,0.0008442829056058786,0.0,4,10000,[118.6213207296033],[2072.1312392225864],[0.994856704345161],20,0.012225003852320776
8638,-0.010186901729704798,0.0,4,10000,[118.6213207296033],[2072.1312392225864],[0.994856704345161],20,0.012225003852320776
8639,0.009148601264025216,0.0,4,10000,[118.6213207296033],[2072.1312392225864],[0.994856704345161],20,0.012225003852320776
8640,0.010313170919081528,0.0,4,10000,[118.6213207296033],[2072.1312392225864],[0.994856704345161],20,0.012225003852320776
8641,-0.01362932527975822,0.0,4,10000,[118.6213207296033],[2072.1312392225864],[0.994856704345161],20,0.012225003852320776
8642,0.02066276424863257,0.0,4,10000,[118.6213207296033],[2072.1312392225864],[0.994856704345161],20,0.012225003852320776
8643,-0.008191288465655722,0.0,4,10000,[118.6213207296033],[2072.1312392225864],[0.994856704345161],20,0.012225003852320776
8644,0.014946904883725774,0.0,4,10000,[118.6213207296033],[2072.1312392225864],[0.994856704345161],20,0.012225003852320776
8645,-0.017581660155376804,0.0,4,10000,[118.6213207296033],[2072.1312392225864],[0.994856704345161],20,0.012225003852320776
8646,0.004530866476386432,0.0,4,10000,[118.6213207296033],[2072.1312392225864],[0.994856704345161],20,0.012225003852320776
8647,-0.0010683946335993417,0.0,4,10000,[118.6213207296033],[2072.1312392225864],[0.994856704345161],20,0.012225003852320776
8648,-0.00807373666894357,0.0,4,10000,[118.6213207296033],[2072.1312392225864],[0.994856704345161],20,0.012225003852320776
8649,0.004589261811680998,0.0,4,10000,[118.6213207296033],[2072.1312392225864],[0.994856704345161],20,0.012225003852320776
8650,0.012675880119079032,0.0,4,10000,[118.6213207296033],[2072.1312392225864],[0.994856704345161],20,0.012225003852320776
8651,-4.988818210603973e-05,0.0,4,10000,[118.6213207296033],[2072.1312392225864],[0.994856704345161],20,0.012225003852320776
8652,0.017393338207954957,0.0,4,10000,[118.6213207296033],[2072.1312392225864],[0.994856704345161],20,0.012225003852320776
8653,0.009080340258303411,0.0,4,10000,[118.6213207296033],[2072.1312392225864],[0.994856704345161],20,0.012225003852320776
8654,0.0023295127134226926,0.0,4,10000,[118.6213207296033],[2072.1312392225864],[0.994856704345161],20,0.012225003852320776
8655,0.010430481930299641,0.0,4,10000,[118.6213207296033],[2072.1312392225864],[0.994856704345161],20,0.012225003852320776
8656,-0.004112685029288315,0.0,4,10000,[118.6213207296033],[2072.1312392225864],[0.994856704345161],20,0.012225003852320776
8657,-0.002071363679032892,0.0,4,10000,[118.6213207296033],[2072.1312392225864],[0.994856704345161],20,0.012225003852320776
8658,-0.018507060279758923,0.0,4,10000,[118.6213207296033],[2072.1312392225864],[0.994856704345161],20,0.012225003852320776
8659,-0.018100052665841092,0.0,4,10000,[118.6213207296033],[2072.1312392225864],[0.994856704345161],20,0.012225003852320776
8660,-0.011817244400838183,0.0,4,10000,[118.6213207296033],[2072.1312392225864],[0.994856704345161],20,0.012225003852320776
8661,-0.005729897281218168,0.0,4,10000,[118.6213207296033],[2072.1312392225864],[0.994856704345161],20,0.012225003852320776
8662,0.014289022312134182,0.0,4,10000,[118.6213207296033],[2072.1312392225864],[0.994856704345161],20,0.012225003852320776
8663,-0.0061019841798700585,0.0,4,10000,[118.6213207296033],[2072.1312392225864],[0.994856704345161],20,0.012225003852320776
8664,0.002970114516686741,0.0,4,10000,[118.6213207296033],[2072.1312392225864],[0.994856704345161],20,0.012225003852320776
8665,-0.009471245309037594,0.0,4,10000,[118.6213207296033],[2072.1312392225864],[0.994856704345161],20,0.012225003852320776
8666,-0.00041779102733508795,0.0,4,10000,[118.6213207296033],[2072.1312392225864],[0.994856704345161],20,0.012225003852320776
8667,0.01960376255504833,0.0,4,10000,[118.6213207296033],[2072.1312392225864],[0.994856704345161],20,0.012225003852320776
8668,0.023305797879256598,0.0,4,10000,[118.6213207296033],[2072.1312392225864],[0.994856704345161],20,0.012225003852320776
8669,-0.00660173865594041,0.0,4,10000,[118.6213207296033],[2072.1312392225864],[0.994856704345161],20,0.012225003852320776
8670,0.014751168995638738,0.0,4,10000,[118.6213207296033],[2072.1312392225864],[0.994856704345161],20,0.012225003852320776
8671,0.0044194543252403795,0.0,4,10000,[118.6213207296033],[2072.1312392225864],[0.994856704345161],20,0.012225003852320776
8672,-0.003788130671016997,0.0,4,10000,[118.6213207296033],[2072.1312392225864],[0.994856704345161],20,0.012225003852320776
8673,0.009779796394837559,0.0,4,10000,[118.6213207296033],[2072.1312392225864],[0.994856704345161],20,0.012225003852320776
8674,-0.003319997456897624,0.0,4,10000,[118.6213207296033],[2072.1312392225864],[0.994856704345161],20,0.012225003852320776
8675,0.015341915688198943,0.0,4,10000,[118.6213207296033],[2072.1312392225864],[0.994856704345161],20,0.012225003852320776
8676,-0.004048320484292125,0.0,4,10000,[118.6213207296033],[2072.1312392225864],[0.994856704345161],20,0.012225003852320776
8677,-0.005237952034256886,0.0,4,10000,[118.6213207296033],[2072.1312392225864],[0.994856704345161],20,0.012225003852320776
8678,0.015655608121351725,0.0,4,10000,[118.6213207296033],[2072.1312392225864],[0.994856704345161],20,0.012225003852320776
8679,-0.0136498415601766,0.0,4,10000,[118.6213207296033],[2072.1312392225864],[0.994856704345161],20,0.012225003852320776
8680,-0.012889399243434803,0.0,4,10000,[118.6213207296033],[2072.1312392225864],[0.994856704345161],20,0.012225003852320776
8681,-0.0072505002510934845,0.0,4,10000,[118.6213207296033],[2072.1312392225864],[0.994856704345161],20,0.012225003852320776
8682,-0.023098229451238957,0.0,4,10000,[118.6213207296033],[2072.1312392225864],[0.994856704345161],20,0.012225003852320776
8683,0.014901662843045149,0.0,4,10000,[118.6213207296033],[2072.1312392225864],[0.994856704345161],20,0.012225003852320776
8684,-0.005164650018806883,0.0,4,10000,[118.6213207296033],[2072.1312392225864],[0.994856704345161],20,0.012225003852320776
8685,-0.00023937370283033546,0.0,4,10000,[118.6213207296033],[2072.1312392225864],[0.994856704345161],20,0.012225003852320776
8686,-0.007061986615967747,0.0,4,10000,[118.6213207296033],[2072.1312392225864],[0.994856704345161],20,0.012225003852320776
8687,0.007487736801285066,0.0,4,10000,[118.6213207296033],[2072.1312392225864],[0.994856704345161],20,0.012225003852320776
8688,0.00583470999072461,0.0,4,10000,[118.6213207296033],[2072.1312392225864],[0.994856704345161],20,0.012225003852320776
8689,-0.005108643257765905,0.0,4,10000,[118.6213207296033],[2072.1312392225864],[0.994856704345161],20,0.012225003852320776
8690,-0.014904087702710062,0.0,4,10000,[118.6213207296033],[2072.1312392225864],[0.994856704345161],20,0.012225003852320776
8691,-0.00263630428403579,0.0,4,10000,[118.6213207296033],[2072.1312392225864],[0.994856704345161],20,0.012225003852320776
8692,-0.0171267218438042,0.0,4,10000,[118.6213207296033],[2072.1312392225864],[0.994856704345161],20,0.012225003852320776
8693,0.0037556172667800544,0.0,4,10000,[118.6213207296033],[2072.1312392225864],[0.994856704345161],20,0.012225003852320776
8694,-0.010091247993317069,0.0,4,10000,[118.6213207296033],[2072.1312392225864],[0.994856704345161],20,0.012225003852320776
8695,-0.012318093859800905,0.0,4,10000,[118.6213207296033],[2072.1312392225864],[0.994856704345161],20,0.012225003852320776
8696,-0.0010648795343979047,0.0,4,10000,[118.6213207296033],[2072.1312392225864],[0.994856704345161],20,0.012225003852320776
8697,-0.009469554636454538,0.0,4,10000,[118.6213207296033],[2072.1312392225864],[0.994856704345161],20,0.012225003852320776
8698,0.00929462443241377,0.0,4,10000,[118.6213207296033],[2072.1312392225864],[0.994856704345161],20,0.012225003852320776
8699,-0.011892970759741123,0.0,4,10000,[118.6213207296033],[2072.1312392225864],[0.994856704345161],20,0.012225003852320776
8700,0.012738069994667223,0.0,4,10000,[118.6213207296033],[2072.1312392225864],[0.994856704345161],20,0.012225003852320776
8701,-0.010474400692606241,0.0,4,10000,[118.6213207296033],[2072.1312392225864],[0.994856704345161],20,0.012225003852320776
8702,0.0005154430028959291,0.0,4,10000,[118.6213207296033],[2072.1312392225864],[0.994856704345161],20,0.012225003852320776
8703,0.013115672895524481,0.0,4,10000,[118.6213207296033],[2072.1312392225864],[0.994856704345161],20,0.012225003852320776
8704,-0.012077924430832037,0.0,4,10000,[118.6213207296033],[2072.1312392225864],[0.994856704345161],20,0.012225003852320776
8705,-0.005154969055623955,0.0,4,10000,[118.6213207296033],[2072.1312392225864],[0.994856704345161],20,0.012225003852320776
8706,-0.007126601441912929,0.0,4,10000,[118.6213207296033],[2072.1312392225864],[0.994856704345161],20,0.012225003852320776
8707,-0.014112396909348592,0.0,4,10000,[118.6213207296033],[2072.1312392225864],[0.994856704345161],20,0.012225003852320776
8708,-0.02676821151301506,0.0,4,10000,[118.6213207296033],[2072.1312392225864],[0.994856704345161],20,0.012225003852320776
8709,-0.001531596025121349,0.0,4,10000,[118.6213207296033],[2072.1312392225864],[0.994856704345161],20,0.012225003852320776
8710,0.005990826121542328,0.0,4,10000,[118.6213207296033],[2072.1312392225864],[0.994856704345161],20,0.012225003852320776
8711,-0.0023782667215453412,0.0,4,10000,[118.6213207296033],[2072.1312392225864],[0.994856704345161],20,0.012225003852320776
8712,-0.0019750947162302294,0.0,4,10000,[118.6213207296033],[2072.1312392225864],[0.994856704345161],20,0.012225003852320776
8713,-0.0027561015157827056,0.0,4,10000,[118.6213207296033],[2072.1312392225864],[0.994856704345161],20,0.012225003852320776
8714,0.009272566192843987,0.0,4,10000,[118.6213207296033],[2072.1312392225864],[0.994856704345161],20,0.012225003852320776
8715,-0.016803054077424957,0.0,4,10000,[118.6213207296033],[2072.1312392225864],[0.994856704345161],20,0.012225003852320776
8716,-0.005005223958922662,0.0,4,10000,[118.6213207296033],[2072.1312392225864],[0.994856704345161],20,0.012225003852320776
8717,-0.003925309614746611,0.0,4,10000,[118.6213207296033],[2072.1312392225864],[0.994856704345161],20,0.012225003852320776
8718,0.013807514657476545,0.0,4,10000,[118.6213207296033],[2072.1312392225864],[0.994856704345161],20,0.012225003852320776
8719,-0.006528697200857673,0.0,4,10000,[118.6213207296033],[2072.1312392225864],[0.994856704345161],20,0.012225003852320776
8720,-0.024954173854562906,0.0,4,10000,[118.6213207296033],[2072.1312392225864],[0.994856704345161],20,0.012225003852320776
8721,0.0032851868319537536,0.0,4,10000,[118.6213207296033],[2072.1312392225864],[0.994856704345161],20,0.012225003852320776
8722,-0.0031957084172964953,0.0,4,10000,[118.6213207296033],[2072.1312392225864],[0.994856704345161],20,0.012225003852320776
8723,0.017224935119186047,0.0,4,10000,[118.6213207296033],[2072.1312392225864],[0.994856704345161],20,0.012225003852320776
8724,0.005092585447839852,0.0,4,10000,[118.6213207296033],[2072.1312392225864],[0.994856704345161],20,0.012225003852320776
8725,0.025473793595216298,0.0,4,10000,[118.6213207296033],[2072.1312392225864],[0.994856704345161],20,0.012225003852320776
8726,-0.007737286398631957,0.0,4,10000,[118.6213207296033],[2072.1312392225864],[0.994856704345161],20,0.012225003852320776
8727,-0.009474183012922532,0.0,4,10000,[118.6213207296033],[2072.1312392225864],[0.994856704345161],20,0.012225003852320776
8728,0.007727147294354114,0.0,4,10000,[118.6213207296033],[2072.1312392225864],[0.994856704345161],20,0.012225003852320776
8729,0.00752446723810286,0.0,4,10000,[118.6213207296033],[2072.1312392225864],[0.994856704345161],20,0.012225003852320776
8730,0.01507604201301017,0.0,4,10000,[118.6213207296033],[2072.1312392225864],[0.994856704345161],20,0.012225003852320776
8731,-0.0024717205001269964,0.0,4,10000,[118.6213207296033],[2072.1312392225864],[0.994856704345161],20,0.012225003852320776
8732,-0.007909281074759392,0.0,4,10000,[118.6213207296033],[2072.1312392225864],[0.994856704345161],20,0.012225003852320776
8733,0.022457884058136587,0.0,4,10000,[118.6213207296033],[2072.1312392225864],[0.994856704345161],20,0.012225003852320776
8734,0.0033615371569977273,0.0,4,10000,[118.6213207296033],[2072.1312392225864],[0.994856704345161],20,0.012225003852320776
8735,-0.023166410613290434,0.0,4,10000,[118.6213207296033],[2072.1312392225864],[0.994856704345161],20,0.012225003852320776
8736,0.0196801393672559,0.0,4,10000,[118.6213207296033],[2072.1312392225864],[0.994856704345161],20,0.012225003852320776
8737,0.010604824979115217,0.0,4,10000,[118.6213207296033],[2072.1312392225864],[0.994856704345161],20,0.012225003852320776
8738,0.005089641057026033,0.0,4,10000,[118.6213207296033],[2072.1312392225864],[0.994856704345161],20,0.012225003852320776
8739,0.0010831379461326862,0.0,4,10000,[118.6213207296033],[2072.1312392225864],[0.994856704345161],20,0.012225003852320776
8740,-0.013772147293463318,0.0,4,10000,[118.6213207296033],[2072.1312392225864],[0.994856704345161],20,0.012225003852320776
8741,-0.013732514307235048,0.0,4,10000,[118.6213207296033],[2072.1312392225864],[0.994856704345161],20,0.012225003852320776
8742,-0.0027232963482815777,0.0,4,10000,[118.6213207296033],[2072.1312392225864],[0.994856704345161],20,0.012225003852320776
8743,0.008117855911931674,0.0,4,10000,[118.6213207296033],[2072.1312392225864],[0.994856704345161],20,0.012225003852320776
8744,0.01565393190883598,0.0,4,10000,[118.6213207296033],[2072.1312392225864],[0.994856704345161],20,0.012225003852320776
8745,0.00015716748076280226,0.0,4,10000,[118.6213207296033],[2072.1312392225864],[0.994856704345161],20,0.012225003852320776
8746,-0.009663720103824708,0.0,4,10000,[118.6213207296033],[2072.1312392225864],[0.994856704345161],20,0.012225003852320776
8747,-0.006961243527834671,0.0,4,10000,[118.6213207296033],[2072.1312392225864],[0.994856704345161],20,0.012225003852320776
8748,-0.005779270840404354,0.0,4,10000,[118.6213207296033],[2072.1312392225864],[0.994856704345161],20,0.012225003852320776
8749,-0.00992568278261806,0.0,4,10000,[118.6213207296033],[2072.1312392225864],[0.994856704345161],20,0.012225003852320776
8750,0.0031177877315301584,0.0,4,10000,[118.6213207296033],[2072.1312392225864],[0.994856704345161],20,0.012225003852320776
8751,0.002807608050018298,0.0,4,10000,[118.6213207296033],[2072.1312392225864],[0.994856704345161],20,0.012225003852320776
8752,-0.004121616361033416,0.0,4,10000,[118.6213207296033],[2072.1312392225864],[0.994856704345161],20,0.012225003852320776
8753,-0.007693041663579974,0.0,4,10000,[118.6213207296033],[2072.1312392225864],[0.994856704345161],20,0.012225003852320776
8754,0.017993803009257067,0.0,4,10000,[118.6213207296033],[2072.1312392225864],[0.994856704345161],20,0.012225003852320776
8755,0.003700625211702378,0.0,4,10000,[118.6213207296033],[2072.1312392225864],[0.994856704345161],20,0.012225003852320776
8756,-0.025414410389437505,0.0,4,10000,[118.6213207296033],[2072.1312392225864],[0.994856704345161],20,0.012225003852320776
8757,-0.0026536755281382387,0.0,4,10000,[118.6213207296033],[2072.1312392225864],[0.994856704345161],20,0.012225003852320776
8758,0.002757222602745537,0.0,4,10000,[118.6213207296033],[2072.1312392225864],[0.994856704345161],20,0.012225003852320776
8759,-0.0015327355721269015,0.0,4,10000,[118.6213207296033],[2072.1312392225864],[0.994856704345161],20,0.012225003852320776
8760,0.018610302909987064,0.0,4,10000,[118.6213207296033],[2072.1312392225864],[0.994856704345161],20,0.012225003852320776
8761,0.01968385692925779,0.0,4,10000,[118.6213207296033],[2072.1312392225864],[0.994856704345161],20,0.012225003852320776
8762,0.006335745197635509,0.0,4,10000,[118.6213207296033],[2072.1312392225864],[0.994856704345161],20,0.012225003852320776
8763,0.0016665588154229376,0.0,4,10000,[118.6213207296033],[2072.1312392225864],[0.994856704345161],20,0.012225003852320776
8764,0.017060399999440683,0.0,4,10000,[118.6213207296033],[2072.1312392225864],[0.994856704345161],20,0.012225003852320776
8765,-0.010942208082212962,0.0,4,10000,[118.6213207296033],[2072.1312392225864],[0.994856704345161],20,0.012225003852320776
8766,0.029355964198064757,0.0,4,10000,[118.6213207296033],[2072.1312392225864],[0.994856704345161],20,0.012225003852320776
8767,0.006710210096639635,0.0,4,10000,[118.6213207296033],[2072.1312392225864],[0.994856704345161],20,0.012225003852320776
8768,0.026673278743194098,0.0,4,10000,[118.6213207296033],[2072.1312392225864],[0.994856704345161],20,0.012225003852320776
8769,0.018047039572212507,0.0,4,10000,[118.6213207296033],[2072.1312392225864],[0.994856704345161],20,0.012225003852320776
8770,-0.01807883703627732,0.0,4,10000,[118.6213207296033],[2072.1312392225864],[0.994856704345161],20,0.012225003852320776
8771,-0.019904622896262738,0.0,4,10000,[118.6213207296033],[2072.1312392225864],[0.994856704345161],20,0.012225003852320776
8772,-0.0072856977044602365,0.0,4,10000,[118.6213207296033],[2072.1312392225864],[0.994856704345161],20,0.012225003852320776
8773,0.014936130832923625,0.0,4,10000,[118.6213207296033],[2072.1312392225864],[0.994856704345161],20,0.012225003852320776
8774,0.002956630776571767,0.0,4,10000,[118.6213207296033],[2072.1312392225864],[0.994856704345161],20,0.012225003852320776
8775,0.0015257506364622516,0.0,4,10000,[118.6213207296033],[2072.1312392225864],[0.994856704345161],20,0.012225003852320776
8776,-0.0028897501324844426,0.0,4,10000,[118.6213207296033],[2072.1312392225864],[0.994856704345161],20,0.012225003852320776
8777,-0.021305987429564154,0.0,4,10000,[118.6213207296033],[2072.1312392225864],[0.994856704345161],20,0.012225003852320776
8778,0.015559427334737017,0.0,4,10000,[118.6213207296033],[2072.1312392225864],[0.994856704345161],20,0.012225003852320776
8779,0.005963111524204949,0.0,4,10000,[118.6213207296033],[2072.1312392225864],[0.994856704345161],20,0.012225003852320776
8780,0.0041988033127718935,0.0,4,10000,[118.6213207296033],[2072.1312392225864],[0.994856704345161],20,0.012225003852320776
8781,0.003549357666306946,0.0,4,10000,[118.6213207296033],[2072.1312392225864],[0.994856704345161],20,0.012225003852320776
8782,-0.0017568852170302396,0.0,4,10000,[118.6213207296033],[2072.1312392225864],[0.994856704345161],20,0.012225003852320776
8783,0.008106240692659382,0.0,4,10000,[118.6213207296033],[2072.1312392225864],[0.994856704345161],20,0.012225003852320776
8784,0.00997392847940437,0.0,4,10000,[118.6213207296033],[2072.1312392225864],[0.994856704345161],20,0.012225003852320776
8785,0.007098089010063838,0.0,4,10000,[118.6213207296033],[2072.1312392225864],[0.994856704345161],20,0.012225003852320776
8786,0.009049069788903314,0.0,4,10000,[118.6213207296033],[2072.1312392225864],[0.994856704345161],20,0.012225003852320776
8787,0.011993469753972873,0.0,4,10000,[118.6213207296033],[2072.1312392225864],[0.994856704345161],20,0.012225003852320776
8788,0.012393836250802067,0.0,4,10000,[118.6213207296033],[2072.1312392225864],[0.994856704345161],20,0.012225003852320776
8789,0.02448311395543204,0.0,4,10000,[118.6213207296033],[2072.1312392225864],[0.994856704345161],20,0.012225003852320776
8790,-0.010547818824690698,0.0,4,10000,[118.6213207296033],[2072.1312392225864],[0.994856704345161],20,0.012225003852320776
8791,-0.0065305114273202704,0.0,4,10000,[118.6213207296033],[2072.1312392225864],[0.994856704345161],20,0.012225003852320776
8792,0.006572651708176755,0.0,4,10000,[118.6213207296033],[2072.1312392225864],[0.994856704345161],20,0.012225003852320776
8793,-0.003401690492991277,0.0,4,10000,[118.6213207296033],[2072.1312392225864],[0.994856704345161],20,0.012225003852320776
8794,-0.025993253074198627,0.0,4,10000,[118.6213207296033],[2072.1312392225864],[0.994856704345161],20,0.012225003852320776
8795,-0.003717508122390858,0.0,4,10000,[118.6213207296033],[2072.1312392225864],[0.994856704345161],20,0.012225003852320776
8796,-0.004304104357945802,0.0,4,10000,[118.6213207296033],[2072.1312392225864],[0.994856704345161],20,0.012225003852320776
8797,-0.0021011700725935907,0.0,4,10000,[118.6213207296033],[2072.1312392225864],[0.994856704345161],20,0.012225003852320776
8798,-0.01923696324751038,0.0,4,10000,[118.6213207296033],[2072.1312392225864],[0.994856704345161],20,0.012225003852320776
8799,0.008417955854902326,0.0,4,10000,[118.6213207296033],[2072.1312392225864],[0.994856704345161],20,0.012225003852320776
8800,0.004872672939814249,0.0,4,10000,[118.6213207296033],[2072.1312392225864],[0.994856704345161],20,0.012225003852320776
8801,0.01640065283809041,0.0,4,10000,[118.6213207296033],[2072.1312392225864],[0.994856704345161],20,0.012225003852320776
8802,0.013509180504615597,0.0,4,10000,[118.6213207296033],[2072.1312392225864],[0.994856704345161],20,0.012225003852320776
8803,-0.028348873472692767,0.0,4,10000,[118.6213207296033],[2072.1312392225864],[0.994856704345161],20,0.012225003852320776
8804,0.008083084741290039,0.0,4,10000,[118.6213207296033],[2072.1312392225864],[0.994856704345161],20,0.012225003852320776
8805,-0.009753700948162476,0.0,4,10000,[118.6213207296033],[2072.1312392225864],[0.994856704345161],20,0.012225003852320776
8806,-0.0030257316208324447,0.0,4,10000,[118.6213207296033],[2072.1312392225864],[0.994856704345161],20,0.012225003852320776
8807,-0.0046028541846310795,0.0,4,10000,[118.6213207296033],[2072.1312392225864],[0.994856704345161],20,0.012225003852320776
8808,-0.00216315549257401,0.0,4,10000,[118.6213207296033],[2072.1312392225864],[0.994856704345161],20,0.012225003852320776
8809,-0.018427580485379673,0.0,4,10000,[118.6213207296033],[2072.1312392225864],[0.994856704345161],20,0.012225003852320776
8810,0.012315417293958918,0.0,4,10000,[118.6213207296033],[2072.1312392225864],[0.994856704345161],20,0.012225003852320776
8811,0.0029533304572982397,0.0,4,10000,[118.6213207296033],[2072.1312392225864],[0.994856704345161],20,0.012225003852320776
8812,-0.012597498888348563,0.0,4,10000,[118.6213207296033],[2072.1312392225864],[0.994856704345161],20,0.012225003852320776
8813,0.015388597374170197,0.0,4,10000,[118.6213207296033],[2072.1312392225864],[0.994856704345161],20,0.012225003852320776
8814,-0.0007491735485873306,0.0,4,10000,[118.6213207296033],[2072.1312392225864],[0.994856704345161],20,0.012225003852320776
8815,-0.009668744150713539,0.0,4,10000,[118.6213207296033],[2072.1312392225864],[0.994856704345161],20,0.012225003852320776
8816,0.012816283632855429,0.0,4,10000,[118.6213207296033],[2072.1312392225864],[0.994856704345161],20,0.012225003852320776
8817,0.0034732712825304114,0.0,4,10000,[118.6213207296033],[2072.1312392225864],[0.994856704345161],20,0.012225003852320776
8818,-0.0038986960391096987,0.0,4,10000,[118.6213207296033],[2072.1312392225864],[0.994856704345161],20,0.012225003852320776
8819,0.005809256688341083,0.0,4,10000,[118.6213207296033],[2072.1312392225864],[0.994856704345161],20,0.012225003852320776
8820,-0.009977760394243812,0.0,4,10000,[118.6213207296033],[2072.1312392225864],[0.994856704345161],20,0.012225003852320776
8821,0.011150020202233645,0.0,4,10000,[118.6213207296033],[2072.1312392225864],[0.994856704345161],20,0.012225003852320776
8822,0.0015847601469449572,0.0,4,10000,[118.6213207296033],[2072.1312392225864],[0.994856704345161],20,0.012225003852320776
8823,0.007553477909971103,0.0,4,10000,[118.6213207296033],[2072.1312392225864],[0.994856704345161],20,0.012225003852320776
8824,0.009269557142606742,0.0,4,10000,[118.6213207296033],[2072.1312392225864],[0.994856704345161],20,0.012225003852320776
8825,-0.0025746676218314107,0.0,4,10000,[118.6213207296033],[2072.1312392225864],[0.994856704345161],20,0.012225003852320776
8826,-0.00011445603483668297,0.0,4,10000,[118.6213207296033],[2072.1312392225864],[0.994856704345161],20,0.012225003852320776
8827,0.010866651426904869,0.0,4,10000,[118.6213207296033],[2072.1312392225864],[0.994856704345161],20,0.012225003852320776
8828,-0.013964162496334054,0.0,4,10000,[118.6213207296033],[2072.1312392225864],[0.994856704345161],20,0.012225003852320776
8829,0.018418715890211716,0.0,4,10000,[118.6213207296033],[2072.1312392225864],[0.994856704345161],20,0.012225003852320776
8830,-0.007324369642462326,0.0,4,10000,[118.6213207296033],[2072.1312392225864],[0.994856704345161],20,0.012225003852320776
8831,-0.008225441097947905,0.0,4,10000,[118.6213207296033],[2072.1312392225864],[0.994856704345161],20,0.012225003852320776
8832,-0.004195425714217701,0.0,4,10000,[118.6213207296033],[2072.1312392225864],[0.994856704345161],20,0.012225003852320776
8833,-0.0036616241782626343,0.0,4,10000,[118.6213207296033],[2072.1312392225864],[0.994856704345161],20,0.012225003852320776
8834,0.005989635471345046,0.0,4,10000,[118.6213207296033],[2072.1312392225864],[0.994856704345161],20,0.012225003852320776
8835,-0.0010715777353317076,0.0,4,10000,[118.6213207296033],[2072.1312392225864],[0.994856704345161],20,0.012225003852320776
8836,-0.012104086131112518,0.0,4,10000,[118.6213207296033],[2072.1312392225864],[0.994856704345161],20,0.012225003852320776
8837,0.018916359365350566,0.0,4,10000,[118.6213207296033],[2072.1312392225864],[0.994856704345161],20,0.012225003852320776
8838,0.007604633686712932,0.0,4,10000,[118.6213207296033],[2072.1312392225864],[0.994856704345161],20,0.012225003852320776
8839,0.011764357529004161,0.0,4,10000,[118.6213207296033],[2072.1312392225864],[0.994856704345161],20,0.012225003852320776
8840,-0.00871093296675156,0.0,4,10000,[118.6213207296033],[2072.1312392225864],[0.994856704345161],20,0.012225003852320776
8841,-0.016438442525895502,0.0,4,10000,[118.6213207296033],[2072.1312392225864],[0.994856704345161],20,0.012225003852320776
8842,0.005527227527204499,0.0,4,10000,[118.6213207296033],[2072.1312392225864],[0.994856704345161],20,0.012225003852320776
8843,-0.0034476083144611256,0.0,4,10000,[118.6213207296033],[2072.1312392225864],[0.994856704345161],20,0.012225003852320776
8844,0.02487370623438942,0.0,4,10000,[118.6213207296033],[2072.1312392225864],[0.994856704345161],20,0.012225003852320776
8845,-0.013000638679634195,0.0,4,10000,[118.6213207296033],[2072.1312392225864],[0.994856704345161],20,0.012225003852320776
8846,0.0003402571667965485,0.0,4,10000,[118.6213207296033],[2072.1312392225864],[0.994856704345161],20,0.012225003852320776
8847,-0.0035533082082883456,0.0,4,10000,[118.6213207296033],[2072.1312392225864],[0.994856704345161],20,0.012225003852320776
8848,-0.012007811104905355,0.0,4,10000,[118.6213207296033],[2072.1312392225864],[0.994856704345161],20,0.012225003852320776
8849,0.0026848095581212227,0.0,4,10000,[118.6213207296033],[2072.1312392225864],[0.994856704345161],20,0.012225003852320776
8850,-0.009175142603661833,0.0,4,10000,[118.6213207296033],[2072.1312392225864],[0.994856704345161],20,0.012225003852320776
8851,-0.0006461645121652901,0.0,4,10000,[118.6213207296033],[2072.1312392225864],[0.994856704345161],20,0.012225003852320776
8852,-0.012090141698806138,0.0,4,10000,[118.6213207296033],[2072.1312392225864],[0.994856704345161],20,0.012225003852320776
8853,0.005856346338274519,0.0,4,10000,[118.6213207296033],[2072.1312392225864],[0.994856704345161],20,0.012225003852320776
8854,-0.021738615152894474,0.0,4,10000,[118.6213207296033],[2072.1312392225864],[0.994856704345161],20,0.012225003852320776
8855,0.0019374586400283588,0.0,4,10000,[118.6213207296033],[2072.1312392225864],[0.994856704345161],20,0.012225003852320776
8856,0.016015087372786625,0.0,4,10000,[118.6213207296033],[2072.1312392225864],[0.994856704345161],20,0.012225003852320776
8857,0.016767209159575178,0.0,4,10000,[118.6213207296033],[2072.1312392225864],[0.994856704345161],20,0.012225003852320776
8858,-0.013465038819901177,0.0,4,10000,[118.6213207296033],[2072.1312392225864],[0.994856704345161],20,0.012225003852320776
8859,-0.01862859117309227,0.0,4,10000,[118.6213207296033],[2072.1312392225864],[0.994856704345161],20,0.012225003852320776
8860,-0.020394033404503503,0.0,4,10000,[118.6213207296033],[2072.1312392225864],[0.994856704345161],20,0.012225003852320776
8861,-0.008381824494107588,0.0,4,10000,[118.6213207296033],[2072.1312392225864],[0.994856704345161],20,0.012225003852320776
8862,-0.01795741741870461,0.0,4,10000,[118.6213207296033],[2072.1312392225864],[0.994856704345161],20,0.012225003852320776
8863,0.018105659935688412,0.0,4,10000,[118.6213207296033],[2072.1312392225864],[0.994856704345161],20,0.012225003852320776
8864,0.008341739450585719,0.0,4,10000,[118.6213207296033],[2072.1312392225864],[0.994856704345161],20,0.012225003852320776
8865,-0.018550575151445984,0.0,4,10000,[118.6213207296033],[2072.1312392225864],[0.994856704345161],20,0.012225003852320776
8866,0.004247095072607395,0.0,4,10000,[118.6213207296033],[2072.1312392225864],[0.994856704345161],20,0.012225003852320776
8867,-0.012840754843296201,0.0,4,10000,[118.6213207296033],[2072.1312392225864],[0.994856704345161],20,0.012225003852320776
8868,-0.001679336871220698,0.0,4,10000,[118.6213207296033],[2072.1312392225864],[0.994856704345161],20,0.012225003852320776
8869,0.01002867323661981,0.0,4,10000,[118.6213207296033],[2072.1312392225864],[0.994856704345161],20,0.012225003852320776
8870,-0.002437853759900841,0.0,4,10000,[118.6213207296033],[2072.1312392225864],[0.994856704345161],20,0.012225003852320776
8871,-0.016542570251408463,0.0,4,10000,[118.6213207296033],[2072.1312392225864],[0.994856704345161],20,0.012225003852320776
8872,0.002041365970350338,0.0,4,10000,[118.6213207296033],[2072.1312392225864],[0.994856704345161],20,0.012225003852320776
8873,0.01270634754487731,0.0,4,10000,[118.6213207296033],[2072.1312392225864],[0.994856704345161],20,0.012225003852320776
8874,-0.019504427273439144,0.0,4,10000,[118.6213207296033],[2072.1312392225864],[0.994856704345161],20,0.012225003852320776
8875,-0.013149858784776702,0.0,4,10000,[118.6213207296033],[2072.1312392225864],[0.994856704345161],20,0.012225003852320776
8876,0.0034024269512477785,0.0,4,10000,[118.6213207296033],[2072.1312392225864],[0.994856704345161],20,0.012225003852320776
8877,-0.015811128036798912,0.0,4,10000,[118.6213207296033],[2072.1312392225864],[0.994856704345161],20,0.012225003852320776
8878,-0.0033843246337221526,0.0,4,10000,[118.6213207296033],[2072.1312392225864],[0.994856704345161],20,0.012225003852320776
8879,-0.012118424926115135,0.0,4,10000,[118.6213207296033],[2072.1312392225864],[0.994856704345161],20,0.012225003852320776
8880,0.006984273292157641,0.0,4,10000,[118.6213207296033],[2072.1312392225864],[0.994856704345161],20,0.012225003852320776
8881,-0.0281737941588443,0.0,4,10000,[118.6213207296033],[2072.1312392225864],[0.994856704345161],20,0.012225003852320776
8882,0.01571916593932544,0.0,4,10000,[118.6213207296033],[2072.1312392225864],[0.994856704345161],20,0.012225003852320776
8883,0.004905434838346088,0.0,4,10000,[118.6213207296033],[2072.1312392225864],[0.994856704345161],20,0.012225003852320776
8884,-0.01465106184555591,0.0,4,10000,[118.6213207296033],[2072.1312392225864],[0.994856704345161],20,0.012225003852320776
8885,0.004252709336835321,0.0,4,10000,[118.6213207296033],[2072.1312392225864],[0.994856704345161],20,0.012225003852320776
8886,0.014018456116693886,0.0,4,10000,[118.6213207296033],[2072.1312392225864],[0.994856704345161],20,0.012225003852320776
8887,0.0052495330124843415,0.0,4,10000,[118.6213207296033],[2072.1312392225864],[0.994856704345161],20,0.012225003852320776
8888,-0.0017700049823294358,0.0,4,10000,[118.6213207296033],[2072.1312392225864],[0.994856704345161],20,0.012225003852320776
8889,-0.0038948469775875786,0.0,4,10000,[118.6213207296033],[2072.1312392225864],[0.994856704345161],20,0.012225003852320776
8890,-0.003929294147817425,0.0,4,10000,[118.6213207296033],[2072.1312392225864],[0.994856704345161],20,0.012225003852320776
8891,0.0013160584912304738,0.0,4,10000,[118.6213207296033],[2072.1312392225864],[0.994856704345161],20,0.012225003852320776
8892,-0.023861401633567418,0.0,4,10000,[118.6213207296033],[2072.1312392225864],[0.994856704345161],20,0.012225003852320776
8893,0.0038562598656449506,0.0,4,10000,[118.6213207296033],[2072.1312392225864],[0.994856704345161],20,0.012225003852320776
8894,0.008380936172402863,0.0,4,10000,[118.6213207296033],[2072.1312392225864],[0.994856704345161],20,0.012225003852320776
8895,0.003688752487502601,0.0,4,10000,[118.6213207296033],[2072.1312392225864],[0.994856704345161],20,0.012225003852320776
8896,0.007028209874464827,0.0,4,10000,[118.6213207296033],[2072.1312392225864],[0.994856704345161],20,0.012225003852320776
8897,0.004350093376723762,0.0,4,10000,[118.6213207296033],[2072.1312392225864],[0.994856704345161],20,0.012225003852320776
8898,0.0163247155771026,0.0,4,10000,[118.6213207296033],[2072.1312392225864],[0.994856704345161],20,0.012225003852320776
8899,0.0119108669849239,0.0,4,10000,[118.6213207296033],[2072.1312392225864],[0.994856704345161],20,0.012225003852320776
8900,0.013236703720751442,0.0,4,10000,[118.6213207296033],[2072.1312392225864],[0.994856704345161],20,0.012225003852320776
8901,0.010616159934185835,0.0,4,10000,[118.6213207296033],[2072.1312392225864],[0.994856704345161],20,0.012225003852320776
8902,-0.0005790080354875548,0.0,4,10000,[118.6213207296033],[2072.1312392225864],[0.994856704345161],20,0.012225003852320776
8903,0.0033672627431990156,0.0,4,10000,[118.6213207296033],[2072.1312392225864],[0.994856704345161],20,0.012225003852320776
8904,0.0007724231290402366,0.0,4,10000,[118.6213207296033],[2072.1312392225864],[0.994856704345161],20,0.012225003852320776
8905,0.01281352203707172,0.0,4,10000,[118.6213207296033],[2072.1312392225864],[0.994856704345161],20,0.012225003852320776
8906,-0.0151464716420448,0.0,4,10000,[118.6213207296033],[2072.1312392225864],[0.994856704345161],20,0.012225003852320776
8907,-0.0003628400446573668,0.0,4,10000,[118.6213207296033],[2072.1312392225864],[0.994856704345161],20,0.012225003852320776
8908,-0.01508047286835425,0.0,4,10000,[118.6213207296033],[2072.1312392225864],[0.994856704345161],20,0.012225003852320776
8909,0.018061374387579515,0.0,4,10000,[118.6213207296033],[2072.1312392225864],[0.994856704345161],20,0.012225003852320776
8910,0.015063084656889077,0.0,4,10000,[118.6213207296033],[2072.1312392225864],[0.994856704345161],20,0.012225003852320776
8911,-0.0040190819722242845,0.0,4,10000,[118.6213207296033],[2072.1312392225864],[0.994856704345161],20,0.012225003852320776
8912,-0.01396361104351909,0.0,4,10000,[118.6213207296033],[2072.1312392225864],[0.994856704345161],20,0.012225003852320776
8913,0.003984827052558193,0.0,4,10000,[118.6213207296033],[2072.1312392225864],[0.994856704345161],20,0.012225003852320776
8914,-0.0012795909041286421,0.0,4,10000,[118.6213207296033],[2072.1312392225864],[0.994856704345161],20,0.012225003852320776
8915,0.00020072834132357114,0.0,4,10000,[118.6213207296033],[2072.1312392225864],[0.994856704345161],20,0.012225003852320776
8916,-0.0016302172945772244,0.0,4,10000,[118.6213207296033],[2072.1312392225864],[0.994856704345161],20,0.012225003852320776
8917,0.0031579962023762327,0.0,4,10000,[118.6213207296033],[2072.1312392225864],[0.994856704345161],20,0.012225003852320776
8918,0.0027139723870665887,0.0,4,10000,[118.6213207296033],[2072.1312392225864],[0.994856704345161],20,0.012225003852320776
8919,-0.0006422615836520042,0.0,4,10000,[118.6213207296033],[2072.1312392225864],[0.994856704345161],20,0.012225003852320776
8920,0.018803601575529384,0.0,4,10000,[118.6213207296033],[2072.1312392225864],[0.994856704345161],20,0.012225003852320776
8921,0.025435467775933418,0.0,4,10000,[118.6213207296033],[2072.1312392225864],[0.994856704345161],20,0.012225003852320776
8922,0.021439679201752243,0.0,4,10000,[118.6213207296033],[2072.1312392225864],[0.994856704345161],20,0.012225003852320776
8923,-0.01880419192143257,0.0,4,10000,[118.6213207296033],[2072.1312392225864],[0.994856704345161],20,0.012225003852320776
8924,-0.0018630790497256484,0.0,4,10000,[118.6213207296033],[2072.1312392225864],[0.994856704345161],20,0.012225003852320776
8925,0.03761591459727484,0.0,4,10000,[118.6213207296033],[2072.1312392225864],[0.994856704345161],20,0.012225003852320776
8926,-0.004041319535880851,0.0,4,10000,[118.6213207296033],[2072.1312392225864],[0.994856704345161],20,0.012225003852320776
8927,0.014631636751903645,0.0,4,10000,[118.6213207296033],[2072.1312392225864],[0.994856704345161],20,0.012225003852320776
8928,-0.020720514771009287,0.0,4,10000,[118.6213207296033],[2072.1312392225864],[0.994856704345161],20,0.012225003852320776
8929,-0.03187067113751093,0.0,4,10000,[118.6213207296033],[2072.1312392225864],[0.994856704345161],20,0.012225003852320776
8930,0.005391283251445166,0.0,4,10000,[118.6213207296033],[2072.1312392225864],[0.994856704345161],20,0.012225003852320776
8931,0.004156145357118098,0.0,4,10000,[118.6213207296033],[2072.1312392225864],[0.994856704345161],20,0.012225003852320776
8932,-0.0029169577140584118,0.0,4,10000,[118.6213207296033],[2072.1312392225864],[0.994856704345161],20,0.012225003852320776
8933,0.003323992414195155,0.0,4,10000,[118.6213207296033],[2072.1312392225864],[0.994856704345161],20,0.012225003852320776
8934,-0.008469243427106499,0.0,4,10000,[118.6213207296033],[2072.1312392225864],[0.994856704345161],20,0.012225003852320776
8935,0.015236832514030376,0.0,4,10000,[118.6213207296033],[2072.1312392225864],[0.994856704345161],20,0.012225003852320776
8936,-0.006183007380300609,0.0,4,10000,[118.6213207296033],[2072.1312392225864],[0.994856704345161],20,0.012225003852320776
8937,-0.016614047282101037,0.0,4,10000,[118.6213207296033],[2072.1312392225864],[0.994856704345161],20,0.012225003852320776
8938,0.008404605711888447,0.0,4,10000,[118.6213207296033],[2072.1312392225864],[0.994856704345161],20,0.012225003852320776
8939,-0.001807529821760465,0.0,4,10000,[118.6213207296033],[2072.1312392225864],[0.994856704345161],20,0.012225003852320776
8940,-0.012496885183243985,0.0,4,10000,[118.6213207296033],[2072.1312392225864],[0.994856704345161],20,0.012225003852320776
8941,-0.003190581385680651,0.0,4,10000,[118.6213207296033],[2072.1312392225864],[0.994856704345161],20,0.012225003852320776
8942,0.01017284610620327,0.0,4,10000,[118.6213207296033],[2072.1312392225864],[0.994856704345161],20,0.012225003852320776
8943,0.020347969407056212,0.0,4,10000,[118.6213207296033],[2072.1312392225864],[0.994856704345161],20,0.012225003852320776
8944,0.0071123630097446955,0.0,4,10000,[118.6213207296033],[2072.1312392225864],[0.994856704345161],20,0.012225003852320776
8945,-0.020556589665766973,0.0,4,10000,[118.6213207296033],[2072.1312392225864],[0.994856704345161],20,0.012225003852320776
8946,0.0005132868150973067,0.0,4,10000,[118.6213207296033],[2072.1312392225864],[0.994856704345161],20,0.012225003852320776
8947,0.010094770393606716,0.0,4,10000,[118.6213207296033],[2072.1312392225864],[0.994856704345161],20,0.012225003852320776
8948,0.006488683521768072,0.0,4,10000,[118.6213207296033],[2072.1312392225864],[0.994856704345161],20,0.012225003852320776
8949,0.002733755617023138,0.0,4,10000,[118.6213207296033],[2072.1312392225864],[0.994856704345161],20,0.012225003852320776
8950,-0.0050932368775276704,0.0,4,10000,[118.6213207296033],[2072.1312392225864],[0.994856704345161],20,0.012225003852320776
8951,-0.002688541726160466,0.0,4,10000,[118.6213207296033],[2072.1312392225864],[0.994856704345161],20,0.012225003852320776
8952,0.014088618062901443,0.0,4,10000,[118.6213207296033],[2072.1312392225864],[0.994856704345161],20,0.012225003852320776
8953,0.003468867256323229,0.0,4,10000,[118.6213207296033],[2072.1312392225864],[0.994856704345161],20,0.012225003852320776
8954,-0.01210122130700867,0.0,4,10000,[118.6213207296033],[2072.1312392225864],[0.994856704345161],20,0.012225003852320776
8955,0.008963233867713114,0.0,4,10000,[118.6213207296033],[2072.1312392225864],[0.994856704345161],20,0.012225003852320776
8956,-0.006763359927498597,0.0,4,10000,[118.6213207296033],[2072.1312392225864],[0.994856704345161],20,0.012225003852320776
8957,0.010847495485916103,0.0,4,10000,[118.6213207296033],[2072.1312392225864],[0.994856704345161],20,0.012225003852320776
8958,0.00542576591713152,0.0,4,10000,[118.6213207296033],[2072.1312392225864],[0.994856704345161],20,0.012225003852320776
8959,-0.011375483883619131,0.0,4,10000,[118.6213207296033],[2072.1312392225864],[0.994856704345161],20,0.012225003852320776
8960,-0.01716176390124064,0.0,4,10000,[118.6213207296033],[2072.1312392225864],[0.994856704345161],20,0.012225003852320776
8961,0.01234767128302,0.0,4,10000,[118.6213207296033],[2072.1312392225864],[0.994856704345161],20,0.012225003852320776
8962,0.010057830019838433,0.0,4,10000,[118.6213207296033],[2072.1312392225864],[0.994856704345161],20,0.012225003852320776
8963,-0.0036035482184204885,0.0,4,10000,[118.6213207296033],[2072.1312392225864],[0.994856704345161],20,0.012225003852320776
8964,0.01564417651515235,0.0,4,10000,[118.6213207296033],[2072.1312392225864],[0.994856704345161],20,0.012225003852320776
8965,0.012681122640356013,0.0,4,10000,[118.6213207296033],[2072.1312392225864],[0.994856704345161],20,0.012225003852320776
8966,-0.0024985316091040675,0.0,4,10000,[118.6213207296033],[2072.1312392225864],[0.994856704345161],20,0.012225003852320776
8967,-0.016075063598576904,0.0,4,10000,[118.6213207296033],[2072.1312392225864],[0.994856704345161],20,0.012225003852320776
8968,-0.010410487152265212,0.0,4,10000,[118.6213207296033],[2072.1312392225864],[0.994856704345161],20,0.012225003852320776
8969,-0.005259101354150148,0.0,4,10000,[118.6213207296033],[2072.1312392225864],[0.994856704345161],20,0.012225003852320776
8970,0.020511348946434447,0.0,4,10000,[118.6213207296033],[2072.1312392225864],[0.994856704345161],20,0.012225003852320776
8971,-0.006038435953151232,0.0,4,10000,[118.6213207296033],[2072.1312392225864],[0.994856704345161],20,0.012225003852320776
8972,-0.011356740260400724,0.0,4,10000,[118.6213207296033],[2072.1312392225864],[0.994856704345161],20,0.012225003852320776
8973,-0.009237646892158871,0.0,4,10000,[118.6213207296033],[2072.1312392225864],[0.994856704345161],20,0.012225003852320776
8974,0.017700615600920122,0.0,4,10000,[118.6213207296033],[2072.1312392225864],[0.994856704345161],20,0.012225003852320776
8975,-0.0017287871055112636,0.0,4,10000,[118.6213207296033],[2072.1312392225864],[0.994856704345161],20,0.012225003852320776
8976,-0.0018987864777810658,0.0,4,10000,[118.6213207296033],[2072.1312392225864],[0.994856704345161],20,0.012225003852320776
8977,0.0014612131505711613,0.0,4,10000,[118.6213207296033],[2072.1312392225864],[0.994856704345161],20,0.012225003852320776
8978,0.0028121610393065186,0.0,4,10000,[118.6213207296033],[2072.1312392225864],[0.994856704345161],20,0.012225003852320776
8979,0.014666778979911381,0.0,4,10000,[118.6213207296033],[2072.1312392225864],[0.994856704345161],20,0.012225003852320776
8980,0.005765004855466834,0.0,4,10000,[118.6213207296033],[2072.1312392225864],[0.994856704345161],20,0.012225003852320776
8981,0.015600198982692492,0.0,4,10000,[118.6213207296033],[2072.1312392225864],[0.994856704345161],20,0.012225003852320776
8982,-0.006510955183438823,0.0,4,10000,[118.6213207296033],[2072.1312392225864],[0.994856704345161],20,0.012225003852320776
8983,-0.0030118690259628225,0.0,4,10000,[118.6213207296033],[2072.1312392225864],[0.994856704345161],20,0.012225003852320776
8984,-0.013497655835581596,0.0,4,10000,[118.6213207296033],[2072.1312392225864],[0.994856704345161],20,0.012225003852320776
8985,0.004369713895798268,0.0,4,10000,[118.6213207296033],[2072.1312392225864],[0.994856704345161],20,0.012225003852320776
8986,0.009785135386635158,0.0,4,10000,[118.6213207296033],[2072.1312392225864],[0.994856704345161],20,0.012225003852320776
8987,-0.01635974806395159,0.0,4,10000,[118.6213207296033],[2072.1312392225864],[0.994856704345161],20,0.012225003852320776
8988,0.004426144872809625,0.0,4,10000,[118.6213207296033],[2072.1312392225864],[0.994856704345161],20,0.012225003852320776
8989,0.016043655089944264,0.0,4,10000,[118.6213207296033],[2072.1312392225864],[0.994856704345161],20,0.012225003852320776
8990,0.006539800696971805,0.0,4,10000,[118.6213207296033],[2072.1312392225864],[0.994856704345161],20,0.012225003852320776
8991,-0.008215676185143355,0.0,4,10000,[118.6213207296033],[2072.1312392225864],[0.994856704345161],20,0.012225003852320776
8992,0.01584196761486515,0.0,4,10000,[118.6213207296033],[2072.1312392225864],[0.994856704345161],20,0.012225003852320776
8993,-0.010660445741387057,0.0,4,10000,[118.6213207296033],[2072.1312392225864],[0.994856704345161],20,0.012225003852320776
8994,0.023067796650984372,0.0,4,10000,[118.6213207296033],[2072.1312392225864],[0.994856704345161],20,0.012225003852320776
8995,0.004075229868033713,0.0,4,10000,[118.6213207296033],[2072.1312392225864],[0.994856704345161],20,0.012225003852320776
8996,-0.013961579553566238,0.0,4,10000,[118.6213207296033],[2072.1312392225864],[0.994856704345161],20,0.012225003852320776
8997,0.02970719480996995,0.0,4,10000,[118.6213207296033],[2072.1312392225864],[0.994856704345161],20,0.012225003852320776
8998,-0.013262323286710636,0.0,4,10000,[118.6213207296033],[2072.1312392225864],[0.994856704345161],20,0.012225003852320776
8999,0.008048332766170846,0.0,4,10000,[118.6213207296033],[2072.1312392225864],[0.994856704345161],20,0.012225003852320776
9000,0.005449242467425176,0.0,4,10000,[118.6213207296033],[2072.1312392225864],[0.994856704345161],20,0.012225003852320776
9001,0.003085238738332591,0.0,4,10000,[118.6213207296033],[2072.1312392225864],[0.994856704345161],20,0.012225003852320776
9002,0.006497911114907143,0.0,4,10000,[118.6213207296033],[2072.1312392225864],[0.994856704345161],20,0.012225003852320776
9003,0.017632786836193272,0.0,4,10000,[118.6213207296033],[2072.1312392225864],[0.994856704345161],20,0.012225003852320776
9004,0.0013866831258164633,0.0,4,10000,[118.6213207296033],[2072.1312392225864],[0.994856704345161],20,0.012225003852320776
9005,-0.008582979427646631,0.0,4,10000,[118.6213207296033],[2072.1312392225864],[0.994856704345161],20,0.012225003852320776
9006,0.01957693558002179,0.0,4,10000,[118.6213207296033],[2072.1312392225864],[0.994856704345161],20,0.012225003852320776
9007,-0.010122987121282945,0.0,4,10000,[118.6213207296033],[2072.1312392225864],[0.994856704345161],20,0.012225003852320776
9008,-0.007168516835820369,0.0,4,10000,[118.6213207296033],[2072.1312392225864],[0.994856704345161],20,0.012225003852320776
9009,-0.011179060485418864,0.0,4,10000,[118.6213207296033],[2072.1312392225864],[0.994856704345161],20,0.012225003852320776
9010,0.0018548657925606703,0.0,4,10000,[118.6213207296033],[2072.1312392225864],[0.994856704345161],20,0.012225003852320776
9011,0.0018609757301450496,0.0,4,10000,[118.6213207296033],[2072.1312392225864],[0.994856704345161],20,0.012225003852320776
9012,-0.00925914279490558,0.0,4,10000,[118.6213207296033],[2072.1312392225864],[0.994856704345161],20,0.012225003852320776
9013,0.01621272546301463,0.0,4,10000,[118.6213207296033],[2072.1312392225864],[0.994856704345161],20,0.012225003852320776
9014,-0.005227844603911712,0.0,4,10000,[118.6213207296033],[2072.1312392225864],[0.994856704345161],20,0.012225003852320776
9015,-0.0039271223272290285,0.0,4,10000,[118.6213207296033],[2072.1312392225864],[0.994856704345161],20,0.012225003852320776
9016,-0.0004622299785237209,0.0,4,10000,[118.6213207296033],[2072.1312392225864],[0.994856704345161],20,0.012225003852320776
9017,0.007523722990937662,0.0,4,10000,[118.6213207296033],[2072.1312392225864],[0.994856704345161],20,0.012225003852320776
9018,-0.002557530932819507,0.0,4,10000,[118.6213207296033],[2072.1312392225864],[0.994856704345161],20,0.012225003852320776
9019,-0.00728141792116139,0.0,4,10000,[118.6213207296033],[2072.1312392225864],[0.994856704345161],20,0.012225003852320776
9020,-0.016789305671631585,0.0,4,10000,[118.6213207296033],[2072.1312392225864],[0.994856704345161],20,0.012225003852320776
9021,-0.01515721687014292,0.0,4,10000,[118.6213207296033],[2072.1312392225864],[0.994856704345161],20,0.012225003852320776
9022,0.0013726732321312865,0.0,4,10000,[118.6213207296033],[2072.1312392225864],[0.994856704345161],20,0.012225003852320776
9023,-0.016875913267063752,0.0,4,10000,[118.6213207296033],[2072.1312392225864],[0.994856704345161],20,0.012225003852320776
9024,-0.0017459888847692435,0.0,4,10000,[118.6213207296033],[2072.1312392225864],[0.994856704345161],20,0.012225003852320776
9025,0.004169500643297483,0.0,4,10000,[118.6213207296033],[2072.1312392225864],[0.994856704345161],20,0.012225003852320776
9026,0.02042040253363164,0.0,4,10000,[118.6213207296033],[2072.1312392225864],[0.994856704345161],20,0.012225003852320776
9027,0.00621758115683453,0.0,4,10000,[118.6213207296033],[2072.1312392225864],[0.994856704345161],20,0.012225003852320776
9028,0.01309088723606316,0.0,4,10000,[118.6213207296033],[2072.1312392225864],[0.994856704345161],20,0.012225003852320776
9029,-0.004160146899515279,0.0,4,10000,[118.6213207296033],[2072.1312392225864],[0.994856704345161],20,0.012225003852320776
9030,-0.013073131538292286,0.0,4,10000,[118.6213207296033],[2072.1312392225864],[0.994856704345161],20,0.012225003852320776
9031,0.0008321821551802781,0.0,4,10000,[118.6213207296033],[2072.1312392225864],[0.994856704345161],20,0.012225003852320776
9032,0.01729323092270703,0.0,4,10000,[118.6213207296033],[2072.1312392225864],[0.994856704345161],20,0.012225003852320776
9033,-0.0023083096817381665,0.0,4,10000,[118.6213207296033],[2072.1312392225864],[0.994856704345161],20,0.012225003852320776
9034,0.0031340128271083066,0.0,4,10000,[118.6213207296033],[2072.1312392225864],[0.994856704345161],20,0.012225003852320776
9035,-0.006541988606678312,0.0,4,10000,[118.6213207296033],[2072.1312392225864],[0.994856704345161],20,0.012225003852320776
9036,-0.020103809653756702,0.0,4,10000,[118.6213207296033],[2072.1312392225864],[0.994856704345161],20,0.012225003852320776
9037,0.007027557160278154,0.0,4,10000,[118.6213207296033],[2072.1312392225864],[0.994856704345161],20,0.012225003852320776
9038,-0.00022907153515799652,0.0,4,10000,[118.6213207296033],[2072.1312392225864],[0.994856704345161],20,0.012225003852320776
9039,-0.012697079042939676,0.0,4,10000,[118.6213207296033],[2072.1312392225864],[0.994856704345161],20,0.012225003852320776
9040,0.012012190786179574,0.0,4,10000,[118.6213207296033],[2072.1312392225864],[0.994856704345161],20,0.012225003852320776
9041,0.02420754394775311,0.0,4,10000,[118.6213207296033],[2072.1312392225864],[0.994856704345161],20,0.012225003852320776
9042,0.005361443374845965,0.0,4,10000,[118.6213207296033],[2072.1312392225864],[0.994856704345161],20,0.012225003852320776
9043,0.0028473996234122723,0.0,4,10000,[118.6213207296033],[2072.1312392225864],[0.994856704345161],20,0.012225003852320776
9044,-0.014301086356204683,0.0,4,10000,[118.6213207296033],[2072.1312392225864],[0.994856704345161],20,0.012225003852320776
9045,-0.008729701544004693,0.0,4,10000,[118.6213207296033],[2072.1312392225864],[0.994856704345161],20,0.012225003852320776
9046,-0.0021708451438385286,0.0,4,10000,[118.6213207296033],[2072.1312392225864],[0.994856704345161],20,0.012225003852320776
9047,0.022072137947056474,0.0,4,10000,[118.6213207296033],[2072.1312392225864],[0.994856704345161],20,0.012225003852320776
9048,0.0012708559795161635,0.0,4,10000,[118.6213207296033],[2072.1312392225864],[0.994856704345161],20,0.012225003852320776
9049,0.0011356422926910661,0.0,4,10000,[118.6213207296033],[2072.1312392225864],[0.994856704345161],20,0.012225003852320776
9050,0.00987621038192515,0.0,4,10000,[118.6213207296033],[2072.1312392225864],[0.994856704345161],20,0.012225003852320776
9051,0.004354623314463942,0.0,4,10000,[118.6213207296033],[2072.1312392225864],[0.994856704345161],20,0.012225003852320776
9052,0.0005441494911931793,0.0,4,10000,[118.6213207296033],[2072.1312392225864],[0.994856704345161],20,0.012225003852320776
9053,0.0054348783154439815,0.0,4,10000,[118.6213207296033],[2072.1312392225864],[0.994856704345161],20,0.012225003852320776
9054,0.0007927957804232486,0.0,4,10000,[118.6213207296033],[2072.1312392225864],[0.994856704345161],20,0.012225003852320776
9055,-0.013629201977739838,0.0,4,10000,[118.6213207296033],[2072.1312392225864],[0.994856704345161],20,0.012225003852320776
9056,0.019267902456875912,0.0,4,10000,[118.6213207296033],[2072.1312392225864],[0.994856704345161],20,0.012225003852320776
9057,-0.004029287276184172,0.0,4,10000,[118.6213207296033],[2072.1312392225864],[0.994856704345161],20,0.012225003852320776
9058,-0.014541293655337517,0.0,4,10000,[118.6213207296033],[2072.1312392225864],[0.994856704345161],20,0.012225003852320776
9059,-0.002434931529513257,0.0,4,10000,[118.6213207296033],[2072.1312392225864],[0.994856704345161],20,0.012225003852320776
9060,0.0039227768223660565,0.0,4,10000,[118.6213207296033],[2072.1312392225864],[0.994856704345161],20,0.012225003852320776
9061,0.0030017140072781568,0.0,4,10000,[118.6213207296033],[2072.1312392225864],[0.994856704345161],20,0.012225003852320776
9062,0.012100809144463615,0.0,4,10000,[118.6213207296033],[2072.1312392225864],[0.994856704345161],20,0.012225003852320776
9063,-0.015129193675709375,0.0,4,10000,[118.6213207296033],[2072.1312392225864],[0.994856704345161],20,0.012225003852320776
9064,0.0031329413752176085,0.0,4,10000,[118.6213207296033],[2072.1312392225864],[0.994856704345161],20,0.012225003852320776
9065,0.00931957464542314,0.0,4,10000,[118.6213207296033],[2072.1312392225864],[0.994856704345161],20,0.012225003852320776
9066,-0.007596226303077408,0.0,4,10000,[118.6213207296033],[2072.1312392225864],[0.994856704345161],20,0.012225003852320776
9067,-0.0038448298331416777,0.0,4,10000,[118.6213207296033],[2072.1312392225864],[0.994856704345161],20,0.012225003852320776
9068,-0.008622978713248873,0.0,4,10000,[118.6213207296033],[2072.1312392225864],[0.994856704345161],20,0.012225003852320776
9069,-0.019629588807011704,0.0,4,10000,[118.6213207296033],[2072.1312392225864],[0.994856704345161],20,0.012225003852320776
9070,0.021579536775415162,0.0,4,10000,[118.6213207296033],[2072.1312392225864],[0.994856704345161],20,0.012225003852320776
9071,-0.011291689650138334,0.0,4,10000,[118.6213207296033],[2072.1312392225864],[0.994856704345161],20,0.012225003852320776
9072,-0.005141821645734888,0.0,4,10000,[118.6213207296033],[2072.1312392225864],[0.994856704345161],20,0.012225003852320776
9073,0.006884518543136566,0.0,4,10000,[118.6213207296033],[2072.1312392225864],[0.994856704345161],20,0.012225003852320776
9074,0.009350191599600762,0.0,4,10000,[118.6213207296033],[2072.1312392225864],[0.994856704345161],20,0.012225003852320776
9075,0.003959988613578931,0.0,4,10000,[118.6213207296033],[2072.1312392225864],[0.994856704345161],20,0.012225003852320776
9076,-0.018588650027532887,0.0,4,10000,[118.6213207296033],[2072.1312392225864],[0.994856704345161],20,0.012225003852320776
9077,0.0035144379801707397,0.0,4,10000,[118.6213207296033],[2072.1312392225864],[0.994856704345161],20,0.012225003852320776
9078,-0.0037133106549035975,0.0,4,10000,[118.6213207296033],[2072.1312392225864],[0.994856704345161],20,0.012225003852320776
9079,0.005006557559411468,0.0,4,10000,[118.6213207296033],[2072.1312392225864],[0.994856704345161],20,0.012225003852320776
9080,0.0019734611578547086,0.0,4,10000,[118.6213207296033],[2072.1312392225864],[0.994856704345161],20,0.012225003852320776
9081,-0.0067569519272027085,0.0,4,10000,[118.6213207296033],[2072.1312392225864],[0.994856704345161],20,0.012225003852320776
9082,0.013197072661817301,0.0,4,10000,[118.6213207296033],[2072.1312392225864],[0.994856704345161],20,0.012225003852320776
9083,-0.0039183130881031685,0.0,4,10000,[118.6213207296033],[2072.1312392225864],[0.994856704345161],20,0.012225003852320776
9084,-0.02942738745317884,0.0,4,10000,[118.6213207296033],[2072.1312392225864],[0.994856704345161],20,0.012225003852320776
9085,0.00712823760930448,0.0,4,10000,[118.6213207296033],[2072.1312392225864],[0.994856704345161],20,0.012225003852320776
9086,0.000904046958854884,0.0,4,10000,[118.6213207296033],[2072.1312392225864],[0.994856704345161],20,0.012225003852320776
9087,-0.0011605835655985916,0.0,4,10000,[118.6213207296033],[2072.1312392225864],[0.994856704345161],20,0.012225003852320776
9088,-0.027061638110525962,0.0,4,10000,[118.6213207296033],[2072.1312392225864],[0.994856704345161],20,0.012225003852320776
9089,0.00858871891172407,0.0,4,10000,[118.6213207296033],[2072.1312392225864],[0.994856704345161],20,0.012225003852320776
9090,-0.015074485301104217,0.0,4,10000,[118.6213207296033],[2072.1312392225864],[0.994856704345161],20,0.012225003852320776
9091,0.010975329965960434,0.0,4,10000,[118.6213207296033],[2072.1312392225864],[0.994856704345161],20,0.012225003852320776
9092,0.012819988919764536,0.0,4,10000,[118.6213207296033],[2072.1312392225864],[0.994856704345161],20,0.012225003852320776
9093,0.013587394632805375,0.0,4,10000,[118.6213207296033],[2072.1312392225864],[0.994856704345161],20,0.012225003852320776
9094,-0.0009344008926668988,0.0,4,10000,[118.6213207296033],[2072.1312392225864],[0.994856704345161],20,0.012225003852320776
9095,-0.0019284307039539976,0.0,4,10000,[118.6213207296033],[2072.1312392225864],[0.994856704345161],20,0.012225003852320776
9096,0.010177199255992614,0.0,4,10000,[118.6213207296033],[2072.1312392225864],[0.994856704345161],20,0.012225003852320776
9097,0.013008438994848028,0.0,4,10000,[118.6213207296033],[2072.1312392225864],[0.994856704345161],20,0.012225003852320776
9098,0.0067936554094034825,0.0,4,10000,[118.6213207296033],[2072.1312392225864],[0.994856704345161],20,0.012225003852320776
9099,-0.006631241777556819,0.0,4,10000,[118.6213207296033],[2072.1312392225864],[0.994856704345161],20,0.012225003852320776
9100,0.015655025210627945,0.0,4,10000,[118.6213207296033],[2072.1312392225864],[0.994856704345161],20,0.012225003852320776
9101,-0.0026338592214783414,0.0,4,10000,[118.6213207296033],[2072.1312392225864],[0.994856704345161],20,0.012225003852320776
9102,-0.0020128518676130374,0.0,4,10000,[118.6213207296033],[2072.1312392225864],[0.994856704345161],20,0.012225003852320776
9103,-0.005594408899992856,0.0,4,10000,[118.6213207296033],[2072.1312392225864],[0.994856704345161],20,0.012225003852320776
9104,-0.0171001231039597,0.0,4,10000,[118.6213207296033],[2072.1312392225864],[0.994856704345161],20,0.012225003852320776
9105,0.009337614572399199,0.0,4,10000,[118.6213207296033],[2072.1312392225864],[0.994856704345161],20,0.012225003852320776
9106,0.019483525101795386,0.0,4,10000,[118.6213207296033],[2072.1312392225864],[0.994856704345161],20,0.012225003852320776
9107,-0.003671029420240513,0.0,4,10000,[118.6213207296033],[2072.1312392225864],[0.994856704345161],20,0.012225003852320776
9108,-0.004728292784194406,0.0,4,10000,[118.6213207296033],[2072.1312392225864],[0.994856704345161],20,0.012225003852320776
9109,0.011509211759023424,0.0,4,10000,[118.6213207296033],[2072.1312392225864],[0.994856704345161],20,0.012225003852320776
9110,-0.017250915111060677,0.0,4,10000,[118.6213207296033],[2072.1312392225864],[0.994856704345161],20,0.012225003852320776
9111,0.006325866958089908,0.0,4,10000,[118.6213207296033],[2072.1312392225864],[0.994856704345161],20,0.012225003852320776
9112,0.022505519808887767,0.0,4,10000,[118.6213207296033],[2072.1312392225864],[0.994856704345161],20,0.012225003852320776
9113,0.0063331253143999065,0.0,4,10000,[118.6213207296033],[2072.1312392225864],[0.994856704345161],20,0.012225003852320776
9114,-0.005643111047365135,0.0,4,10000,[118.6213207296033],[2072.1312392225864],[0.994856704345161],20,0.012225003852320776
9115,0.020398727451255573,0.0,4,10000,[118.6213207296033],[2072.1312392225864],[0.994856704345161],20,0.012225003852320776
9116,0.007067922380491644,0.0,4,10000,[118.6213207296033],[2072.1312392225864],[0.994856704345161],20,0.012225003852320776
9117,-0.006369588564060965,0.0,4,10000,[118.6213207296033],[2072.1312392225864],[0.994856704345161],20,0.012225003852320776
9118,0.007697268887081785,0.0,4,10000,[118.6213207296033],[2072.1312392225864],[0.994856704345161],20,0.012225003852320776
9119,0.015824728605734424,0.0,4,10000,[118.6213207296033],[2072.1312392225864],[0.994856704345161],20,0.012225003852320776
9120,-0.00896690981127092,0.0,4,10000,[118.6213207296033],[2072.1312392225864],[0.994856704345161],20,0.012225003852320776
9121,-0.019669685003123816,0.0,4,10000,[118.6213207296033],[2072.1312392225864],[0.994856704345161],20,0.012225003852320776
9122,-0.022198707084168712,0.0,4,10000,[118.6213207296033],[2072.1312392225864],[0.994856704345161],20,0.012225003852320776
9123,0.0007905285863446307,0.0,4,10000,[118.6213207296033],[2072.1312392225864],[0.994856704345161],20,0.012225003852320776
9124,-0.008058440890910587,0.0,4,10000,[118.6213207296033],[2072.1312392225864],[0.994856704345161],20,0.012225003852320776
9125,0.015217677046811727,0.0,4,10000,[118.6213207296033],[2072.1312392225864],[0.994856704345161],20,0.012225003852320776
9126,0.007167461189213733,0.0,4,10000,[118.6213207296033],[2072.1312392225864],[0.994856704345161],20,0.012225003852320776
9127,-0.005173823268019405,0.0,4,10000,[118.6213207296033],[2072.1312392225864],[0.994856704345161],20,0.012225003852320776
9128,-0.0013764027086117679,0.0,4,10000,[118.6213207296033],[2072.1312392225864],[0.994856704345161],20,0.012225003852320776
9129,-0.011005316794932173,0.0,4,10000,[118.6213207296033],[2072.1312392225864],[0.994856704345161],20,0.012225003852320776
9130,0.007579950948686554,0.0,4,10000,[118.6213207296033],[2072.1312392225864],[0.994856704345161],20,0.012225003852320776
9131,-0.01213598566263183,0.0,4,10000,[118.6213207296033],[2072.1312392225864],[0.994856704345161],20,0.012225003852320776
9132,0.012254836585925147,0.0,4,10000,[118.6213207296033],[2072.1312392225864],[0.994856704345161],20,0.012225003852320776
9133,-0.007476332019981794,0.0,4,10000,[118.6213207296033],[2072.1312392225864],[0.994856704345161],20,0.012225003852320776
9134,-0.013806948890092772,0.0,4,10000,[118.6213207296033],[2072.1312392225864],[0.994856704345161],20,0.012225003852320776
9135,-0.002790429840575332,0.0,4,10000,[118.6213207296033],[2072.1312392225864],[0.994856704345161],20,0.012225003852320776
9136,-0.0011233619516312296,0.0,4,10000,[118.6213207296033],[2072.1312392225864],[0.994856704345161],20,0.012225003852320776
9137,0.01406860539614948,0.0,4,10000,[118.6213207296033],[2072.1312392225864],[0.994856704345161],20,0.012225003852320776
9138,0.009286461497027202,0.0,4,10000,[118.6213207296033],[2072.1312392225864],[0.994856704345161],20,0.012225003852320776
9139,-0.008395528290832305,0.0,4,10000,[118.6213207296033],[2072.1312392225864],[0.994856704345161],20,0.012225003852320776
9140,-0.001985658564641794,0.0,4,10000,[118.6213207296033],[2072.1312392225864],[0.994856704345161],20,0.012225003852320776
9141,-0.0018711404539420162,0.0,4,10000,[118.6213207296033],[2072.1312392225864],[0.994856704345161],20,0.012225003852320776
9142,0.020609668596682406,0.0,4,10000,[118.6213207296033],[2072.1312392225864],[0.994856704345161],20,0.012225003852320776
9143,-0.006747647487625725,0.0,4,10000,[118.6213207296033],[2072.1312392225864],[0.994856704345161],20,0.012225003852320776
9144,-0.03064409549226486,0.0,4,10000,[118.6213207296033],[2072.1312392225864],[0.994856704345161],20,0.012225003852320776
9145,-0.0009033501714446542,0.0,4,10000,[118.6213207296033],[2072.1312392225864],[0.994856704345161],20,0.012225003852320776
9146,0.0019851635845647268,0.0,4,10000,[118.6213207296033],[2072.1312392225864],[0.994856704345161],20,0.012225003852320776
9147,0.012821341884833975,0.0,4,10000,[118.6213207296033],[2072.1312392225864],[0.994856704345161],20,0.012225003852320776
9148,-0.00017798977331717473,0.0,4,10000,[118.6213207296033],[2072.1312392225864],[0.994856704345161],20,0.012225003852320776
9149,0.01710579326868302,0.0,4,10000,[118.6213207296033],[2072.1312392225864],[0.994856704345161],20,0.012225003852320776
9150,-0.0041692801255182885,0.0,4,10000,[118.6213207296033],[2072.1312392225864],[0.994856704345161],20,0.012225003852320776
9151,-0.005699322029072043,0.0,4,10000,[118.6213207296033],[2072.1312392225864],[0.994856704345161],20,0.012225003852320776
9152,0.008156225109975985,0.0,4,10000,[118.6213207296033],[2072.1312392225864],[0.994856704345161],20,0.012225003852320776
9153,0.0043561967354301895,0.0,4,10000,[118.6213207296033],[2072.1312392225864],[0.994856704345161],20,0.012225003852320776
9154,0.003545522564455015,0.0,4,10000,[118.6213207296033],[2072.1312392225864],[0.994856704345161],20,0.012225003852320776
9155,-0.0009352583005404209,0.0,4,10000,[118.6213207296033],[2072.1312392225864],[0.994856704345161],20,0.012225003852320776
9156,-0.01994897288662108,0.0,4,10000,[118.6213207296033],[2072.1312392225864],[0.994856704345161],20,0.012225003852320776
9157,0.002604388995625279,0.0,4,10000,[118.6213207296033],[2072.1312392225864],[0.994856704345161],20,0.012225003852320776
9158,0.0036301195757583262,0.0,4,10000,[118.6213207296033],[2072.1312392225864],[0.994856704345161],20,0.012225003852320776
9159,-0.006759403411863493,0.0,4,10000,[118.6213207296033],[2072.1312392225864],[0.994856704345161],20,0.012225003852320776
9160,-0.004356648673673374,0.0,4,10000,[118.6213207296033],[2072.1312392225864],[0.994856704345161],20,0.012225003852320776
9161,-0.013066975163846913,0.0,4,10000,[118.6213207296033],[2072.1312392225864],[0.994856704345161],20,0.012225003852320776
9162,-0.0010328471520266573,0.0,4,10000,[118.6213207296033],[2072.1312392225864],[0.994856704345161],20,0.012225003852320776
9163,-0.005998258189472829,0.0,4,10000,[118.6213207296033],[2072.1312392225864],[0.994856704345161],20,0.012225003852320776
9164,-0.00012002538594983915,0.0,4,10000,[118.6213207296033],[2072.1312392225864],[0.994856704345161],20,0.012225003852320776
9165,-0.002975692508612985,0.0,4,10000,[118.6213207296033],[2072.1312392225864],[0.994856704345161],20,0.012225003852320776
9166,-0.01849004106096762,0.0,4,10000,[118.6213207296033],[2072.1312392225864],[0.994856704345161],20,0.012225003852320776
9167,0.009738191790946276,0.0,4,10000,[118.6213207296033],[2072.1312392225864],[0.994856704345161],20,0.012225003852320776
9168,-0.005690465049866031,0.0,4,10000,[118.6213207296033],[2072.1312392225864],[0.994856704345161],20,0.012225003852320776
9169,0.0010544190332475575,0.0,4,10000,[118.6213207296033],[2072.1312392225864],[0.994856704345161],20,0.012225003852320776
9170,-0.017717749846960496,0.0,4,10000,[118.6213207296033],[2072.1312392225864],[0.994856704345161],20,0.012225003852320776
9171,0.002997164096262996,0.0,4,10000,[118.6213207296033],[2072.1312392225864],[0.994856704345161],20,0.012225003852320776
9172,0.005606946999708038,0.0,4,10000,[118.6213207296033],[2072.1312392225864],[0.994856704345161],20,0.012225003852320776
9173,-0.013903180251767814,0.0,4,10000,[118.6213207296033],[2072.1312392225864],[0.994856704345161],20,0.012225003852320776
9174,0.00757642653364524,0.0,4,10000,[118.6213207296033],[2072.1312392225864],[0.994856704345161],20,0.012225003852320776
9175,-0.003502611398680596,0.0,4,10000,[118.6213207296033],[2072.1312392225864],[0.994856704345161],20,0.012225003852320776
9176,0.0009149999146351412,0.0,4,10000,[118.6213207296033],[2072.1312392225864],[0.994856704345161],20,0.012225003852320776
9177,-0.015391832745648704,0.0,4,10000,[118.6213207296033],[2072.1312392225864],[0.994856704345161],20,0.012225003852320776
9178,-0.0020644812338358287,0.0,4,10000,[118.6213207296033],[2072.1312392225864],[0.994856704345161],20,0.012225003852320776
9179,-0.008657948034559153,0.0,4,10000,[118.6213207296033],[2072.1312392225864],[0.994856704345161],20,0.012225003852320776
9180,-0.011672468710593775,0.0,4,10000,[118.6213207296033],[2072.1312392225864],[0.994856704345161],20,0.012225003852320776
9181,-0.001482776046366032,0.0,4,10000,[118.6213207296033],[2072.1312392225864],[0.994856704345161],20,0.012225003852320776
9182,-0.011102298779430092,0.0,4,10000,[118.6213207296033],[2072.1312392225864],[0.994856704345161],20,0.012225003852320776
9183,0.02203041671413873,0.0,4,10000,[118.6213207296033],[2072.1312392225864],[0.994856704345161],20,0.012225003852320776
9184,0.004908119395187844,0.0,4,10000,[118.6213207296033],[2072.1312392225864],[0.994856704345161],20,0.012225003852320776
9185,-0.013952942305835046,0.0,4,10000,[118.6213207296033],[2072.1312392225864],[0.994856704345161],20,0.012225003852320776
9186,-0.024456920468385584,0.0,4,10000,[118.6213207296033],[2072.1312392225864],[0.994856704345161],20,0.012225003852320776
9187,0.009454941939135732,0.0,4,10000,[118.6213207296033],[2072.1312392225864],[0.994856704345161],20,0.012225003852320776
9188,0.008230655894759102,0.0,4,10000,[118.6213207296033],[2072.1312392225864],[0.994856704345161],20,0.012225003852320776
9189,-0.01705464900197715,0.0,4,10000,[118.6213207296033],[2072.1312392225864],[0.994856704345161],20,0.012225003852320776
9190,-0.018947340769688237,0.0,4,10000,[118.6213207296033],[2072.1312392225864],[0.994856704345161],20,0.012225003852320776
9191,-0.00810175488797407,0.0,4,10000,[118.6213207296033],[2072.1312392225864],[0.994856704345161],20,0.012225003852320776
9192,0.006555320515773223,0.0,4,10000,[118.6213207296033],[2072.1312392225864],[0.994856704345161],20,0.012225003852320776
9193,0.015608154394104786,0.0,4,10000,[118.6213207296033],[2072.1312392225864],[0.994856704345161],20,0.012225003852320776
9194,0.013356861570040358,0.0,4,10000,[118.6213207296033],[2072.1312392225864],[0.994856704345161],20,0.012225003852320776
9195,0.005302813916556934,0.0,4,10000,[118.6213207296033],[2072.1312392225864],[0.994856704345161],20,0.012225003852320776
9196,-0.01600195216838427,0.0,4,10000,[118.6213207296033],[2072.1312392225864],[0.994856704345161],20,0.012225003852320776
9197,-0.009180048226512626,0.0,4,10000,[118.6213207296033],[2072.1312392225864],[0.994856704345161],20,0.012225003852320776
9198,0.01596483176895388,0.0,4,10000,[118.6213207296033],[2072.1312392225864],[0.994856704345161],20,0.012225003852320776
9199,0.006848099407960015,0.0,4,10000,[118.6213207296033],[2072.1312392225864],[0.994856704345161],20,0.012225003852320776
9200,0.006461811314099081,0.0,4,10000,[118.6213207296033],[2072.1312392225864],[0.994856704345161],20,0.012225003852320776
9201,-0.00942018532511106,0.0,4,10000,[118.6213207296033],[2072.1312392225864],[0.994856704345161],20,0.012225003852320776
9202,0.0008091436818939201,0.0,4,10000,[118.6213207296033],[2072.1312392225864],[0.994856704345161],20,0.012225003852320776
9203,0.01937677420478971,0.0,4,10000,[118.6213207296033],[2072.1312392225864],[0.994856704345161],20,0.012225003852320776
9204,-0.005986661406159129,0.0,4,10000,[118.6213207296033],[2072.1312392225864],[0.994856704345161],20,0.012225003852320776
9205,0.00820081522566376,0.0,4,10000,[118.6213207296033],[2072.1312392225864],[0.994856704345161],20,0.012225003852320776
9206,-0.031270704832742385,0.0,4,10000,[118.6213207296033],[2072.1312392225864],[0.994856704345161],20,0.012225003852320776
9207,-0.010890637175613139,0.0,4,10000,[118.6213207296033],[2072.1312392225864],[0.994856704345161],20,0.012225003852320776
9208,-0.0026870287244084535,0.0,4,10000,[118.6213207296033],[2072.1312392225864],[0.994856704345161],20,0.012225003852320776
9209,-0.025473059271247468,0.0,4,10000,[118.6213207296033],[2072.1312392225864],[0.994856704345161],20,0.012225003852320776
9210,0.0017719151230001003,0.0,4,10000,[118.6213207296033],[2072.1312392225864],[0.994856704345161],20,0.012225003852320776
9211,0.005046520284789806,0.0,4,10000,[118.6213207296033],[2072.1312392225864],[0.994856704345161],20,0.012225003852320776
9212,0.003469233815952411,0.0,4,10000,[118.6213207296033],[2072.1312392225864],[0.994856704345161],20,0.012225003852320776
9213,0.002205257292112119,0.0,4,10000,[118.6213207296033],[2072.1312392225864],[0.994856704345161],20,0.012225003852320776
9214,0.014459386039267597,0.0,4,10000,[118.6213207296033],[2072.1312392225864],[0.994856704345161],20,0.012225003852320776
9215,0.01177479687313863,0.0,4,10000,[118.6213207296033],[2072.1312392225864],[0.994856704345161],20,0.012225003852320776
9216,-0.017485734652564422,0.0,4,10000,[118.6213207296033],[2072.1312392225864],[0.994856704345161],20,0.012225003852320776
9217,0.001440736509331089,0.0,4,10000,[118.6213207296033],[2072.1312392225864],[0.994856704345161],20,0.012225003852320776
9218,-0.0014949431637318786,0.0,4,10000,[118.6213207296033],[2072.1312392225864],[0.994856704345161],20,0.012225003852320776
9219,7.233579055500687e-05,0.0,4,10000,[118.6213207296033],[2072.1312392225864],[0.994856704345161],20,0.012225003852320776
9220,0.008121595442478683,0.0,4,10000,[118.6213207296033],[2072.1312392225864],[0.994856704345161],20,0.012225003852320776
9221,-0.015681780178721256,0.0,4,10000,[118.6213207296033],[2072.1312392225864],[0.994856704345161],20,0.012225003852320776
9222,0.01284479651319973,0.0,4,10000,[118.6213207296033],[2072.1312392225864],[0.994856704345161],20,0.012225003852320776
9223,-0.00685437734569544,0.0,4,10000,[118.6213207296033],[2072.1312392225864],[0.994856704345161],20,0.012225003852320776
9224,-0.005397176184536526,0.0,4,10000,[118.6213207296033],[2072.1312392225864],[0.994856704345161],20,0.012225003852320776
9225,0.01804339147797506,0.0,4,10000,[118.6213207296033],[2072.1312392225864],[0.994856704345161],20,0.012225003852320776
9226,-0.0009092960529517008,0.0,4,10000,[118.6213207296033],[2072.1312392225864],[0.994856704345161],20,0.012225003852320776
9227,-0.0175053566629374,0.0,4,10000,[118.6213207296033],[2072.1312392225864],[0.994856704345161],20,0.012225003852320776
9228,-0.013565455126530773,0.0,4,10000,[118.6213207296033],[2072.1312392225864],[0.994856704345161],20,0.012225003852320776
9229,-0.004439806966083993,0.0,4,10000,[118.6213207296033],[2072.1312392225864],[0.994856704345161],20,0.012225003852320776
9230,-0.009202671458875222,0.0,4,10000,[118.6213207296033],[2072.1312392225864],[0.994856704345161],20,0.012225003852320776
9231,-0.0015768055378121734,0.0,4,10000,[118.6213207296033],[2072.1312392225864],[0.994856704345161],20,0.012225003852320776
9232,0.00399980233973569,0.0,4,10000,[118.6213207296033],[2072.1312392225864],[0.994856704345161],20,0.012225003852320776
9233,0.005255271007758898,0.0,4,10000,[118.6213207296033],[2072.1312392225864],[0.994856704345161],20,0.012225003852320776
9234,0.004882060480425848,0.0,4,10000,[118.6213207296033],[2072.1312392225864],[0.994856704345161],20,0.012225003852320776
9235,0.014192729527314167,0.0,4,10000,[118.6213207296033],[2072.1312392225864],[0.994856704345161],20,0.012225003852320776
9236,-0.010570015990941936,0.0,4,10000,[118.6213207296033],[2072.1312392225864],[0.994856704345161],20,0.012225003852320776
9237,0.0022993779240333013,0.0,4,10000,[118.6213207296033],[2072.1312392225864],[0.994856704345161],20,0.012225003852320776
9238,-0.0001659343347295087,0.0,4,10000,[118.6213207296033],[2072.1312392225864],[0.994856704345161],20,0.012225003852320776
9239,-0.009540791118353266,0.0,4,10000,[118.6213207296033],[2072.1312392225864],[0.994856704345161],20,0.012225003852320776
9240,-0.0027628563389347637,0.0,4,10000,[118.6213207296033],[2072.1312392225864],[0.994856704345161],20,0.012225003852320776
9241,-0.008673430885258829,0.0,4,10000,[118.6213207296033],[2072.1312392225864],[0.994856704345161],20,0.012225003852320776
9242,0.016880117345188402,0.0,4,10000,[118.6213207296033],[2072.1312392225864],[0.994856704345161],20,0.012225003852320776
9243,-0.021329293883441364,0.0,4,10000,[118.6213207296033],[2072.1312392225864],[0.994856704345161],20,0.012225003852320776
9244,-0.0028579757991197764,0.0,4,10000,[118.6213207296033],[2072.1312392225864],[0.994856704345161],20,0.012225003852320776
9245,0.015756976340272996,0.0,4,10000,[118.6213207296033],[2072.1312392225864],[0.994856704345161],20,0.012225003852320776
9246,-0.016580284250352316,0.0,4,10000,[118.6213207296033],[2072.1312392225864],[0.994856704345161],20,0.012225003852320776
9247,-0.0012157578525457966,0.0,4,10000,[118.6213207296033],[2072.1312392225864],[0.994856704345161],20,0.012225003852320776
9248,-0.003093355126214867,0.0,4,10000,[118.6213207296033],[2072.1312392225864],[0.994856704345161],20,0.012225003852320776
9249,0.003118142140038243,0.0,4,10000,[118.6213207296033],[2072.1312392225864],[0.994856704345161],20,0.012225003852320776
9250,0.0030702741334654826,0.0,4,10000,[118.6213207296033],[2072.1312392225864],[0.994856704345161],20,0.012225003852320776
9251,-0.005721117633277481,0.0,4,10000,[118.6213207296033],[2072.1312392225864],[0.994856704345161],20,0.012225003852320776
9252,0.012965508235006857,0.0,4,10000,[118.6213207296033],[2072.1312392225864],[0.994856704345161],20,0.012225003852320776
9253,-0.012021792134724561,0.0,4,10000,[118.6213207296033],[2072.1312392225864],[0.994856704345161],20,0.012225003852320776
9254,-0.012706906878535467,0.0,4,10000,[118.6213207296033],[2072.1312392225864],[0.994856704345161],20,0.012225003852320776
9255,0.02270786993216906,0.0,4,10000,[118.6213207296033],[2072.1312392225864],[0.994856704345161],20,0.012225003852320776
9256,0.010185303480752984,0.0,4,10000,[118.6213207296033],[2072.1312392225864],[0.994856704345161],20,0.012225003852320776
9257,0.027139110333762165,0.0,4,10000,[118.6213207296033],[2072.1312392225864],[0.994856704345161],20,0.012225003852320776
9258,-0.003167970377650011,0.0,4,10000,[118.6213207296033],[2072.1312392225864],[0.994856704345161],20,0.012225003852320776
9259,0.0036219190746668135,0.0,4,10000,[118.6213207296033],[2072.1312392225864],[0.994856704345161],20,0.012225003852320776
9260,0.004379351985356054,0.0,4,10000,[118.6213207296033],[2072.1312392225864],[0.994856704345161],20,0.012225003852320776
9261,0.010784831068209785,0.0,4,10000,[118.6213207296033],[2072.1312392225864],[0.994856704345161],20,0.012225003852320776
9262,0.0028885198415971635,0.0,4,10000,[118.6213207296033],[2072.1312392225864],[0.994856704345161],20,0.012225003852320776
9263,-0.009133309440408214,0.0,4,10000,[118.6213207296033],[2072.1312392225864],[0.994856704345161],20,0.012225003852320776
9264,0.002836352809104332,0.0,4,10000,[118.6213207296033],[2072.1312392225864],[0.994856704345161],20,0.012225003852320776
9265,-0.016781331708675833,0.0,4,10000,[118.6213207296033],[2072.1312392225864],[0.994856704345161],20,0.012225003852320776
9266,-0.010817184034457042,0.0,4,10000,[118.6213207296033],[2072.1312392225864],[0.994856704345161],20,0.012225003852320776
9267,0.0079151719926114,0.0,4,10000,[118.6213207296033],[2072.1312392225864],[0.994856704345161],20,0.012225003852320776
9268,0.010447982813589603,0.0,4,10000,[118.6213207296033],[2072.1312392225864],[0.994856704345161],20,0.012225003852320776
9269,0.008426551547997124,0.0,4,10000,[118.6213207296033],[2072.1312392225864],[0.994856704345161],20,0.012225003852320776
9270,0.013181229449843382,0.0,4,10000,[118.6213207296033],[2072.1312392225864],[0.994856704345161],20,0.012225003852320776
9271,0.012156874429995608,0.0,4,10000,[118.6213207296033],[2072.1312392225864],[0.994856704345161],20,0.012225003852320776
9272,-0.0055184231744378675,0.0,4,10000,[118.6213207296033],[2072.1312392225864],[0.994856704345161],20,0.012225003852320776
9273,0.007822252160261675,0.0,4,10000,[118.6213207296033],[2072.1312392225864],[0.994856704345161],20,0.012225003852320776
9274,-0.0029887876661145504,0.0,4,10000,[118.6213207296033],[2072.1312392225864],[0.994856704345161],20,0.012225003852320776
9275,0.014767001348123648,0.0,4,10000,[118.6213207296033],[2072.1312392225864],[0.994856704345161],20,0.012225003852320776
9276,-0.014640045934849518,0.0,4,10000,[118.6213207296033],[2072.1312392225864],[0.994856704345161],20,0.012225003852320776
9277,-0.0024033751098970673,0.0,4,10000,[118.6213207296033],[2072.1312392225864],[0.994856704345161],20,0.012225003852320776
9278,-0.006778401529032871,0.0,4,10000,[118.6213207296033],[2072.1312392225864],[0.994856704345161],20,0.012225003852320776
9279,-0.014260227449336001,0.0,4,10000,[118.6213207296033],[2072.1312392225864],[0.994856704345161],20,0.012225003852320776
9280,-0.01307316774459398,0.0,4,10000,[118.6213207296033],[2072.1312392225864],[0.994856704345161],20,0.012225003852320776
9281,0.0019106644823217985,0.0,4,10000,[118.6213207296033],[2072.1312392225864],[0.994856704345161],20,0.012225003852320776
9282,-0.0009259013088873775,0.0,4,10000,[118.6213207296033],[2072.1312392225864],[0.994856704345161],20,0.012225003852320776
9283,0.006282673497676756,0.0,4,10000,[118.6213207296033],[2072.1312392225864],[0.994856704345161],20,0.012225003852320776
9284,-0.002896582329268815,0.0,4,10000,[118.6213207296033],[2072.1312392225864],[0.994856704345161],20,0.012225003852320776
9285,0.004171682602887365,0.0,4,10000,[118.6213207296033],[2072.1312392225864],[0.994856704345161],20,0.012225003852320776
9286,-0.003667204767838469,0.0,4,10000,[118.6213207296033],[2072.1312392225864],[0.994856704345161],20,0.012225003852320776
9287,-0.017151926727882977,0.0,4,10000,[118.6213207296033],[2072.1312392225864],[0.994856704345161],20,0.012225003852320776
9288,0.00460205887246651,0.0,4,10000,[118.6213207296033],[2072.1312392225864],[0.994856704345161],20,0.012225003852320776
9289,0.007359009105073733,0.0,4,10000,[118.6213207296033],[2072.1312392225864],[0.994856704345161],20,0.012225003852320776
9290,-0.01647156367648265,0.0,4,10000,[118.6213207296033],[2072.1312392225864],[0.994856704345161],20,0.012225003852320776
9291,0.04418339658051771,0.0,4,10000,[118.6213207296033],[2072.1312392225864],[0.994856704345161],20,0.012225003852320776
9292,0.01859415449712644,0.0,4,10000,[118.6213207296033],[2072.1312392225864],[0.994856704345161],20,0.012225003852320776
9293,0.013225544368369856,0.0,4,10000,[118.6213207296033],[2072.1312392225864],[0.994856704345161],20,0.012225003852320776
9294,-0.016359410794682862,0.0,4,10000,[118.6213207296033],[2072.1312392225864],[0.994856704345161],20,0.012225003852320776
9295,0.01082418216511334,0.0,4,10000,[118.6213207296033],[2072.1312392225864],[0.994856704345161],20,0.012225003852320776
9296,-0.008259588963729409,0.0,4,10000,[118.6213207296033],[2072.1312392225864],[0.994856704345161],20,0.012225003852320776
9297,-0.005793913694634934,0.0,4,10000,[118.6213207296033],[2072.1312392225864],[0.994856704345161],20,0.012225003852320776
9298,0.005218461556637354,0.0,4,10000,[118.6213207296033],[2072.1312392225864],[0.994856704345161],20,0.012225003852320776
9299,-7.891061205767412e-05,0.0,4,10000,[118.6213207296033],[2072.1312392225864],[0.994856704345161],20,0.012225003852320776
9300,-0.024128183206969932,0.0,4,10000,[118.6213207296033],[2072.1312392225864],[0.994856704345161],20,0.012225003852320776
9301,0.015160585784501933,0.0,4,10000,[118.6213207296033],[2072.1312392225864],[0.994856704345161],20,0.012225003852320776
9302,-0.005646232274439749,0.0,4,10000,[118.6213207296033],[2072.1312392225864],[0.994856704345161],20,0.012225003852320776
9303,0.0030162674619851537,0.0,4,10000,[118.6213207296033],[2072.1312392225864],[0.994856704345161],20,0.012225003852320776
9304,0.0017210786001046641,0.0,4,10000,[118.6213207296033],[2072.1312392225864],[0.994856704345161],20,0.012225003852320776
9305,0.011473638414911606,0.0,4,10000,[118.6213207296033],[2072.1312392225864],[0.994856704345161],20,0.012225003852320776
9306,0.021248816457638913,0.0,4,10000,[118.6213207296033],[2072.1312392225864],[0.994856704345161],20,0.012225003852320776
9307,0.025780233404864156,0.0,4,10000,[118.6213207296033],[2072.1312392225864],[0.994856704345161],20,0.012225003852320776
9308,-0.008796273412934957,0.0,4,10000,[118.6213207296033],[2072.1312392225864],[0.994856704345161],20,0.012225003852320776
9309,0.0072844367508490895,0.0,4,10000,[118.6213207296033],[2072.1312392225864],[0.994856704345161],20,0.012225003852320776
9310,-0.0091872500457146,0.0,4,10000,[118.6213207296033],[2072.1312392225864],[0.994856704345161],20,0.012225003852320776
9311,-0.010160134995901059,0.0,4,10000,[118.6213207296033],[2072.1312392225864],[0.994856704345161],20,0.012225003852320776
9312,0.010809571637256776,0.0,4,10000,[118.6213207296033],[2072.1312392225864],[0.994856704345161],20,0.012225003852320776
9313,-0.00010081189115111982,0.0,4,10000,[118.6213207296033],[2072.1312392225864],[0.994856704345161],20,0.012225003852320776
9314,-0.005342861114105431,0.0,4,10000,[118.6213207296033],[2072.1312392225864],[0.994856704345161],20,0.012225003852320776
9315,0.01667326284587222,0.0,4,10000,[118.6213207296033],[2072.1312392225864],[0.994856704345161],20,0.012225003852320776
9316,0.010546982877859481,0.0,4,10000,[118.6213207296033],[2072.1312392225864],[0.994856704345161],20,0.012225003852320776
9317,0.014307791339078998,0.0,4,10000,[118.6213207296033],[2072.1312392225864],[0.994856704345161],20,0.012225003852320776
9318,0.014683120759526332,0.0,4,10000,[118.6213207296033],[2072.1312392225864],[0.994856704345161],20,0.012225003852320776
9319,0.010530133397489169,0.0,4,10000,[118.6213207296033],[2072.1312392225864],[0.994856704345161],20,0.012225003852320776
9320,-0.0043376200239235475,0.0,4,10000,[118.6213207296033],[2072.1312392225864],[0.994856704345161],20,0.012225003852320776
9321,0.01783629454411799,0.0,4,10000,[118.6213207296033],[2072.1312392225864],[0.994856704345161],20,0.012225003852320776
9322,-0.00806952985907536,0.0,4,10000,[118.6213207296033],[2072.1312392225864],[0.994856704345161],20,0.012225003852320776
9323,0.006143174044279981,0.0,4,10000,[118.6213207296033],[2072.1312392225864],[0.994856704345161],20,0.012225003852320776
9324,-0.009890781362949111,0.0,4,10000,[118.6213207296033],[2072.1312392225864],[0.994856704345161],20,0.012225003852320776
9325,-0.006552802861505572,0.0,4,10000,[118.6213207296033],[2072.1312392225864],[0.994856704345161],20,0.012225003852320776
9326,0.01072128620889776,0.0,4,10000,[118.6213207296033],[2072.1312392225864],[0.994856704345161],20,0.012225003852320776
9327,-0.008531317385272935,0.0,4,10000,[118.6213207296033],[2072.1312392225864],[0.994856704345161],20,0.012225003852320776
9328,-0.02012794176285084,0.0,4,10000,[118.6213207296033],[2072.1312392225864],[0.994856704345161],20,0.012225003852320776
9329,0.0006242766190974212,0.0,4,10000,[118.6213207296033],[2072.1312392225864],[0.994856704345161],20,0.012225003852320776
9330,-0.010934574860127461,0.0,4,10000,[118.6213207296033],[2072.1312392225864],[0.994856704345161],20,0.012225003852320776
9331,-0.026022396645194252,0.0,4,10000,[118.6213207296033],[2072.1312392225864],[0.994856704345161],20,0.012225003852320776
9332,-0.007406838715838584,0.0,4,10000,[118.6213207296033],[2072.1312392225864],[0.994856704345161],20,0.012225003852320776
9333,0.006341659496454863,0.0,4,10000,[118.6213207296033],[2072.1312392225864],[0.994856704345161],20,0.012225003852320776
9334,0.004439679897307859,0.0,4,10000,[118.6213207296033],[2072.1312392225864],[0.994856704345161],20,0.012225003852320776
9335,0.01877135153716005,0.0,4,10000,[118.6213207296033],[2072.1312392225864],[0.994856704345161],20,0.012225003852320776
9336,0.003704147804089902,0.0,4,10000,[118.6213207296033],[2072.1312392225864],[0.994856704345161],20,0.012225003852320776
9337,-0.004251596605497612,0.0,4,10000,[118.6213207296033],[2072.1312392225864],[0.994856704345161],20,0.012225003852320776
9338,-0.011004663144326616,0.0,4,10000,[118.6213207296033],[2072.1312392225864],[0.994856704345161],20,0.012225003852320776
9339,-0.0027121355801720468,0.0,4,10000,[118.6213207296033],[2072.1312392225864],[0.994856704345161],20,0.012225003852320776
9340,0.027669653162958358,0.0,4,10000,[118.6213207296033],[2072.1312392225864],[0.994856704345161],20,0.012225003852320776
9341,-0.00045916830006601075,0.0,4,10000,[118.6213207296033],[2072.1312392225864],[0.994856704345161],20,0.012225003852320776
9342,0.0027512766561153174,0.0,4,10000,[118.6213207296033],[2072.1312392225864],[0.994856704345161],20,0.012225003852320776
9343,0.0005505046742639348,0.0,4,10000,[118.6213207296033],[2072.1312392225864],[0.994856704345161],20,0.012225003852320776
9344,0.008454386602646979,0.0,4,10000,[118.6213207296033],[2072.1312392225864],[0.994856704345161],20,0.012225003852320776
9345,-0.005356357838818039,0.0,4,10000,[118.6213207296033],[2072.1312392225864],[0.994856704345161],20,0.012225003852320776
9346,0.01093778510517664,0.0,4,10000,[118.6213207296033],[2072.1312392225864],[0.994856704345161],20,0.012225003852320776
9347,0.002683191383361581,0.0,4,10000,[118.6213207296033],[2072.1312392225864],[0.994856704345161],20,0.012225003852320776
9348,0.029835020196103266,0.0,4,10000,[118.6213207296033],[2072.1312392225864],[0.994856704345161],20,0.012225003852320776
9349,0.0077571822856089155,0.0,4,10000,[118.6213207296033],[2072.1312392225864],[0.994856704345161],20,0.012225003852320776
9350,0.02122874488228791,0.0,4,10000,[118.6213207296033],[2072.1312392225864],[0.994856704345161],20,0.012225003852320776
9351,0.0021928827561743087,0.0,4,10000,[118.6213207296033],[2072.1312392225864],[0.994856704345161],20,0.012225003852320776
9352,-0.01517905334695554,0.0,4,10000,[118.6213207296033],[2072.1312392225864],[0.994856704345161],20,0.012225003852320776
9353,-0.03024976798184802,0.0,4,10000,[118.6213207296033],[2072.1312392225864],[0.994856704345161],20,0.012225003852320776
9354,-0.007266060267414792,0.0,4,10000,[118.6213207296033],[2072.1312392225864],[0.994856704345161],20,0.012225003852320776
9355,0.0014095343741597074,0.0,4,10000,[118.6213207296033],[2072.1312392225864],[0.994856704345161],20,0.012225003852320776
9356,-0.0020262856594758386,0.0,4,10000,[118.6213207296033],[2072.1312392225864],[0.994856704345161],20,0.012225003852320776
9357,-0.008013306160325584,0.0,4,10000,[118.6213207296033],[2072.1312392225864],[0.994856704345161],20,0.012225003852320776
9358,0.009487210449460744,0.0,4,10000,[118.6213207296033],[2072.1312392225864],[0.994856704345161],20,0.012225003852320776
9359,0.005487646859817053,0.0,4,10000,[118.6213207296033],[2072.1312392225864],[0.994856704345161],20,0.012225003852320776
9360,-0.008321302445070964,0.0,4,10000,[118.6213207296033],[2072.1312392225864],[0.994856704345161],20,0.012225003852320776
9361,0.003988926991372175,0.0,4,10000,[118.6213207296033],[2072.1312392225864],[0.994856704345161],20,0.012225003852320776
9362,-0.0025664639290852317,0.0,4,10000,[118.6213207296033],[2072.1312392225864],[0.994856704345161],20,0.012225003852320776
9363,-0.011612142457476623,0.0,4,10000,[118.6213207296033],[2072.1312392225864],[0.994856704345161],20,0.012225003852320776
9364,0.0053291669809525525,0.0,4,10000,[118.6213207296033],[2072.1312392225864],[0.994856704345161],20,0.012225003852320776
9365,0.005918646832252134,0.0,4,10000,[118.6213207296033],[2072.1312392225864],[0.994856704345161],20,0.012225003852320776
9366,0.011474012548469387,0.0,4,10000,[118.6213207296033],[2072.1312392225864],[0.994856704345161],20,0.012225003852320776
9367,0.006481500988551071,0.0,4,10000,[118.6213207296033],[2072.1312392225864],[0.994856704345161],20,0.012225003852320776
9368,-0.02487100075389695,0.0,4,10000,[118.6213207296033],[2072.1312392225864],[0.994856704345161],20,0.012225003852320776
9369,0.007601823172941274,0.0,4,10000,[118.6213207296033],[2072.1312392225864],[0.994856704345161],20,0.012225003852320776
9370,-0.0071625644058259,0.0,4,10000,[118.6213207296033],[2072.1312392225864],[0.994856704345161],20,0.012225003852320776
9371,-0.015880267669704247,0.0,4,10000,[118.6213207296033],[2072.1312392225864],[0.994856704345161],20,0.012225003852320776
9372,0.012091821854012622,0.0,4,10000,[118.6213207296033],[2072.1312392225864],[0.994856704345161],20,0.012225003852320776
9373,-0.002938846556301091,0.0,4,10000,[118.6213207296033],[2072.1312392225864],[0.994856704345161],20,0.012225003852320776
9374,0.006271270647040486,0.0,4,10000,[118.6213207296033],[2072.1312392225864],[0.994856704345161],20,0.012225003852320776
9375,-0.006181515817875653,0.0,4,10000,[118.6213207296033],[2072.1312392225864],[0.994856704345161],20,0.012225003852320776
9376,3.028750054339737e-05,0.0,4,10000,[118.6213207296033],[2072.1312392225864],[0.994856704345161],20,0.012225003852320776
9377,0.016728242744420745,0.0,4,10000,[118.6213207296033],[2072.1312392225864],[0.994856704345161],20,0.012225003852320776
9378,-0.009854946923189292,0.0,4,10000,[118.6213207296033],[2072.1312392225864],[0.994856704345161],20,0.012225003852320776
9379,-0.014234556804592357,0.0,4,10000,[118.6213207296033],[2072.1312392225864],[0.994856704345161],20,0.012225003852320776
9380,0.005993364355167848,0.0,4,10000,[118.6213207296033],[2072.1312392225864],[0.994856704345161],20,0.012225003852320776
9381,-0.0321410088899298,0.0,4,10000,[118.6213207296033],[2072.1312392225864],[0.994856704345161],20,0.012225003852320776
9382,-0.020040077408340528,0.0,4,10000,[118.6213207296033],[2072.1312392225864],[0.994856704345161],20,0.012225003852320776
9383,-0.004340400875247343,0.0,4,10000,[118.6213207296033],[2072.1312392225864],[0.994856704345161],20,0.012225003852320776
9384,-0.021691296184606936,0.0,4,10000,[118.6213207296033],[2072.1312392225864],[0.994856704345161],20,0.012225003852320776
9385,-0.0131861701081127,0.0,4,10000,[118.6213207296033],[2072.1312392225864],[0.994856704345161],20,0.012225003852320776
9386,0.004068034586319151,0.0,4,10000,[118.6213207296033],[2072.1312392225864],[0.994856704345161],20,0.012225003852320776
9387,-0.014367559391684605,0.0,4,10000,[118.6213207296033],[2072.1312392225864],[0.994856704345161],20,0.012225003852320776
9388,0.010961054192126026,0.0,4,10000,[118.6213207296033],[2072.1312392225864],[0.994856704345161],20,0.012225003852320776
9389,-0.007025824592808991,0.0,4,10000,[118.6213207296033],[2072.1312392225864],[0.994856704345161],20,0.012225003852320776
9390,0.0004013435925469826,0.0,4,10000,[118.6213207296033],[2072.1312392225864],[0.994856704345161],20,0.012225003852320776
9391,-0.00014730699013284026,0.0,4,10000,[118.6213207296033],[2072.1312392225864],[0.994856704345161],20,0.012225003852320776
9392,0.028126162863250703,0.0,4,10000,[118.6213207296033],[2072.1312392225864],[0.994856704345161],20,0.012225003852320776
9393,-0.001401422591821001,0.0,4,10000,[118.6213207296033],[2072.1312392225864],[0.994856704345161],20,0.012225003852320776
9394,8.487309283544735e-05,0.0,4,10000,[118.6213207296033],[2072.1312392225864],[0.994856704345161],20,0.012225003852320776
9395,0.02057077945546436,0.0,4,10000,[118.6213207296033],[2072.1312392225864],[0.994856704345161],20,0.012225003852320776
9396,-0.022271091276894785,0.0,4,10000,[118.6213207296033],[2072.1312392225864],[0.994856704345161],20,0.012225003852320776
9397,0.013593335361398815,0.0,4,10000,[118.6213207296033],[2072.1312392225864],[0.994856704345161],20,0.012225003852320776
9398,0.0017449344431573746,0.0,4,10000,[118.6213207296033],[2072.1312392225864],[0.994856704345161],20,0.012225003852320776
9399,-0.00037890637908297387,0.0,4,10000,[118.6213207296033],[2072.1312392225864],[0.994856704345161],20,0.012225003852320776
9400,0.01082285242759098,0.0,4,10000,[118.6213207296033],[2072.1312392225864],[0.994856704345161],20,0.012225003852320776
9401,0.01744067156168257,0.0,4,10000,[118.6213207296033],[2072.1312392225864],[0.994856704345161],20,0.012225003852320776
9402,-0.008289912202982091,0.0,4,10000,[118.6213207296033],[2072.1312392225864],[0.994856704345161],20,0.012225003852320776
9403,0.00209666787195628,0.0,4,10000,[118.6213207296033],[2072.1312392225864],[0.994856704345161],20,0.012225003852320776
9404,0.008602242882426074,0.0,4,10000,[118.6213207296033],[2072.1312392225864],[0.994856704345161],20,0.012225003852320776
9405,-0.014632494741665206,0.0,4,10000,[118.6213207296033],[2072.1312392225864],[0.994856704345161],20,0.012225003852320776
9406,-0.01447813330513962,0.0,4,10000,[118.6213207296033],[2072.1312392225864],[0.994856704345161],20,0.012225003852320776
9407,0.00906409008666103,0.0,4,10000,[118.6213207296033],[2072.1312392225864],[0.994856704345161],20,0.012225003852320776
9408,-0.01590163979764097,0.0,4,10000,[118.6213207296033],[2072.1312392225864],[0.994856704345161],20,0.012225003852320776
9409,0.020018261630785048,0.0,4,10000,[118.6213207296033],[2072.1312392225864],[0.994856704345161],20,0.012225003852320776
9410,-0.028411849778428165,0.0,4,10000,[118.6213207296033],[2072.1312392225864],[0.994856704345161],20,0.012225003852320776
9411,0.0002926808730792481,0.0,4,10000,[118.6213207296033],[2072.1312392225864],[0.994856704345161],20,0.012225003852320776
9412,-0.014978933240156669,0.0,4,10000,[118.6213207296033],[2072.1312392225864],[0.994856704345161],20,0.012225003852320776
9413,0.0019741140183100908,0.0,4,10000,[118.6213207296033],[2072.1312392225864],[0.994856704345161],20,0.012225003852320776
9414,0.008772293540265163,0.0,4,10000,[118.6213207296033],[2072.1312392225864],[0.994856704345161],20,0.012225003852320776
9415,-0.01696114838842728,0.0,4,10000,[118.6213207296033],[2072.1312392225864],[0.994856704345161],20,0.012225003852320776
9416,0.004650338274082506,0.0,4,10000,[118.6213207296033],[2072.1312392225864],[0.994856704345161],20,0.012225003852320776
9417,0.0076453638250941714,0.0,4,10000,[118.6213207296033],[2072.1312392225864],[0.994856704345161],20,0.012225003852320776
9418,-0.006576223348638395,0.0,4,10000,[118.6213207296033],[2072.1312392225864],[0.994856704345161],20,0.012225003852320776
9419,0.013904589803063307,0.0,4,10000,[118.6213207296033],[2072.1312392225864],[0.994856704345161],20,0.012225003852320776
9420,0.008840110198462965,0.0,4,10000,[118.6213207296033],[2072.1312392225864],[0.994856704345161],20,0.012225003852320776
9421,0.012594475122070029,0.0,4,10000,[118.6213207296033],[2072.1312392225864],[0.994856704345161],20,0.012225003852320776
9422,0.007375177748602246,0.0,4,10000,[118.6213207296033],[2072.1312392225864],[0.994856704345161],20,0.012225003852320776
9423,-0.018810004362238588,0.0,4,10000,[118.6213207296033],[2072.1312392225864],[0.994856704345161],20,0.012225003852320776
9424,-0.0023832264124843574,0.0,4,10000,[118.6213207296033],[2072.1312392225864],[0.994856704345161],20,0.012225003852320776
9425,-0.007515721085732343,0.0,4,10000,[118.6213207296033],[2072.1312392225864],[0.994856704345161],20,0.012225003852320776
9426,-0.004357302045447961,0.0,4,10000,[118.6213207296033],[2072.1312392225864],[0.994856704345161],20,0.012225003852320776
9427,0.007577823577601309,0.0,4,10000,[118.6213207296033],[2072.1312392225864],[0.994856704345161],20,0.012225003852320776
9428,0.003888870764766063,0.0,4,10000,[118.6213207296033],[2072.1312392225864],[0.994856704345161],20,0.012225003852320776
9429,-0.011081377280149731,0.0,4,10000,[118.6213207296033],[2072.1312392225864],[0.994856704345161],20,0.012225003852320776
9430,0.003297807730493218,0.0,4,10000,[118.6213207296033],[2072.1312392225864],[0.994856704345161],20,0.012225003852320776
9431,0.003111324412479019,0.0,4,10000,[118.6213207296033],[2072.1312392225864],[0.994856704345161],20,0.012225003852320776
9432,0.028559706641979148,0.0,4,10000,[118.6213207296033],[2072.1312392225864],[0.994856704345161],20,0.012225003852320776
9433,-0.005601061596844171,0.0,4,10000,[118.6213207296033],[2072.1312392225864],[0.994856704345161],20,0.012225003852320776
9434,0.0010179900026612504,0.0,4,10000,[118.6213207296033],[2072.1312392225864],[0.994856704345161],20,0.012225003852320776
9435,-0.008477775096528068,0.0,4,10000,[118.6213207296033],[2072.1312392225864],[0.994856704345161],20,0.012225003852320776
9436,0.006749024129379249,0.0,4,10000,[118.6213207296033],[2072.1312392225864],[0.994856704345161],20,0.012225003852320776
9437,0.0020563536903318697,0.0,4,10000,[118.6213207296033],[2072.1312392225864],[0.994856704345161],20,0.012225003852320776
9438,-0.015818605542944786,0.0,4,10000,[118.6213207296033],[2072.1312392225864],[0.994856704345161],20,0.012225003852320776
9439,0.014270896690223378,0.0,4,10000,[118.6213207296033],[2072.1312392225864],[0.994856704345161],20,0.012225003852320776
9440,0.010981610833885722,0.0,4,10000,[118.6213207296033],[2072.1312392225864],[0.994856704345161],20,0.012225003852320776
9441,0.003171667593432584,0.0,4,10000,[118.6213207296033],[2072.1312392225864],[0.994856704345161],20,0.012225003852320776
9442,0.011643798625724474,0.0,4,10000,[118.6213207296033],[2072.1312392225864],[0.994856704345161],20,0.012225003852320776
9443,-0.018856605460187827,0.0,4,10000,[118.6213207296033],[2072.1312392225864],[0.994856704345161],20,0.012225003852320776
9444,-0.001960939172579699,0.0,4,10000,[118.6213207296033],[2072.1312392225864],[0.994856704345161],20,0.012225003852320776
9445,-0.009911681799905621,0.0,4,10000,[118.6213207296033],[2072.1312392225864],[0.994856704345161],20,0.012225003852320776
9446,-0.005099829848491982,0.0,4,10000,[118.6213207296033],[2072.1312392225864],[0.994856704345161],20,0.012225003852320776
9447,-0.005440668091374105,0.0,4,10000,[118.6213207296033],[2072.1312392225864],[0.994856704345161],20,0.012225003852320776
9448,0.011645686522458574,0.0,4,10000,[118.6213207296033],[2072.1312392225864],[0.994856704345161],20,0.012225003852320776
9449,-0.0013699314551141833,0.0,4,10000,[118.6213207296033],[2072.1312392225864],[0.994856704345161],20,0.012225003852320776
9450,-0.012655889135873797,0.0,4,10000,[118.6213207296033],[2072.1312392225864],[0.994856704345161],20,0.012225003852320776
9451,0.014536002413388071,0.0,4,10000,[118.6213207296033],[2072.1312392225864],[0.994856704345161],20,0.012225003852320776
9452,-0.012164392724920484,0.0,4,10000,[118.6213207296033],[2072.1312392225864],[0.994856704345161],20,0.012225003852320776
9453,-0.004605317119052154,0.0,4,10000,[118.6213207296033],[2072.1312392225864],[0.994856704345161],20,0.012225003852320776
9454,0.01288562644533416,0.0,4,10000,[118.6213207296033],[2072.1312392225864],[0.994856704345161],20,0.012225003852320776
9455,0.0067006221385372666,0.0,4,10000,[118.6213207296033],[2072.1312392225864],[0.994856704345161],20,0.012225003852320776
9456,0.012643061864424628,0.0,4,10000,[118.6213207296033],[2072.1312392225864],[0.994856704345161],20,0.012225003852320776
9457,-0.013218267939440864,0.0,4,10000,[118.6213207296033],[2072.1312392225864],[0.994856704345161],20,0.012225003852320776
9458,0.0016244914877092164,0.0,4,10000,[118.6213207296033],[2072.1312392225864],[0.994856704345161],20,0.012225003852320776
9459,-0.011959163994279636,0.0,4,10000,[118.6213207296033],[2072.1312392225864],[0.994856704345161],20,0.012225003852320776
9460,-0.003575189976508072,0.0,4,10000,[118.6213207296033],[2072.1312392225864],[0.994856704345161],20,0.012225003852320776
9461,-0.014003758444348032,0.0,4,10000,[118.6213207296033],[2072.1312392225864],[0.994856704345161],20,0.012225003852320776
9462,-0.0149841879205076,0.0,4,10000,[118.6213207296033],[2072.1312392225864],[0.994856704345161],20,0.012225003852320776
9463,-0.00863685097306344,0.0,4,10000,[118.6213207296033],[2072.1312392225864],[0.994856704345161],20,0.012225003852320776
9464,0.005357888327364283,0.0,4,10000,[118.6213207296033],[2072.1312392225864],[0.994856704345161],20,0.012225003852320776
9465,0.0017168832688656307,0.0,4,10000,[118.6213207296033],[2072.1312392225864],[0.994856704345161],20,0.012225003852320776
9466,0.0038255393150501285,0.0,4,10000,[118.6213207296033],[2072.1312392225864],[0.994856704345161],20,0.012225003852320776
9467,0.011663012530833848,0.0,4,10000,[118.6213207296033],[2072.1312392225864],[0.994856704345161],20,0.012225003852320776
9468,-0.005689913949438687,0.0,4,10000,[118.6213207296033],[2072.1312392225864],[0.994856704345161],20,0.012225003852320776
9469,-0.001978026466334317,0.0,4,10000,[118.6213207296033],[2072.1312392225864],[0.994856704345161],20,0.012225003852320776
9470,0.014274715043919703,0.0,4,10000,[118.6213207296033],[2072.1312392225864],[0.994856704345161],20,0.012225003852320776
9471,0.0039006470328890237,0.0,4,10000,[118.6213207296033],[2072.1312392225864],[0.994856704345161],20,0.012225003852320776
9472,0.002965281459250753,0.0,4,10000,[118.6213207296033],[2072.1312392225864],[0.994856704345161],20,0.012225003852320776
9473,0.0034169343901128886,0.0,4,10000,[118.6213207296033],[2072.1312392225864],[0.994856704345161],20,0.012225003852320776
9474,0.01702701170458401,0.0,4,10000,[118.6213207296033],[2072.1312392225864],[0.994856704345161],20,0.012225003852320776
9475,-0.0019710230794994046,0.0,4,10000,[118.6213207296033],[2072.1312392225864],[0.994856704345161],20,0.012225003852320776
9476,0.0013822455836690446,0.0,4,10000,[118.6213207296033],[2072.1312392225864],[0.994856704345161],20,0.012225003852320776
9477,0.01842428485437163,0.0,4,10000,[118.6213207296033],[2072.1312392225864],[0.994856704345161],20,0.012225003852320776
9478,-0.0057684633044992875,0.0,4,10000,[118.6213207296033],[2072.1312392225864],[0.994856704345161],20,0.012225003852320776
9479,-0.014675750578209471,0.0,4,10000,[118.6213207296033],[2072.1312392225864],[0.994856704345161],20,0.012225003852320776
9480,0.00677381799795745,0.0,4,10000,[118.6213207296033],[2072.1312392225864],[0.994856704345161],20,0.012225003852320776
9481,-0.012547552182686784,0.0,4,10000,[118.6213207296033],[2072.1312392225864],[0.994856704345161],20,0.012225003852320776
9482,0.0022528401330612073,0.0,4,10000,[118.6213207296033],[2072.1312392225864],[0.994856704345161],20,0.012225003852320776
9483,-0.013161224800959747,0.0,4,10000,[118.6213207296033],[2072.1312392225864],[0.994856704345161],20,0.012225003852320776
9484,-0.015810196788415058,0.0,4,10000,[118.6213207296033],[2072.1312392225864],[0.994856704345161],20,0.012225003852320776
9485,-0.002794436747268533,0.0,4,10000,[118.6213207296033],[2072.1312392225864],[0.994856704345161],20,0.012225003852320776
9486,-0.016383494681044483,0.0,4,10000,[118.6213207296033],[2072.1312392225864],[0.994856704345161],20,0.012225003852320776
9487,-0.021760428176124516,0.0,4,10000,[118.6213207296033],[2072.1312392225864],[0.994856704345161],20,0.012225003852320776
9488,-0.011783444507127679,0.0,4,10000,[118.6213207296033],[2072.1312392225864],[0.994856704345161],20,0.012225003852320776
9489,-0.016518035924366126,0.0,4,10000,[118.6213207296033],[2072.1312392225864],[0.994856704345161],20,0.012225003852320776
9490,0.011982891749455042,0.0,4,10000,[118.6213207296033],[2072.1312392225864],[0.994856704345161],20,0.012225003852320776
9491,-0.0006009718133308647,0.0,4,10000,[118.6213207296033],[2072.1312392225864],[0.994856704345161],20,0.012225003852320776
9492,-0.010645460624351386,0.0,4,10000,[118.6213207296033],[2072.1312392225864],[0.994856704345161],20,0.012225003852320776
9493,0.0002738158413525866,0.0,4,10000,[118.6213207296033],[2072.1312392225864],[0.994856704345161],20,0.012225003852320776
9494,-0.0032752011055326236,0.0,4,10000,[118.6213207296033],[2072.1312392225864],[0.994856704345161],20,0.012225003852320776
9495,0.0070534344080830395,0.0,4,10000,[118.6213207296033],[2072.1312392225864],[0.994856704345161],20,0.012225003852320776
9496,-0.028435522578360684,0.0,4,10000,[118.6213207296033],[2072.1312392225864],[0.994856704345161],20,0.012225003852320776
9497,0.01275419806400067,0.0,4,10000,[118.6213207296033],[2072.1312392225864],[0.994856704345161],20,0.012225003852320776
9498,-0.005411701087487724,0.0,4,10000,[118.6213207296033],[2072.1312392225864],[0.994856704345161],20,0.012225003852320776
9499,-0.006215257319777863,0.0,4,10000,[118.6213207296033],[2072.1312392225864],[0.994856704345161],20,0.012225003852320776
9500,-0.007367203507233452,0.0,4,10000,[118.6213207296033],[2072.1312392225864],[0.994856704345161],20,0.012225003852320776
9501,-0.02905855151116238,0.0,4,10000,[118.6213207296033],[2072.1312392225864],[0.994856704345161],20,0.012225003852320776
9502,-0.006808092972761929,0.0,4,10000,[118.6213207296033],[2072.1312392225864],[0.994856704345161],20,0.012225003852320776
9503,-0.0034218849471935025,0.0,4,10000,[118.6213207296033],[2072.1312392225864],[0.994856704345161],20,0.012225003852320776
9504,0.006031802049925628,0.0,4,10000,[118.6213207296033],[2072.1312392225864],[0.994856704345161],20,0.012225003852320776
9505,-0.020886295232951713,0.0,4,10000,[118.6213207296033],[2072.1312392225864],[0.994856704345161],20,0.012225003852320776
9506,-0.0048733778030332214,0.0,4,10000,[118.6213207296033],[2072.1312392225864],[0.994856704345161],20,0.012225003852320776
9507,0.003458140727209878,0.0,4,10000,[118.6213207296033],[2072.1312392225864],[0.994856704345161],20,0.012225003852320776
9508,0.01619331935306859,0.0,4,10000,[118.6213207296033],[2072.1312392225864],[0.994856704345161],20,0.012225003852320776
9509,0.013871779648364215,0.0,4,10000,[118.6213207296033],[2072.1312392225864],[0.994856704345161],20,0.012225003852320776
9510,-0.0028317864394786993,0.0,4,10000,[118.6213207296033],[2072.1312392225864],[0.994856704345161],20,0.012225003852320776
9511,0.013546453317110387,0.0,4,10000,[118.6213207296033],[2072.1312392225864],[0.994856704345161],20,0.012225003852320776
9512,-0.002873633253381948,0.0,4,10000,[118.6213207296033],[2072.1312392225864],[0.994856704345161],20,0.012225003852320776
9513,-0.02244539913557539,0.0,4,10000,[118.6213207296033],[2072.1312392225864],[0.994856704345161],20,0.012225003852320776
9514,-0.00947514824741462,0.0,4,10000,[118.6213207296033],[2072.1312392225864],[0.994856704345161],20,0.012225003852320776
9515,-0.009122870624749434,0.0,4,10000,[118.6213207296033],[2072.1312392225864],[0.994856704345161],20,0.012225003852320776
9516,0.005286670517144903,0.0,4,10000,[118.6213207296033],[2072.1312392225864],[0.994856704345161],20,0.012225003852320776
9517,0.029313772885832243,0.0,4,10000,[118.6213207296033],[2072.1312392225864],[0.994856704345161],20,0.012225003852320776
9518,0.01459261450212106,0.0,4,10000,[118.6213207296033],[2072.1312392225864],[0.994856704345161],20,0.012225003852320776
9519,0.013414884537635143,0.0,4,10000,[118.6213207296033],[2072.1312392225864],[0.994856704345161],20,0.012225003852320776
9520,0.004787519497480831,0.0,4,10000,[118.6213207296033],[2072.1312392225864],[0.994856704345161],20,0.012225003852320776
9521,-0.000649161195852602,0.0,4,10000,[118.6213207296033],[2072.1312392225864],[0.994856704345161],20,0.012225003852320776
9522,-0.015246881671113911,0.0,4,10000,[118.6213207296033],[2072.1312392225864],[0.994856704345161],20,0.012225003852320776
9523,0.01598311858431526,0.0,4,10000,[118.6213207296033],[2072.1312392225864],[0.994856704345161],20,0.012225003852320776
9524,0.005890578296985464,0.0,4,10000,[118.6213207296033],[2072.1312392225864],[0.994856704345161],20,0.012225003852320776
9525,-0.007901475543109448,0.0,4,10000,[118.6213207296033],[2072.1312392225864],[0.994856704345161],20,0.012225003852320776
9526,-0.000931376609943015,0.0,4,10000,[118.6213207296033],[2072.1312392225864],[0.994856704345161],20,0.012225003852320776
9527,-0.003716426233549128,0.0,4,10000,[118.6213207296033],[2072.1312392225864],[0.994856704345161],20,0.012225003852320776
9528,-0.01443657914084932,0.0,4,10000,[118.6213207296033],[2072.1312392225864],[0.994856704345161],20,0.012225003852320776
9529,0.006808032528672368,0.0,4,10000,[118.6213207296033],[2072.1312392225864],[0.994856704345161],20,0.012225003852320776
9530,-0.005057751381161866,0.0,4,10000,[118.6213207296033],[2072.1312392225864],[0.994856704345161],20,0.012225003852320776
9531,0.00623350352381753,0.0,4,10000,[118.6213207296033],[2072.1312392225864],[0.994856704345161],20,0.012225003852320776
9532,0.0003957720251553161,0.0,4,10000,[118.6213207296033],[2072.1312392225864],[0.994856704345161],20,0.012225003852320776
9533,-0.016607007548204367,0.0,4,10000,[118.6213207296033],[2072.1312392225864],[0.994856704345161],20,0.012225003852320776
9534,-0.0021964751613063192,0.0,4,10000,[118.6213207296033],[2072.1312392225864],[0.994856704345161],20,0.012225003852320776
9535,0.003930886853603099,0.0,4,10000,[118.6213207296033],[2072.1312392225864],[0.994856704345161],20,0.012225003852320776
9536,0.009193127464278524,0.0,4,10000,[118.6213207296033],[2072.1312392225864],[0.994856704345161],20,0.012225003852320776
9537,0.003875829209528019,0.0,4,10000,[118.6213207296033],[2072.1312392225864],[0.994856704345161],20,0.012225003852320776
9538,-0.0010193486598198943,0.0,4,10000,[118.6213207296033],[2072.1312392225864],[0.994856704345161],20,0.012225003852320776
9539,0.012168720321780879,0.0,4,10000,[118.6213207296033],[2072.1312392225864],[0.994856704345161],20,0.012225003852320776
9540,-0.003980436741571141,0.0,4,10000,[118.6213207296033],[2072.1312392225864],[0.994856704345161],20,0.012225003852320776
9541,-0.008544297064251544,0.0,4,10000,[118.6213207296033],[2072.1312392225864],[0.994856704345161],20,0.012225003852320776
9542,-0.008834247212867876,0.0,4,10000,[118.6213207296033],[2072.1312392225864],[0.994856704345161],20,0.012225003852320776
9543,-0.0050388836404148705,0.0,4,10000,[118.6213207296033],[2072.1312392225864],[0.994856704345161],20,0.012225003852320776
9544,-0.024083081792805595,0.0,4,10000,[118.6213207296033],[2072.1312392225864],[0.994856704345161],20,0.012225003852320776
9545,0.0016662407045487553,0.0,4,10000,[118.6213207296033],[2072.1312392225864],[0.994856704345161],20,0.012225003852320776
9546,0.01443785487893607,0.0,4,10000,[118.6213207296033],[2072.1312392225864],[0.994856704345161],20,0.012225003852320776
9547,0.001400057612058484,0.0,4,10000,[118.6213207296033],[2072.1312392225864],[0.994856704345161],20,0.012225003852320776
9548,0.005876093437888138,0.0,4,10000,[118.6213207296033],[2072.1312392225864],[0.994856704345161],20,0.012225003852320776
9549,0.016184689666066593,0.0,4,10000,[118.6213207296033],[2072.1312392225864],[0.994856704345161],20,0.012225003852320776
9550,-0.00362918738110258,0.0,4,10000,[118.6213207296033],[2072.1312392225864],[0.994856704345161],20,0.012225003852320776
9551,-0.01937660277594668,0.0,4,10000,[118.6213207296033],[2072.1312392225864],[0.994856704345161],20,0.012225003852320776
9552,0.00871567002668671,0.0,4,10000,[118.6213207296033],[2072.1312392225864],[0.994856704345161],20,0.012225003852320776
9553,-0.022770136606944685,0.0,4,10000,[118.6213207296033],[2072.1312392225864],[0.994856704345161],20,0.012225003852320776
9554,-0.0234598002850057,0.0,4,10000,[118.6213207296033],[2072.1312392225864],[0.994856704345161],20,0.012225003852320776
9555,0.02196895123429786,0.0,4,10000,[118.6213207296033],[2072.1312392225864],[0.994856704345161],20,0.012225003852320776
9556,0.008077489049477997,0.0,4,10000,[118.6213207296033],[2072.1312392225864],[0.994856704345161],20,0.012225003852320776
9557,0.008279304015760354,0.0,4,10000,[118.6213207296033],[2072.1312392225864],[0.994856704345161],20,0.012225003852320776
9558,0.011283966033941065,0.0,4,10000,[118.6213207296033],[2072.1312392225864],[0.994856704345161],20,0.012225003852320776
9559,0.004212697405263541,0.0,4,10000,[118.6213207296033],[2072.1312392225864],[0.994856704345161],20,0.012225003852320776
9560,0.015918274056334652,0.0,4,10000,[118.6213207296033],[2072.1312392225864],[0.994856704345161],20,0.012225003852320776
9561,0.009341139395813491,0.0,4,10000,[118.6213207296033],[2072.1312392225864],[0.994856704345161],20,0.012225003852320776
9562,0.004049789500777711,0.0,4,10000,[118.6213207296033],[2072.1312392225864],[0.994856704345161],20,0.012225003852320776
9563,-0.014969825702925467,0.0,4,10000,[118.6213207296033],[2072.1312392225864],[0.994856704345161],20,0.012225003852320776
9564,-0.009083423546764667,0.0,4,10000,[118.6213207296033],[2072.1312392225864],[0.994856704345161],20,0.012225003852320776
9565,-0.005885758481472402,0.0,4,10000,[118.6213207296033],[2072.1312392225864],[0.994856704345161],20,0.012225003852320776
9566,0.004494543645093149,0.0,4,10000,[118.6213207296033],[2072.1312392225864],[0.994856704345161],20,0.012225003852320776
9567,-0.024610577377009144,0.0,4,10000,[118.6213207296033],[2072.1312392225864],[0.994856704345161],20,0.012225003852320776
9568,-0.008162936215971276,0.0,4,10000,[118.6213207296033],[2072.1312392225864],[0.994856704345161],20,0.012225003852320776
9569,0.004321729281094174,0.0,4,10000,[118.6213207296033],[2072.1312392225864],[0.994856704345161],20,0.012225003852320776
9570,0.01546481149402021,0.0,4,10000,[118.6213207296033],[2072.1312392225864],[0.994856704345161],20,0.012225003852320776
9571,-0.01595725669012705,0.0,4,10000,[118.6213207296033],[2072.1312392225864],[0.994856704345161],20,0.012225003852320776
9572,-0.0010059844335225175,0.0,4,10000,[118.6213207296033],[2072.1312392225864],[0.994856704345161],20,0.012225003852320776
9573,0.0008256841922830225,0.0,4,10000,[118.6213207296033],[2072.1312392225864],[0.994856704345161],20,0.012225003852320776
9574,0.020268771553844777,0.0,4,10000,[118.6213207296033],[2072.1312392225864],[0.994856704345161],20,0.012225003852320776
9575,-0.0099453722653999,0.0,4,10000,[118.6213207296033],[2072.1312392225864],[0.994856704345161],20,0.012225003852320776
9576,0.011169610007458256,0.0,4,10000,[118.6213207296033],[2072.1312392225864],[0.994856704345161],20,0.012225003852320776
9577,0.009036674953295078,0.0,4,10000,[118.6213207296033],[2072.1312392225864],[0.994856704345161],20,0.012225003852320776
9578,-0.012346420225503134,0.0,4,10000,[118.6213207296033],[2072.1312392225864],[0.994856704345161],20,0.012225003852320776
9579,0.005267456699848472,0.0,4,10000,[118.6213207296033],[2072.1312392225864],[0.994856704345161],20,0.012225003852320776
9580,0.01180624651518879,0.0,4,10000,[118.6213207296033],[2072.1312392225864],[0.994856704345161],20,0.012225003852320776
9581,-0.006198479360844055,0.0,4,10000,[118.6213207296033],[2072.1312392225864],[0.994856704345161],20,0.012225003852320776
9582,0.000803573512662533,0.0,4,10000,[118.6213207296033],[2072.1312392225864],[0.994856704345161],20,0.012225003852320776
9583,0.0007652856704550437,0.0,4,10000,[118.6213207296033],[2072.1312392225864],[0.994856704345161],20,0.012225003852320776
9584,0.014783994593132576,0.0,4,10000,[118.6213207296033],[2072.1312392225864],[0.994856704345161],20,0.012225003852320776
9585,0.006863722726848451,0.0,4,10000,[118.6213207296033],[2072.1312392225864],[0.994856704345161],20,0.012225003852320776
9586,-0.007794719991263976,0.0,4,10000,[118.6213207296033],[2072.1312392225864],[0.994856704345161],20,0.012225003852320776
9587,-0.010115010030664976,0.0,4,10000,[118.6213207296033],[2072.1312392225864],[0.994856704345161],20,0.012225003852320776
9588,-0.011072053616560563,0.0,4,10000,[118.6213207296033],[2072.1312392225864],[0.994856704345161],20,0.012225003852320776
9589,-0.013976027070908888,0.0,4,10000,[118.6213207296033],[2072.1312392225864],[0.994856704345161],20,0.012225003852320776
9590,-0.019084610889373466,0.0,4,10000,[118.6213207296033],[2072.1312392225864],[0.994856704345161],20,0.012225003852320776
9591,-0.0030545483391338927,0.0,4,10000,[118.6213207296033],[2072.1312392225864],[0.994856704345161],20,0.012225003852320776
9592,-0.018224001567957438,0.0,4,10000,[118.6213207296033],[2072.1312392225864],[0.994856704345161],20,0.012225003852320776
9593,-0.002501516217191296,0.0,4,10000,[118.6213207296033],[2072.1312392225864],[0.994856704345161],20,0.012225003852320776
9594,-0.001984023167384246,0.0,4,10000,[118.6213207296033],[2072.1312392225864],[0.994856704345161],20,0.012225003852320776
9595,0.0009168011916743761,0.0,4,10000,[118.6213207296033],[2072.1312392225864],[0.994856704345161],20,0.012225003852320776
9596,0.0020034961736061768,0.0,4,10000,[118.6213207296033],[2072.1312392225864],[0.994856704345161],20,0.012225003852320776
9597,0.006402420631574979,0.0,4,10000,[118.6213207296033],[2072.1312392225864],[0.994856704345161],20,0.012225003852320776
9598,-0.0018230558602589117,0.0,4,10000,[118.6213207296033],[2072.1312392225864],[0.994856704345161],20,0.012225003852320776
9599,-0.00981597686488106,0.0,4,10000,[118.6213207296033],[2072.1312392225864],[0.994856704345161],20,0.012225003852320776
9600,-0.008711788561556695,0.0,4,10000,[118.6213207296033],[2072.1312392225864],[0.994856704345161],20,0.012225003852320776
9601,-0.0019074286771310126,0.0,4,10000,[118.6213207296033],[2072.1312392225864],[0.994856704345161],20,0.012225003852320776
9602,0.004695209751407823,0.0,4,10000,[118.6213207296033],[2072.1312392225864],[0.994856704345161],20,0.012225003852320776
9603,0.021218377131469887,0.0,4,10000,[118.6213207296033],[2072.1312392225864],[0.994856704345161],20,0.012225003852320776
9604,0.028796493418034533,0.0,4,10000,[118.6213207296033],[2072.1312392225864],[0.994856704345161],20,0.012225003852320776
9605,0.0018787655743299253,0.0,4,10000,[118.6213207296033],[2072.1312392225864],[0.994856704345161],20,0.012225003852320776
9606,-0.0071114277248215734,0.0,4,10000,[118.6213207296033],[2072.1312392225864],[0.994856704345161],20,0.012225003852320776
9607,-0.002512017794980423,0.0,4,10000,[118.6213207296033],[2072.1312392225864],[0.994856704345161],20,0.012225003852320776
9608,0.01008389022635947,0.0,4,10000,[118.6213207296033],[2072.1312392225864],[0.994856704345161],20,0.012225003852320776
9609,-0.014431751005888073,0.0,4,10000,[118.6213207296033],[2072.1312392225864],[0.994856704345161],20,0.012225003852320776
9610,0.009837658049704672,0.0,4,10000,[118.6213207296033],[2072.1312392225864],[0.994856704345161],20,0.012225003852320776
9611,-0.006039374341034419,0.0,4,10000,[118.6213207296033],[2072.1312392225864],[0.994856704345161],20,0.012225003852320776
9612,-0.008805192338086687,0.0,4,10000,[118.6213207296033],[2072.1312392225864],[0.994856704345161],20,0.012225003852320776
9613,-0.001683075732355161,0.0,4,10000,[118.6213207296033],[2072.1312392225864],[0.994856704345161],20,0.012225003852320776
9614,-0.0004423486650693842,0.0,4,10000,[118.6213207296033],[2072.1312392225864],[0.994856704345161],20,0.012225003852320776
9615,-0.004699583557389831,0.0,4,10000,[118.6213207296033],[2072.1312392225864],[0.994856704345161],20,0.012225003852320776
9616,-0.007477947235387812,0.0,4,10000,[118.6213207296033],[2072.1312392225864],[0.994856704345161],20,0.012225003852320776
9617,-0.005599457429066294,0.0,4,10000,[118.6213207296033],[2072.1312392225864],[0.994856704345161],20,0.012225003852320776
9618,-0.0010228075169912117,0.0,4,10000,[118.6213207296033],[2072.1312392225864],[0.994856704345161],20,0.012225003852320776
9619,-0.006485391238018691,0.0,4,10000,[118.6213207296033],[2072.1312392225864],[0.994856704345161],20,0.012225003852320776
9620,0.01206003244619385,0.0,4,10000,[118.6213207296033],[2072.1312392225864],[0.994856704345161],20,0.012225003852320776
9621,-0.0019075278343935133,0.0,4,10000,[118.6213207296033],[2072.1312392225864],[0.994856704345161],20,0.012225003852320776
9622,-0.005103261200507307,0.0,4,10000,[118.6213207296033],[2072.1312392225864],[0.994856704345161],20,0.012225003852320776
9623,0.02137935894355273,0.0,4,10000,[118.6213207296033],[2072.1312392225864],[0.994856704345161],20,0.012225003852320776
9624,-0.005126695881438099,0.0,4,10000,[118.6213207296033],[2072.1312392225864],[0.994856704345161],20,0.012225003852320776
9625,-0.004768816944612779,0.0,4,10000,[118.6213207296033],[2072.1312392225864],[0.994856704345161],20,0.012225003852320776
9626,0.012564211024108912,0.0,4,10000,[118.6213207296033],[2072.1312392225864],[0.994856704345161],20,0.012225003852320776
9627,-0.006142258632541704,0.0,4,10000,[118.6213207296033],[2072.1312392225864],[0.994856704345161],20,0.012225003852320776
9628,-0.00023214122223056059,0.0,4,10000,[118.6213207296033],[2072.1312392225864],[0.994856704345161],20,0.012225003852320776
9629,-0.01207626490566967,0.0,4,10000,[118.6213207296033],[2072.1312392225864],[0.994856704345161],20,0.012225003852320776
9630,-0.007255917965221622,0.0,4,10000,[118.6213207296033],[2072.1312392225864],[0.994856704345161],20,0.012225003852320776
9631,-2.464900844027063e-05,0.0,4,10000,[118.6213207296033],[2072.1312392225864],[0.994856704345161],20,0.012225003852320776
9632,-0.010395624031704692,0.0,4,10000,[118.6213207296033],[2072.1312392225864],[0.994856704345161],20,0.012225003852320776
9633,0.01684196607136644,0.0,4,10000,[118.6213207296033],[2072.1312392225864],[0.994856704345161],20,0.012225003852320776
9634,-0.012819606464225313,0.0,4,10000,[118.6213207296033],[2072.1312392225864],[0.994856704345161],20,0.012225003852320776
9635,0.0007813304900800363,0.0,4,10000,[118.6213207296033],[2072.1312392225864],[0.994856704345161],20,0.012225003852320776
9636,-0.005331684544539785,0.0,4,10000,[118.6213207296033],[2072.1312392225864],[0.994856704345161],20,0.012225003852320776
9637,-0.006333340870362676,0.0,4,10000,[118.6213207296033],[2072.1312392225864],[0.994856704345161],20,0.012225003852320776
9638,-0.009081658900828774,0.0,4,10000,[118.6213207296033],[2072.1312392225864],[0.994856704345161],20,0.012225003852320776
9639,0.00196874112420632,0.0,4,10000,[118.6213207296033],[2072.1312392225864],[0.994856704345161],20,0.012225003852320776
9640,-0.0017297747853317156,0.0,4,10000,[118.6213207296033],[2072.1312392225864],[0.994856704345161],20,0.012225003852320776
9641,-0.005884156763946021,0.0,4,10000,[118.6213207296033],[2072.1312392225864],[0.994856704345161],20,0.012225003852320776
9642,-0.004343351354369473,0.0,4,10000,[118.6213207296033],[2072.1312392225864],[0.994856704345161],20,0.012225003852320776
9643,-0.00014565266533955086,0.0,4,10000,[118.6213207296033],[2072.1312392225864],[0.994856704345161],20,0.012225003852320776
9644,-0.004876006531855726,0.0,4,10000,[118.6213207296033],[2072.1312392225864],[0.994856704345161],20,0.012225003852320776
9645,0.0167777410335102,0.0,4,10000,[118.6213207296033],[2072.1312392225864],[0.994856704345161],20,0.012225003852320776
9646,0.004493244369677287,0.0,4,10000,[118.6213207296033],[2072.1312392225864],[0.994856704345161],20,0.012225003852320776
9647,0.0021090118511735,0.0,4,10000,[118.6213207296033],[2072.1312392225864],[0.994856704345161],20,0.012225003852320776
9648,0.005183482420543398,0.0,4,10000,[118.6213207296033],[2072.1312392225864],[0.994856704345161],20,0.012225003852320776
9649,-0.004232806191761327,0.0,4,10000,[118.6213207296033],[2072.1312392225864],[0.994856704345161],20,0.012225003852320776
9650,0.011132083569580113,0.0,4,10000,[118.6213207296033],[2072.1312392225864],[0.994856704345161],20,0.012225003852320776
9651,0.015406707633321403,0.0,4,10000,[118.6213207296033],[2072.1312392225864],[0.994856704345161],20,0.012225003852320776
9652,-0.010120123130282955,0.0,4,10000,[118.6213207296033],[2072.1312392225864],[0.994856704345161],20,0.012225003852320776
9653,-0.010398152386927257,0.0,4,10000,[118.6213207296033],[2072.1312392225864],[0.994856704345161],20,0.012225003852320776
9654,0.00957487340078246,0.0,4,10000,[118.6213207296033],[2072.1312392225864],[0.994856704345161],20,0.012225003852320776
9655,0.016711519877768515,0.0,4,10000,[118.6213207296033],[2072.1312392225864],[0.994856704345161],20,0.012225003852320776
9656,0.016882404672264675,0.0,4,10000,[118.6213207296033],[2072.1312392225864],[0.994856704345161],20,0.012225003852320776
9657,0.012156598864069874,0.0,4,10000,[118.6213207296033],[2072.1312392225864],[0.994856704345161],20,0.012225003852320776
9658,-0.002307068100083721,0.0,4,10000,[118.6213207296033],[2072.1312392225864],[0.994856704345161],20,0.012225003852320776
9659,0.00630188676951728,0.0,4,10000,[118.6213207296033],[2072.1312392225864],[0.994856704345161],20,0.012225003852320776
9660,-0.0014124520909628276,0.0,4,10000,[118.6213207296033],[2072.1312392225864],[0.994856704345161],20,0.012225003852320776
9661,0.0026395073975100133,0.0,4,10000,[118.6213207296033],[2072.1312392225864],[0.994856704345161],20,0.012225003852320776
9662,0.012960875766738005,0.0,4,10000,[118.6213207296033],[2072.1312392225864],[0.994856704345161],20,0.012225003852320776
9663,0.022321622814071438,0.0,4,10000,[118.6213207296033],[2072.1312392225864],[0.994856704345161],20,0.012225003852320776
9664,-0.0012542696088446018,0.0,4,10000,[118.6213207296033],[2072.1312392225864],[0.994856704345161],20,0.012225003852320776
9665,-0.02115415957073672,0.0,4,10000,[118.6213207296033],[2072.1312392225864],[0.994856704345161],20,0.012225003852320776
9666,0.01257082875894318,0.0,4,10000,[118.6213207296033],[2072.1312392225864],[0.994856704345161],20,0.012225003852320776
9667,-0.0037898106663670377,0.0,4,10000,[118.6213207296033],[2072.1312392225864],[0.994856704345161],20,0.012225003852320776
9668,-0.007743478088368949,0.0,4,10000,[118.6213207296033],[2072.1312392225864],[0.994856704345161],20,0.012225003852320776
9669,0.0031947122729129944,0.0,4,10000,[118.6213207296033],[2072.1312392225864],[0.994856704345161],20,0.012225003852320776
9670,-0.018890582466672842,0.0,4,10000,[118.6213207296033],[2072.1312392225864],[0.994856704345161],20,0.012225003852320776
9671,0.017545548255278633,0.0,4,10000,[118.6213207296033],[2072.1312392225864],[0.994856704345161],20,0.012225003852320776
9672,0.003839464856313864,0.0,4,10000,[118.6213207296033],[2072.1312392225864],[0.994856704345161],20,0.012225003852320776
9673,-0.021034853420472923,0.0,4,10000,[118.6213207296033],[2072.1312392225864],[0.994856704345161],20,0.012225003852320776
9674,-0.007501649715231975,0.0,4,10000,[118.6213207296033],[2072.1312392225864],[0.994856704345161],20,0.012225003852320776
9675,-0.02624845879667957,0.0,4,10000,[118.6213207296033],[2072.1312392225864],[0.994856704345161],20,0.012225003852320776
9676,0.010755605610840461,0.0,4,10000,[118.6213207296033],[2072.1312392225864],[0.994856704345161],20,0.012225003852320776
9677,-0.00270865930517237,0.0,4,10000,[118.6213207296033],[2072.1312392225864],[0.994856704345161],20,0.012225003852320776
9678,0.011968391549930598,0.0,4,10000,[118.6213207296033],[2072.1312392225864],[0.994856704345161],20,0.012225003852320776
9679,-0.010168383243897143,0.0,4,10000,[118.6213207296033],[2072.1312392225864],[0.994856704345161],20,0.012225003852320776
9680,0.00909106125968542,0.0,4,10000,[118.6213207296033],[2072.1312392225864],[0.994856704345161],20,0.012225003852320776
9681,0.005146315548037372,0.0,4,10000,[118.6213207296033],[2072.1312392225864],[0.994856704345161],20,0.012225003852320776
9682,-0.003378180228622734,0.0,4,10000,[118.6213207296033],[2072.1312392225864],[0.994856704345161],20,0.012225003852320776
9683,0.008649934107139101,0.0,4,10000,[118.6213207296033],[2072.1312392225864],[0.994856704345161],20,0.012225003852320776
9684,-0.0017550062675917443,0.0,4,10000,[118.6213207296033],[2072.1312392225864],[0.994856704345161],20,0.012225003852320776
9685,-0.005162160828645018,0.0,4,10000,[118.6213207296033],[2072.1312392225864],[0.994856704345161],20,0.012225003852320776
9686,0.009499013547613672,0.0,4,10000,[118.6213207296033],[2072.1312392225864],[0.994856704345161],20,0.012225003852320776
9687,-0.0007969996194003885,0.0,4,10000,[118.6213207296033],[2072.1312392225864],[0.994856704345161],20,0.012225003852320776
9688,0.013582239425101998,0.0,4,10000,[118.6213207296033],[2072.1312392225864],[0.994856704345161],20,0.012225003852320776
9689,-0.02089600708100053,0.0,4,10000,[118.6213207296033],[2072.1312392225864],[0.994856704345161],20,0.012225003852320776
9690,0.004212947330370131,0.0,4,10000,[118.6213207296033],[2072.1312392225864],[0.994856704345161],20,0.012225003852320776
9691,-0.010522518308934073,0.0,4,10000,[118.6213207296033],[2072.1312392225864],[0.994856704345161],20,0.012225003852320776
9692,-0.01765917397732669,0.0,4,10000,[118.6213207296033],[2072.1312392225864],[0.994856704345161],20,0.012225003852320776
9693,0.002925832021868689,0.0,4,10000,[118.6213207296033],[2072.1312392225864],[0.994856704345161],20,0.012225003852320776
9694,-0.013259353804653198,0.0,4,10000,[118.6213207296033],[2072.1312392225864],[0.994856704345161],20,0.012225003852320776
9695,-0.01116039076753336,0.0,4,10000,[118.6213207296033],[2072.1312392225864],[0.994856704345161],20,0.012225003852320776
9696,0.007806425883863264,0.0,4,10000,[118.6213207296033],[2072.1312392225864],[0.994856704345161],20,0.012225003852320776
9697,-0.0005333574709352986,0.0,4,10000,[118.6213207296033],[2072.1312392225864],[0.994856704345161],20,0.012225003852320776
9698,0.0010555291364675928,0.0,4,10000,[118.6213207296033],[2072.1312392225864],[0.994856704345161],20,0.012225003852320776
9699,0.0034643868831504016,0.0,4,10000,[118.6213207296033],[2072.1312392225864],[0.994856704345161],20,0.012225003852320776
9700,0.00628592776422574,0.0,4,10000,[118.6213207296033],[2072.1312392225864],[0.994856704345161],20,0.012225003852320776
9701,0.010902732644206355,0.0,4,10000,[118.6213207296033],[2072.1312392225864],[0.994856704345161],20,0.012225003852320776
9702,-0.0018906906053287138,0.0,4,10000,[118.6213207296033],[2072.1312392225864],[0.994856704345161],20,0.012225003852320776
9703,-0.011566433821866269,0.0,4,10000,[118.6213207296033],[2072.1312392225864],[0.994856704345161],20,0.012225003852320776
9704,-0.010833189159122004,0.0,4,10000,[118.6213207296033],[2072.1312392225864],[0.994856704345161],20,0.012225003852320776
9705,-0.010992815405719666,0.0,4,10000,[118.6213207296033],[2072.1312392225864],[0.994856704345161],20,0.012225003852320776
9706,0.017355293662799566,0.0,4,10000,[118.6213207296033],[2072.1312392225864],[0.994856704345161],20,0.012225003852320776
9707,0.008263813412452546,0.0,4,10000,[118.6213207296033],[2072.1312392225864],[0.994856704345161],20,0.012225003852320776
9708,0.014712091397769373,0.0,4,10000,[118.6213207296033],[2072.1312392225864],[0.994856704345161],20,0.012225003852320776
9709,-0.012550643716230606,0.0,4,10000,[118.6213207296033],[2072.1312392225864],[0.994856704345161],20,0.012225003852320776
9710,0.0003066615903272345,0.0,4,10000,[118.6213207296033],[2072.1312392225864],[0.994856704345161],20,0.012225003852320776
9711,-0.012487080440804887,0.0,4,10000,[118.6213207296033],[2072.1312392225864],[0.994856704345161],20,0.012225003852320776
9712,-0.0062507397228571595,0.0,4,10000,[118.6213207296033],[2072.1312392225864],[0.994856704345161],20,0.012225003852320776
9713,-0.006243253993927967,0.0,4,10000,[118.6213207296033],[2072.1312392225864],[0.994856704345161],20,0.012225003852320776
9714,0.019979324539855296,0.0,4,10000,[118.6213207296033],[2072.1312392225864],[0.994856704345161],20,0.012225003852320776
9715,-0.010613370855969627,0.0,4,10000,[118.6213207296033],[2072.1312392225864],[0.994856704345161],20,0.012225003852320776
9716,0.01568205984876202,0.0,4,10000,[118.6213207296033],[2072.1312392225864],[0.994856704345161],20,0.012225003852320776
9717,0.00012777325234718395,0.0,4,10000,[118.6213207296033],[2072.1312392225864],[0.994856704345161],20,0.012225003852320776
9718,-0.0034281920134497075,0.0,4,10000,[118.6213207296033],[2072.1312392225864],[0.994856704345161],20,0.012225003852320776
9719,0.0016742346151999907,0.0,4,10000,[118.6213207296033],[2072.1312392225864],[0.994856704345161],20,0.012225003852320776
9720,-0.02021053493599987,0.0,4,10000,[118.6213207296033],[2072.1312392225864],[0.994856704345161],20,0.012225003852320776
9721,0.021793309958865557,0.0,4,10000,[118.6213207296033],[2072.1312392225864],[0.994856704345161],20,0.012225003852320776
9722,-0.02048420934170982,0.0,4,10000,[118.6213207296033],[2072.1312392225864],[0.994856704345161],20,0.012225003852320776
9723,-0.017867527967871763,0.0,4,10000,[118.6213207296033],[2072.1312392225864],[0.994856704345161],20,0.012225003852320776
9724,0.005518427795228133,0.0,4,10000,[118.6213207296033],[2072.1312392225864],[0.994856704345161],20,0.012225003852320776
9725,-0.00927740622319489,0.0,4,10000,[118.6213207296033],[2072.1312392225864],[0.994856704345161],20,0.012225003852320776
9726,-0.0012262240324591867,0.0,4,10000,[118.6213207296033],[2072.1312392225864],[0.994856704345161],20,0.012225003852320776
9727,-0.005219364863581171,0.0,4,10000,[118.6213207296033],[2072.1312392225864],[0.994856704345161],20,0.012225003852320776
9728,0.01476062586553458,0.0,4,10000,[118.6213207296033],[2072.1312392225864],[0.994856704345161],20,0.012225003852320776
9729,-0.001965693617958399,0.0,4,10000,[118.6213207296033],[2072.1312392225864],[0.994856704345161],20,0.012225003852320776
9730,-0.0031516541183357265,0.0,4,10000,[118.6213207296033],[2072.1312392225864],[0.994856704345161],20,0.012225003852320776
9731,0.016227199081516774,0.0,4,10000,[118.6213207296033],[2072.1312392225864],[0.994856704345161],20,0.012225003852320776
9732,0.01709851849274496,0.0,4,10000,[118.6213207296033],[2072.1312392225864],[0.994856704345161],20,0.012225003852320776
9733,-0.011501568203682047,0.0,4,10000,[118.6213207296033],[2072.1312392225864],[0.994856704345161],20,0.012225003852320776
9734,0.0320308027367843,0.0,4,10000,[118.6213207296033],[2072.1312392225864],[0.994856704345161],20,0.012225003852320776
9735,-0.01346567129627231,0.0,4,10000,[118.6213207296033],[2072.1312392225864],[0.994856704345161],20,0.012225003852320776
9736,-0.02562610960142486,0.0,4,10000,[118.6213207296033],[2072.1312392225864],[0.994856704345161],20,0.012225003852320776
9737,0.010232863909546553,0.0,4,10000,[118.6213207296033],[2072.1312392225864],[0.994856704345161],20,0.012225003852320776
9738,-0.01615874171762724,0.0,4,10000,[118.6213207296033],[2072.1312392225864],[0.994856704345161],20,0.012225003852320776
9739,0.011818323429864731,0.0,4,10000,[118.6213207296033],[2072.1312392225864],[0.994856704345161],20,0.012225003852320776
9740,-0.023416238865203155,0.0,4,10000,[118.6213207296033],[2072.1312392225864],[0.994856704345161],20,0.012225003852320776
9741,-0.021002819932294827,0.0,4,10000,[118.6213207296033],[2072.1312392225864],[0.994856704345161],20,0.012225003852320776
9742,0.005682694730279315,0.0,4,10000,[118.6213207296033],[2072.1312392225864],[0.994856704345161],20,0.012225003852320776
9743,0.006425688661600117,0.0,4,10000,[118.6213207296033],[2072.1312392225864],[0.994856704345161],20,0.012225003852320776
9744,0.023571439004694317,0.0,4,10000,[118.6213207296033],[2072.1312392225864],[0.994856704345161],20,0.012225003852320776
9745,0.02305209025700729,0.0,4,10000,[118.6213207296033],[2072.1312392225864],[0.994856704345161],20,0.012225003852320776
9746,-0.00393299227768804,0.0,4,10000,[118.6213207296033],[2072.1312392225864],[0.994856704345161],20,0.012225003852320776
9747,0.00323647797644246,0.0,4,10000,[118.6213207296033],[2072.1312392225864],[0.994856704345161],20,0.012225003852320776
9748,0.009261675061245,0.0,4,10000,[118.6213207296033],[2072.1312392225864],[0.994856704345161],20,0.012225003852320776
9749,0.01579221691335656,0.0,4,10000,[118.6213207296033],[2072.1312392225864],[0.994856704345161],20,0.012225003852320776
9750,0.004246312716991026,0.0,4,10000,[118.6213207296033],[2072.1312392225864],[0.994856704345161],20,0.012225003852320776
9751,0.022592214871811716,0.0,4,10000,[118.6213207296033],[2072.1312392225864],[0.994856704345161],20,0.012225003852320776
9752,-0.002734094452813687,0.0,4,10000,[118.6213207296033],[2072.1312392225864],[0.994856704345161],20,0.012225003852320776
9753,-0.01405606796306229,0.0,4,10000,[118.6213207296033],[2072.1312392225864],[0.994856704345161],20,0.012225003852320776
9754,-0.015247499029364123,0.0,4,10000,[118.6213207296033],[2072.1312392225864],[0.994856704345161],20,0.012225003852320776
9755,0.015069033404610977,0.0,4,10000,[118.6213207296033],[2072.1312392225864],[0.994856704345161],20,0.012225003852320776
9756,0.02342669629626677,0.0,4,10000,[118.6213207296033],[2072.1312392225864],[0.994856704345161],20,0.012225003852320776
9757,0.007291253972734339,0.0,4,10000,[118.6213207296033],[2072.1312392225864],[0.994856704345161],20,0.012225003852320776
9758,0.00098981395299105,0.0,4,10000,[118.6213207296033],[2072.1312392225864],[0.994856704345161],20,0.012225003852320776
9759,-0.00937680036296281,0.0,4,10000,[118.6213207296033],[2072.1312392225864],[0.994856704345161],20,0.012225003852320776
9760,0.006294076558850087,0.0,4,10000,[118.6213207296033],[2072.1312392225864],[0.994856704345161],20,0.012225003852320776
9761,0.01776795613043052,0.0,4,10000,[118.6213207296033],[2072.1312392225864],[0.994856704345161],20,0.012225003852320776
9762,0.016161129472383556,0.0,4,10000,[118.6213207296033],[2072.1312392225864],[0.994856704345161],20,0.012225003852320776
9763,-0.027287309399432053,0.0,4,10000,[118.6213207296033],[2072.1312392225864],[0.994856704345161],20,0.012225003852320776
9764,-0.007193184193043157,0.0,4,10000,[118.6213207296033],[2072.1312392225864],[0.994856704345161],20,0.012225003852320776
9765,0.01039271999530852,0.0,4,10000,[118.6213207296033],[2072.1312392225864],[0.994856704345161],20,0.012225003852320776
9766,-0.00829620950066836,0.0,4,10000,[118.6213207296033],[2072.1312392225864],[0.994856704345161],20,0.012225003852320776
9767,0.0016829605494048407,0.0,4,10000,[118.6213207296033],[2072.1312392225864],[0.994856704345161],20,0.012225003852320776
9768,-0.00754561954443557,0.0,4,10000,[118.6213207296033],[2072.1312392225864],[0.994856704345161],20,0.012225003852320776
9769,-0.013512829317349262,0.0,4,10000,[118.6213207296033],[2072.1312392225864],[0.994856704345161],20,0.012225003852320776
9770,-0.009056460570851783,0.0,4,10000,[118.6213207296033],[2072.1312392225864],[0.994856704345161],20,0.012225003852320776
9771,0.0032124619101718795,0.0,4,10000,[118.6213207296033],[2072.1312392225864],[0.994856704345161],20,0.012225003852320776
9772,0.013336461592581193,0.0,4,10000,[118.6213207296033],[2072.1312392225864],[0.994856704345161],20,0.012225003852320776
9773,-0.010617395388884922,0.0,4,10000,[118.6213207296033],[2072.1312392225864],[0.994856704345161],20,0.012225003852320776
9774,0.020731951155328502,0.0,4,10000,[118.6213207296033],[2072.1312392225864],[0.994856704345161],20,0.012225003852320776
9775,-0.017383203907110362,0.0,4,10000,[118.6213207296033],[2072.1312392225864],[0.994856704345161],20,0.012225003852320776
9776,-0.015902426096016564,0.0,4,10000,[118.6213207296033],[2072.1312392225864],[0.994856704345161],20,0.012225003852320776
9777,0.008652537620985746,0.0,4,10000,[118.6213207296033],[2072.1312392225864],[0.994856704345161],20,0.012225003852320776
9778,-0.01206225300337532,0.0,4,10000,[118.6213207296033],[2072.1312392225864],[0.994856704345161],20,0.012225003852320776
9779,0.017927951556342407,0.0,4,10000,[118.6213207296033],[2072.1312392225864],[0.994856704345161],20,0.012225003852320776
9780,-0.010341646112383902,0.0,4,10000,[118.6213207296033],[2072.1312392225864],[0.994856704345161],20,0.012225003852320776
9781,-0.021510501016496666,0.0,4,10000,[118.6213207296033],[2072.1312392225864],[0.994856704345161],20,0.012225003852320776
9782,0.017809622283145747,0.0,4,10000,[118.6213207296033],[2072.1312392225864],[0.994856704345161],20,0.012225003852320776
9783,0.00807829075024509,0.0,4,10000,[118.6213207296033],[2072.1312392225864],[0.994856704345161],20,0.012225003852320776
9784,-0.004727282341684258,0.0,4,10000,[118.6213207296033],[2072.1312392225864],[0.994856704345161],20,0.012225003852320776
9785,0.024422375810152785,0.0,4,10000,[118.6213207296033],[2072.1312392225864],[0.994856704345161],20,0.012225003852320776
9786,-0.0031166526343702895,0.0,4,10000,[118.6213207296033],[2072.1312392225864],[0.994856704345161],20,0.012225003852320776
9787,-0.010513966508930914,0.0,4,10000,[118.6213207296033],[2072.1312392225864],[0.994856704345161],20,0.012225003852320776
9788,0.028676009838716886,0.0,4,10000,[118.6213207296033],[2072.1312392225864],[0.994856704345161],20,0.012225003852320776
9789,0.0008864973672325702,0.0,4,10000,[118.6213207296033],[2072.1312392225864],[0.994856704345161],20,0.012225003852320776
9790,-0.012270245455258781,0.0,4,10000,[118.6213207296033],[2072.1312392225864],[0.994856704345161],20,0.012225003852320776
9791,-0.01164829196002017,0.0,4,10000,[118.6213207296033],[2072.1312392225864],[0.994856704345161],20,0.012225003852320776
9792,0.009625478104922057,0.0,4,10000,[118.6213207296033],[2072.1312392225864],[0.994856704345161],20,0.012225003852320776
9793,-0.009115594328571234,0.0,4,10000,[118.6213207296033],[2072.1312392225864],[0.994856704345161],20,0.012225003852320776
9794,0.0117513482227168,0.0,4,10000,[118.6213207296033],[2072.1312392225864],[0.994856704345161],20,0.012225003852320776
9795,-0.005881120434595107,0.0,4,10000,[118.6213207296033],[2072.1312392225864],[0.994856704345161],20,0.012225003852320776
9796,0.000980726904938149,0.0,4,10000,[118.6213207296033],[2072.1312392225864],[0.994856704345161],20,0.012225003852320776
9797,0.0016992202718204552,0.0,4,10000,[118.6213207296033],[2072.1312392225864],[0.994856704345161],20,0.012225003852320776
9798,-0.003024599269771257,0.0,4,10000,[118.6213207296033],[2072.1312392225864],[0.994856704345161],20,0.012225003852320776
9799,0.013556169929893093,0.0,4,10000,[118.6213207296033],[2072.1312392225864],[0.994856704345161],20,0.012225003852320776
9800,0.004187637585372043,0.0,4,10000,[118.6213207296033],[2072.1312392225864],[0.994856704345161],20,0.012225003852320776
9801,0.006220123988555826,0.0,4,10000,[118.6213207296033],[2072.1312392225864],[0.994856704345161],20,0.012225003852320776
9802,0.0025285831180952966,0.0,4,10000,[118.6213207296033],[2072.1312392225864],[0.994856704345161],20,0.012225003852320776
9803,0.004126541868218179,0.0,4,10000,[118.6213207296033],[2072.1312392225864],[0.994856704345161],20,0.012225003852320776
9804,-0.01083583169327548,0.0,4,10000,[118.6213207296033],[2072.1312392225864],[0.994856704345161],20,0.012225003852320776
9805,0.0009643056439291444,0.0,4,10000,[118.6213207296033],[2072.1312392225864],[0.994856704345161],20,0.012225003852320776
9806,-0.011494810221196776,0.0,4,10000,[118.6213207296033],[2072.1312392225864],[0.994856704345161],20,0.012225003852320776
9807,0.009098353151299888,0.0,4,10000,[118.6213207296033],[2072.1312392225864],[0.994856704345161],20,0.012225003852320776
9808,-0.007800093903873057,0.0,4,10000,[118.6213207296033],[2072.1312392225864],[0.994856704345161],20,0.012225003852320776
9809,0.0005994918248678355,0.0,4,10000,[118.6213207296033],[2072.1312392225864],[0.994856704345161],20,0.012225003852320776
9810,0.00219669863419613,0.0,4,10000,[118.6213207296033],[2072.1312392225864],[0.994856704345161],20,0.012225003852320776
9811,-0.0102394624557283,0.0,4,10000,[118.6213207296033],[2072.1312392225864],[0.994856704345161],20,0.012225003852320776
9812,0.012726302147904411,0.0,4,10000,[118.6213207296033],[2072.1312392225864],[0.994856704345161],20,0.012225003852320776
9813,-0.0017829992219553848,0.0,4,10000,[118.6213207296033],[2072.1312392225864],[0.994856704345161],20,0.012225003852320776
9814,-0.008785079810974816,0.0,4,10000,[118.6213207296033],[2072.1312392225864],[0.994856704345161],20,0.012225003852320776
9815,-0.01716676550004807,0.0,4,10000,[118.6213207296033],[2072.1312392225864],[0.994856704345161],20,0.012225003852320776
9816,0.0009084210990610537,0.0,4,10000,[118.6213207296033],[2072.1312392225864],[0.994856704345161],20,0.012225003852320776
9817,-0.013611711734053584,0.0,4,10000,[118.6213207296033],[2072.1312392225864],[0.994856704345161],20,0.012225003852320776
9818,0.011229167329850166,0.0,4,10000,[118.6213207296033],[2072.1312392225864],[0.994856704345161],20,0.012225003852320776
9819,0.02067433536494218,0.0,4,10000,[118.6213207296033],[2072.1312392225864],[0.994856704345161],20,0.012225003852320776
9820,0.008237565350589542,0.0,4,10000,[118.6213207296033],[2072.1312392225864],[0.994856704345161],20,0.012225003852320776
9821,-0.0066191139920058276,0.0,4,10000,[118.6213207296033],[2072.1312392225864],[0.994856704345161],20,0.012225003852320776
9822,0.011020430587001783,0.0,4,10000,[118.6213207296033],[2072.1312392225864],[0.994856704345161],20,0.012225003852320776
9823,-0.013341968962383956,0.0,4,10000,[118.6213207296033],[2072.1312392225864],[0.994856704345161],20,0.012225003852320776
9824,0.010661805599432124,0.0,4,10000,[118.6213207296033],[2072.1312392225864],[0.994856704345161],20,0.012225003852320776
9825,-0.00023731777349331938,0.0,4,10000,[118.6213207296033],[2072.1312392225864],[0.994856704345161],20,0.012225003852320776
9826,-0.006103866408679568,0.0,4,10000,[118.6213207296033],[2072.1312392225864],[0.994856704345161],20,0.012225003852320776
9827,-0.007982998233848309,0.0,4,10000,[118.6213207296033],[2072.1312392225864],[0.994856704345161],20,0.012225003852320776
9828,-0.009412448543165471,0.0,4,10000,[118.6213207296033],[2072.1312392225864],[0.994856704345161],20,0.012225003852320776
9829,-0.010880539340361867,0.0,4,10000,[118.6213207296033],[2072.1312392225864],[0.994856704345161],20,0.012225003852320776
9830,-0.0044403451595255855,0.0,4,10000,[118.6213207296033],[2072.1312392225864],[0.994856704345161],20,0.012225003852320776
9831,0.014336205726986977,0.0,4,10000,[118.6213207296033],[2072.1312392225864],[0.994856704345161],20,0.012225003852320776
9832,0.013829130694527174,0.0,4,10000,[118.6213207296033],[2072.1312392225864],[0.994856704345161],20,0.012225003852320776
9833,-0.01153049624260224,0.0,4,10000,[118.6213207296033],[2072.1312392225864],[0.994856704345161],20,0.012225003852320776
9834,0.01562269197272026,0.0,4,10000,[118.6213207296033],[2072.1312392225864],[0.994856704345161],20,0.012225003852320776
9835,0.0017946338875276622,0.0,4,10000,[118.6213207296033],[2072.1312392225864],[0.994856704345161],20,0.012225003852320776
9836,-0.00572213400971253,0.0,4,10000,[118.6213207296033],[2072.1312392225864],[0.994856704345161],20,0.012225003852320776
9837,-0.0154435464256698,0.0,4,10000,[118.6213207296033],[2072.1312392225864],[0.994856704345161],20,0.012225003852320776
9838,0.005764463853186149,0.0,4,10000,[118.6213207296033],[2072.1312392225864],[0.994856704345161],20,0.012225003852320776
9839,0.0022153549633716083,0.0,4,10000,[118.6213207296033],[2072.1312392225864],[0.994856704345161],20,0.012225003852320776
9840,0.013158599427000343,0.0,4,10000,[118.6213207296033],[2072.1312392225864],[0.994856704345161],20,0.012225003852320776
9841,-0.008871311198701987,0.0,4,10000,[118.6213207296033],[2072.1312392225864],[0.994856704345161],20,0.012225003852320776
9842,0.010576254864429084,0.0,4,10000,[118.6213207296033],[2072.1312392225864],[0.994856704345161],20,0.012225003852320776
9843,-0.00031172635149680786,0.0,4,10000,[118.6213207296033],[2072.1312392225864],[0.994856704345161],20,0.012225003852320776
9844,0.012725416306025476,0.0,4,10000,[118.6213207296033],[2072.1312392225864],[0.994856704345161],20,0.012225003852320776
9845,0.02052987316903562,0.0,4,10000,[118.6213207296033],[2072.1312392225864],[0.994856704345161],20,0.012225003852320776
9846,0.005244199874707907,0.0,4,10000,[118.6213207296033],[2072.1312392225864],[0.994856704345161],20,0.012225003852320776
9847,-0.002367568579480477,0.0,4,10000,[118.6213207296033],[2072.1312392225864],[0.994856704345161],20,0.012225003852320776
9848,-0.01345490822148462,0.0,4,10000,[118.6213207296033],[2072.1312392225864],[0.994856704345161],20,0.012225003852320776
9849,0.004476582452220176,0.0,4,10000,[118.6213207296033],[2072.1312392225864],[0.994856704345161],20,0.012225003852320776
9850,-0.0033463432260582688,0.0,4,10000,[118.6213207296033],[2072.1312392225864],[0.994856704345161],20,0.012225003852320776
9851,-0.03306240331317704,0.0,4,10000,[118.6213207296033],[2072.1312392225864],[0.994856704345161],20,0.012225003852320776
9852,-0.004702580084270827,0.0,4,10000,[118.6213207296033],[2072.1312392225864],[0.994856704345161],20,0.012225003852320776
9853,0.022137482247604975,0.0,4,10000,[118.6213207296033],[2072.1312392225864],[0.994856704345161],20,0.012225003852320776
9854,-0.004603994574100718,0.0,4,10000,[118.6213207296033],[2072.1312392225864],[0.994856704345161],20,0.012225003852320776
9855,0.009423523773412108,0.0,4,10000,[118.6213207296033],[2072.1312392225864],[0.994856704345161],20,0.012225003852320776
9856,-0.007922209104732278,0.0,4,10000,[118.6213207296033],[2072.1312392225864],[0.994856704345161],20,0.012225003852320776
9857,0.011697174010191866,0.0,4,10000,[118.6213207296033],[2072.1312392225864],[0.994856704345161],20,0.012225003852320776
9858,-0.010011926235204204,0.0,4,10000,[118.6213207296033],[2072.1312392225864],[0.994856704345161],20,0.012225003852320776
9859,0.0010331366208405502,0.0,4,10000,[118.6213207296033],[2072.1312392225864],[0.994856704345161],20,0.012225003852320776
9860,-0.007118313358077495,0.0,4,10000,[118.6213207296033],[2072.1312392225864],[0.994856704345161],20,0.012225003852320776
9861,0.022635435185421857,0.0,4,10000,[118.6213207296033],[2072.1312392225864],[0.994856704345161],20,0.012225003852320776
9862,-0.011443645815992153,0.0,4,10000,[118.6213207296033],[2072.1312392225864],[0.994856704345161],20,0.012225003852320776
9863,-0.0020696292966876045,0.0,4,10000,[118.6213207296033],[2072.1312392225864],[0.994856704345161],20,0.012225003852320776
9864,0.000724018329189851,0.0,4,10000,[118.6213207296033],[2072.1312392225864],[0.994856704345161],20,0.012225003852320776
9865,0.011655965866462172,0.0,4,10000,[118.6213207296033],[2072.1312392225864],[0.994856704345161],20,0.012225003852320776
9866,0.01527880281808016,0.0,4,10000,[118.6213207296033],[2072.1312392225864],[0.994856704345161],20,0.012225003852320776
9867,0.009245462531069755,0.0,4,10000,[118.6213207296033],[2072.1312392225864],[0.994856704345161],20,0.012225003852320776
9868,-0.00020525467393412274,0.0,4,10000,[118.6213207296033],[2072.1312392225864],[0.994856704345161],20,0.012225003852320776
9869,0.008934002023333725,0.0,4,10000,[118.6213207296033],[2072.1312392225864],[0.994856704345161],20,0.012225003852320776
9870,-0.01094083868381131,0.0,4,10000,[118.6213207296033],[2072.1312392225864],[0.994856704345161],20,0.012225003852320776
9871,0.0006323298806136161,0.0,4,10000,[118.6213207296033],[2072.1312392225864],[0.994856704345161],20,0.012225003852320776
9872,-0.002731667193656606,0.0,4,10000,[118.6213207296033],[2072.1312392225864],[0.994856704345161],20,0.012225003852320776
9873,0.004322277239499492,0.0,4,10000,[118.6213207296033],[2072.1312392225864],[0.994856704345161],20,0.012225003852320776
9874,-0.014680844073834222,0.0,4,10000,[118.6213207296033],[2072.1312392225864],[0.994856704345161],20,0.012225003852320776
9875,-0.00197792550481648,0.0,4,10000,[118.6213207296033],[2072.1312392225864],[0.994856704345161],20,0.012225003852320776
9876,0.018805868801299787,0.0,4,10000,[118.6213207296033],[2072.1312392225864],[0.994856704345161],20,0.012225003852320776
9877,-0.012795098794485937,0.0,4,10000,[118.6213207296033],[2072.1312392225864],[0.994856704345161],20,0.012225003852320776
9878,-0.002266844329792191,0.0,4,10000,[118.6213207296033],[2072.1312392225864],[0.994856704345161],20,0.012225003852320776
9879,0.005264973656311818,0.0,4,10000,[118.6213207296033],[2072.1312392225864],[0.994856704345161],20,0.012225003852320776
9880,0.010533041960579276,0.0,4,10000,[118.6213207296033],[2072.1312392225864],[0.994856704345161],20,0.012225003852320776
9881,0.01825175588183128,0.0,4,10000,[118.6213207296033],[2072.1312392225864],[0.994856704345161],20,0.012225003852320776
9882,0.010581388615556476,0.0,4,10000,[118.6213207296033],[2072.1312392225864],[0.994856704345161],20,0.012225003852320776
9883,0.00444288226751941,0.0,4,10000,[118.6213207296033],[2072.1312392225864],[0.994856704345161],20,0.012225003852320776
9884,-0.0019776739729840767,0.0,4,10000,[118.6213207296033],[2072.1312392225864],[0.994856704345161],20,0.012225003852320776
9885,0.002195641655504716,0.0,4,10000,[118.6213207296033],[2072.1312392225864],[0.994856704345161],20,0.012225003852320776
9886,0.0044090032346341046,0.0,4,10000,[118.6213207296033],[2072.1312392225864],[0.994856704345161],20,0.012225003852320776
9887,-0.001763672437466455,0.0,4,10000,[118.6213207296033],[2072.1312392225864],[0.994856704345161],20,0.012225003852320776
9888,0.008948339323182107,0.0,4,10000,[118.6213207296033],[2072.1312392225864],[0.994856704345161],20,0.012225003852320776
9889,0.003958545642195889,0.0,4,10000,[118.6213207296033],[2072.1312392225864],[0.994856704345161],20,0.012225003852320776
9890,-0.01525435676318364,0.0,4,10000,[118.6213207296033],[2072.1312392225864],[0.994856704345161],20,0.012225003852320776
9891,-0.016519145836130643,0.0,4,10000,[118.6213207296033],[2072.1312392225864],[0.994856704345161],20,0.012225003852320776
9892,-0.010096988533993885,0.0,4,10000,[118.6213207296033],[2072.1312392225864],[0.994856704345161],20,0.012225003852320776
9893,-0.0013611850712207981,0.0,4,10000,[118.6213207296033],[2072.1312392225864],[0.994856704345161],20,0.012225003852320776
9894,-0.0016984719388283044,0.0,4,10000,[118.6213207296033],[2072.1312392225864],[0.994856704345161],20,0.012225003852320776
9895,0.018776385620531227,0.0,4,10000,[118.6213207296033],[2072.1312392225864],[0.994856704345161],20,0.012225003852320776
9896,-0.0017907214029390375,0.0,4,10000,[118.6213207296033],[2072.1312392225864],[0.994856704345161],20,0.012225003852320776
9897,-0.014845116329053602,0.0,4,10000,[118.6213207296033],[2072.1312392225864],[0.994856704345161],20,0.012225003852320776
9898,0.001864843159727302,0.0,4,10000,[118.6213207296033],[2072.1312392225864],[0.994856704345161],20,0.012225003852320776
9899,-0.0031761761113437825,0.0,4,10000,[118.6213207296033],[2072.1312392225864],[0.994856704345161],20,0.012225003852320776
9900,0.008876358753485013,0.0,4,10000,[118.6213207296033],[2072.1312392225864],[0.994856704345161],20,0.012225003852320776
9901,0.00175751703198558,0.0,4,10000,[118.6213207296033],[2072.1312392225864],[0.994856704345161],20,0.012225003852320776
9902,0.0027831590011479024,0.0,4,10000,[118.6213207296033],[2072.1312392225864],[0.994856704345161],20,0.012225003852320776
9903,0.009124318213992245,0.0,4,10000,[118.6213207296033],[2072.1312392225864],[0.994856704345161],20,0.012225003852320776
9904,-0.005534302775176432,0.0,4,10000,[118.6213207296033],[2072.1312392225864],[0.994856704345161],20,0.012225003852320776
9905,-0.0005659006220174806,0.0,4,10000,[118.6213207296033],[2072.1312392225864],[0.994856704345161],20,0.012225003852320776
9906,-0.00764431834271212,0.0,4,10000,[118.6213207296033],[2072.1312392225864],[0.994856704345161],20,0.012225003852320776
9907,0.008845704872005079,0.0,4,10000,[118.6213207296033],[2072.1312392225864],[0.994856704345161],20,0.012225003852320776
9908,0.011944966209108728,0.0,4,10000,[118.6213207296033],[2072.1312392225864],[0.994856704345161],20,0.012225003852320776
9909,-0.001998336621673943,0.0,4,10000,[118.6213207296033],[2072.1312392225864],[0.994856704345161],20,0.012225003852320776
9910,0.02068305141380816,0.0,4,10000,[118.6213207296033],[2072.1312392225864],[0.994856704345161],20,0.012225003852320776
9911,0.013053208201744512,0.0,4,10000,[118.6213207296033],[2072.1312392225864],[0.994856704345161],20,0.012225003852320776
9912,-0.010750861344131077,0.0,4,10000,[118.6213207296033],[2072.1312392225864],[0.994856704345161],20,0.012225003852320776
9913,-0.024465953285703352,0.0,4,10000,[118.6213207296033],[2072.1312392225864],[0.994856704345161],20,0.012225003852320776
9914,0.007529507419493481,0.0,4,10000,[118.6213207296033],[2072.1312392225864],[0.994856704345161],20,0.012225003852320776
9915,-0.0012261450187572487,0.0,4,10000,[118.6213207296033],[2072.1312392225864],[0.994856704345161],20,0.012225003852320776
9916,-0.012938490938864235,0.0,4,10000,[118.6213207296033],[2072.1312392225864],[0.994856704345161],20,0.012225003852320776
9917,-0.0082408628261609,0.0,4,10000,[118.6213207296033],[2072.1312392225864],[0.994856704345161],20,0.012225003852320776
9918,0.01438856590822351,0.0,4,10000,[118.6213207296033],[2072.1312392225864],[0.994856704345161],20,0.012225003852320776
9919,-0.014728972381775455,0.0,4,10000,[118.6213207296033],[2072.1312392225864],[0.994856704345161],20,0.012225003852320776
9920,0.008781705416309259,0.0,4,10000,[118.6213207296033],[2072.1312392225864],[0.994856704345161],20,0.012225003852320776
9921,-0.01815439073320335,0.0,4,10000,[118.6213207296033],[2072.1312392225864],[0.994856704345161],20,0.012225003852320776
9922,-0.0033527378064309495,0.0,4,10000,[118.6213207296033],[2072.1312392225864],[0.994856704345161],20,0.012225003852320776
9923,0.003482576314622328,0.0,4,10000,[118.6213207296033],[2072.1312392225864],[0.994856704345161],20,0.012225003852320776
9924,0.004071783876205999,0.0,4,10000,[118.6213207296033],[2072.1312392225864],[0.994856704345161],20,0.012225003852320776
9925,-0.0057004572143003395,0.0,4,10000,[118.6213207296033],[2072.1312392225864],[0.994856704345161],20,0.012225003852320776
9926,-0.010337929102774375,0.0,4,10000,[118.6213207296033],[2072.1312392225864],[0.994856704345161],20,0.012225003852320776
9927,-0.013432478184725063,0.0,4,10000,[118.6213207296033],[2072.1312392225864],[0.994856704345161],20,0.012225003852320776
9928,-0.005846926943667467,0.0,4,10000,[118.6213207296033],[2072.1312392225864],[0.994856704345161],20,0.012225003852320776
9929,0.0034760863405479334,0.0,4,10000,[118.6213207296033],[2072.1312392225864],[0.994856704345161],20,0.012225003852320776
9930,-9.212068943244164e-05,0.0,4,10000,[118.6213207296033],[2072.1312392225864],[0.994856704345161],20,0.012225003852320776
9931,0.016652430317191973,0.0,4,10000,[118.6213207296033],[2072.1312392225864],[0.994856704345161],20,0.012225003852320776
9932,0.010054111121913904,0.0,4,10000,[118.6213207296033],[2072.1312392225864],[0.994856704345161],20,0.012225003852320776
9933,-0.0016274424566389434,0.0,4,10000,[118.6213207296033],[2072.1312392225864],[0.994856704345161],20,0.012225003852320776
9934,-0.006707734786155486,0.0,4,10000,[118.6213207296033],[2072.1312392225864],[0.994856704345161],20,0.012225003852320776
9935,0.0011652575051856314,0.0,4,10000,[118.6213207296033],[2072.1312392225864],[0.994856704345161],20,0.012225003852320776
9936,-0.003851691328915907,0.0,4,10000,[118.6213207296033],[2072.1312392225864],[0.994856704345161],20,0.012225003852320776
9937,-0.011737334012181832,0.0,4,10000,[118.6213207296033],[2072.1312392225864],[0.994856704345161],20,0.012225003852320776
9938,-0.015662289269911707,0.0,4,10000,[118.6213207296033],[2072.1312392225864],[0.994856704345161],20,0.012225003852320776
9939,-0.0035138829477362296,0.0,4,10000,[118.6213207296033],[2072.1312392225864],[0.994856704345161],20,0.012225003852320776
9940,-0.0075216404608333355,0.0,4,10000,[118.6213207296033],[2072.1312392225864],[0.994856704345161],20,0.012225003852320776
9941,-0.005545415659554259,0.0,4,10000,[118.6213207296033],[2072.1312392225864],[0.994856704345161],20,0.012225003852320776
9942,-0.0036735182776663185,0.0,4,10000,[118.6213207296033],[2072.1312392225864],[0.994856704345161],20,0.012225003852320776
9943,0.014999162881870271,0.0,4,10000,[118.6213207296033],[2072.1312392225864],[0.994856704345161],20,0.012225003852320776
9944,-0.018928299104300692,0.0,4,10000,[118.6213207296033],[2072.1312392225864],[0.994856704345161],20,0.012225003852320776
9945,0.010159259808122519,0.0,4,10000,[118.6213207296033],[2072.1312392225864],[0.994856704345161],20,0.012225003852320776
9946,0.01672365204768234,0.0,4,10000,[118.6213207296033],[2072.1312392225864],[0.994856704345161],20,0.012225003852320776
9947,-0.005233140180826753,0.0,4,10000,[118.6213207296033],[2072.1312392225864],[0.994856704345161],20,0.012225003852320776
9948,-0.010042944405231985,0.0,4,10000,[118.6213207296033],[2072.1312392225864],[0.994856704345161],20,0.012225003852320776
9949,0.015766965535633736,0.0,4,10000,[118.6213207296033],[2072.1312392225864],[0.994856704345161],20,0.012225003852320776
9950,-0.012723360970176513,0.0,4,10000,[118.6213207296033],[2072.1312392225864],[0.994856704345161],20,0.012225003852320776
9951,-0.0017738058793244273,0.0,4,10000,[118.6213207296033],[2072.1312392225864],[0.994856704345161],20,0.012225003852320776
9952,0.0039992139302388605,0.0,4,10000,[118.6213207296033],[2072.1312392225864],[0.994856704345161],20,0.012225003852320776
9953,0.004911596676702044,0.0,4,10000,[118.6213207296033],[2072.1312392225864],[0.994856704345161],20,0.012225003852320776
9954,-0.007089720075658611,0.0,4,10000,[118.6213207296033],[2072.1312392225864],[0.994856704345161],20,0.012225003852320776
9955,-0.01866961982711158,0.0,4,10000,[118.6213207296033],[2072.1312392225864],[0.994856704345161],20,0.012225003852320776
9956,-0.004379830819356353,0.0,4,10000,[118.6213207296033],[2072.1312392225864],[0.994856704345161],20,0.012225003852320776
9957,-0.001733065286415432,0.0,4,10000,[118.6213207296033],[2072.1312392225864],[0.994856704345161],20,0.012225003852320776
9958,0.012318834735001729,0.0,4,10000,[118.6213207296033],[2072.1312392225864],[0.994856704345161],20,0.012225003852320776
9959,-0.015336540913982549,0.0,4,10000,[118.6213207296033],[2072.1312392225864],[0.994856704345161],20,0.012225003852320776
9960,-0.01816005636346075,0.0,4,10000,[118.6213207296033],[2072.1312392225864],[0.994856704345161],20,0.012225003852320776
9961,-0.010239571337346732,0.0,4,10000,[118.6213207296033],[2072.1312392225864],[0.994856704345161],20,0.012225003852320776
9962,-0.012834913720219592,0.0,4,10000,[118.6213207296033],[2072.1312392225864],[0.994856704345161],20,0.012225003852320776
9963,-0.018047865962398782,0.0,4,10000,[118.6213207296033],[2072.1312392225864],[0.994856704345161],20,0.012225003852320776
9964,-0.010412602764560972,0.0,4,10000,[118.6213207296033],[2072.1312392225864],[0.994856704345161],20,0.012225003852320776
9965,0.010703821099691159,0.0,4,10000,[118.6213207296033],[2072.1312392225864],[0.994856704345161],20,0.012225003852320776
9966,-0.01089678631172893,0.0,4,10000,[118.6213207296033],[2072.1312392225864],[0.994856704345161],20,0.012225003852320776
9967,0.0037065467290102994,0.0,4,10000,[118.6213207296033],[2072.1312392225864],[0.994856704345161],20,0.012225003852320776
9968,0.0009129490753763585,0.0,4,10000,[118.6213207296033],[2072.1312392225864],[0.994856704345161],20,0.012225003852320776
9969,-0.004826914058215751,0.0,4,10000,[118.6213207296033],[2072.1312392225864],[0.994856704345161],20,0.012225003852320776
9970,0.01761747777887744,0.0,4,10000,[118.6213207296033],[2072.1312392225864],[0.994856704345161],20,0.012225003852320776
9971,-0.012985682990958465,0.0,4,10000,[118.6213207296033],[2072.1312392225864],[0.994856704345161],20,0.012225003852320776
9972,-0.01926088798414747,0.0,4,10000,[118.6213207296033],[2072.1312392225864],[0.994856704345161],20,0.012225003852320776
9973,0.02317186597213958,0.0,4,10000,[118.6213207296033],[2072.1312392225864],[0.994856704345161],20,0.012225003852320776
9974,0.005150896485332311,0.0,4,10000,[118.6213207296033],[2072.1312392225864],[0.994856704345161],20,0.012225003852320776
9975,-0.002276230335744776,0.0,4,10000,[118.6213207296033],[2072.1312392225864],[0.994856704345161],20,0.012225003852320776
9976,7.191502201839884e-05,0.0,4,10000,[118.6213207296033],[2072.1312392225864],[0.994856704345161],20,0.012225003852320776
9977,0.007271939735613006,0.0,4,10000,[118.6213207296033],[2072.1312392225864],[0.994856704345161],20,0.012225003852320776
9978,-0.010987435502758562,0.0,4,10000,[118.6213207296033],[2072.1312392225864],[0.994856704345161],20,0.012225003852320776
9979,-0.007142315671937232,0.0,4,10000,[118.6213207296033],[2072.1312392225864],[0.994856704345161],20,0.012225003852320776
9980,-0.01718452562899433,0.0,4,10000,[118.6213207296033],[2072.1312392225864],[0.994856704345161],20,0.012225003852320776
9981,-0.009802984543775114,0.0,4,10000,[118.6213207296033],[2072.1312392225864],[0.994856704345161],20,0.012225003852320776
9982,0.0039607273689213655,0.0,4,10000,[118.6213207296033],[2072.1312392225864],[0.994856704345161],20,0.012225003852320776
9983,0.006313737090275218,0.0,4,10000,[118.6213207296033],[2072.1312392225864],[0.994856704345161],20,0.012225003852320776
9984,0.010467655468263825,0.0,4,10000,[118.6213207296033],[2072.1312392225864],[0.994856704345161],20,0.012225003852320776
9985,-0.0020478999771303737,0.0,4,10000,[118.6213207296033],[2072.1312392225864],[0.994856704345161],20,0.012225003852320776
9986,0.0032266317709319942,0.0,4,10000,[118.6213207296033],[2072.1312392225864],[0.994856704345161],20,0.012225003852320776
9987,0.0005834744642526723,0.0,4,10000,[118.6213207296033],[2072.1312392225864],[0.994856704345161],20,0.012225003852320776
9988,-0.0023795237188423764,0.0,4,10000,[118.6213207296033],[2072.1312392225864],[0.994856704345161],20,0.012225003852320776
9989,-0.009766933415547994,0.0,4,10000,[118.6213207296033],[2072.1312392225864],[0.994856704345161],20,0.012225003852320776
9990,-0.004861505219323997,0.0,4,10000,[118.6213207296033],[2072.1312392225864],[0.994856704345161],20,0.012225003852320776
9991,0.015955695926195564,0.0,4,10000,[118.6213207296033],[2072.1312392225864],[0.994856704345161],20,0.012225003852320776
9992,-0.022469533676987112,0.0,4,10000,[118.6213207296033],[2072.1312392225864],[0.994856704345161],20,0.012225003852320776
9993,-0.008314346156515525,0.0,4,10000,[118.6213207296033],[2072.1312392225864],[0.994856704345161],20,0.012225003852320776
9994,-0.017465531651854153,0.0,4,10000,[118.6213207296033],[2072.1312392225864],[0.994856704345161],20,0.012225003852320776
9995,-0.012336180111427281,0.0,4,10000,[118.6213207296033],[2072.1312392225864],[0.994856704345161],20,0.012225003852320776
9996,0.008353638067918882,0.0,4,10000,[118.6213207296033],[2072.1312392225864],[0.994856704345161],20,0.012225003852320776
9997,-0.012298786019851411,0.0,4,10000,[118.6213207296033],[2072.1312392225864],[0.994856704345161],20,0.012225003852320776
9998,-0.003411730777054055,0.0,4,10000,[118.6213207296033],[2072.1312392225864],[0.994856704345161],20,0.012225003852320776
9999,-0.002536651454548493,0.0,4,10000,[118.6213207296033],[2072.1312392225864],[0.994856704345161],20,0.012225003852320776
